x,y,feature0,feature1,feature2,feature3,feature4,feature5,feature6,feature7,feature8,feature9,feature10,feature11,feature12
0,0,-0.6627799134727812,-1.5293708680469849,0.6899833174837655,0.8200373343156077,-0.9299845832286056,0.3015474958346101,-0.9944891443206768,1.968895086580906,-1.1376639680496596,-0.369090592320353,-0.10240188498124814,-0.4439013379115658,-0.8164593377601604
0,100,0.7772353309654141,-0.8661393051778139,0.3581073895421768,-0.13682506178308002,0.515786117014541,-0.07414018396532747,0.47732386627926277,0.1910386566848755,-0.18195109742399876,-0.2539486935010201,0.8247057864237706,-0.5567790161716478,-0.02299543955696596
0,200,0.7291813308013744,0.5276581654493503,-0.36269325655925505,-0.4818988154682113,0.5286445561503776,0.24410925470650757,0.6052845268918333,0.39835168985307096,-0.6983411777828766,-0.39844043021043424,1.456179738592536,-1.2384771614624202,0.2226223313255334
0,300,0.16346540978322738,0.3561680469646837,0.5336325269583377,0.19341171646956745,-0.4479184241033389,0.06735813647688557,0.7869609285242886,-0.30183727128547877,-0.8607647111870104,-0.7044876253309053,0.8969408958730748,-0.21808096518447795,0.5242421487870464
0,400,0.5424268599592339,0.05176707761872945,0.15415779756444345,0.21420057368301315,0.1352566535231728,-0.028124084472872367,0.5769020383726081,-0.44945598714081,-1.0915856731543023,0.683491985549551,-0.2520352833934561,0.01354776702005712,0.40285270859116346
0,500,0.6581796391192107,0.6382723569835811,0.9773486258377345,0.36979826658538106,0.10136994756349708,-0.26721541055710374,1.4639680260773393,-1.9514608163335354,0.17207362530011897,1.016907788218797,1.304992231593675,-0.7768052300104654,0.9031061666565577
0,600,1.05398557995897,1.4545469237063902,0.8485392628343869,0.41739019478531564,0.22628330491375542,-1.1917511726479537,1.3639786432648253,-1.7167614710277077,0.25478290612091725,1.5013437544285808,1.2612327519345543,-0.7775750800487156,1.4542314874961115
0,700,1.246234324905864,1.0602160859324867,0.7559897355350771,0.18794292003731028,0.4052518192168386,-1.0470019719926544,1.6513523838200728,-1.1498977415777736,-0.29821798124681265,1.6166404910620815,1.6228650393892405,-0.8032659608698826,2.0060431876251545
0,800,2.048299448666627,0.6111633743745362,-0.33538671629750766,-0.5478609761994115,1.30088615676697,-1.2052759094765224,0.6673797443726933,-0.7214834798477454,0.7821995609770512,1.274023965486556,1.318112682706223,-1.2903185843619744,2.1715747676020487
0,900,0.8345846698153028,1.3638882037791187,1.3795128801842962,-0.21436517606478553,0.888637864529291,-1.093557661180842,0.5052549261982944,-1.627988743589198,1.0141499520010664,1.4038057283208845,0.7216212425243875,-1.1680857020553026,1.9208650132723541
0,1000,0.9328419901428414,1.4006749615348255,0.8926929339036053,-0.8568072286379028,0.6262000498289226,-0.8748453889582558,1.1553265206311394,-1.4483839249676356,1.7800353560852595,1.9300686980441373,0.6472503314041876,-1.6883067160768304,1.6671265238840163
0,1100,1.8834628308854722,0.9924324574609136,0.9673589412471261,-1.4644891933367254,1.0301025619861068,-1.857951691455846,0.9544192846641965,-1.2226162716162943,1.8086513258400294,1.7177503446447535,1.404555015989124,-0.7265521815921473,1.545984775499926
0,1200,0.9860463787747653,0.9691590054098033,0.7173465645317548,-0.9373870554405564,0.4877126773010859,-1.2174659994398722,1.5577111984423389,-1.3251777494810335,1.1321070297763436,1.324499013046756,1.2575676921806278,-1.1823068920765545,1.1849812614265014
0,1300,1.9465844741417717,1.2402641715402876,1.3743349225403645,-0.4932759774822748,1.2971744964236727,-1.4249636930255927,1.7396757439536459,-1.0496410274011199,1.6916107191032368,1.9174895851889384,1.7880816955729777,-1.0213038100303067,1.4875939763580626
0,1400,1.1863495314215484,0.9790977953931908,1.3653782119527356,-1.1655019476573942,1.06697416605297,-1.139453847877668,1.3661708087316815,-0.714948651599342,1.9168546537378661,1.32925582424739,1.7867340499502307,-0.5157121407368902,2.333634361645355
0,1500,1.4554075322394369,1.6924217355561184,1.104954659259523,-0.7367552112429004,1.1649834197844473,-0.8757372874022177,1.402481497399977,-0.5335217793274808,1.4663714337205418,0.8865500942328796,1.4358463098505267,-1.0084509655923677,1.580475776368972
0,1600,1.1809054638556404,0.9390408513902291,0.46431650422627685,-0.9905214214203159,1.0711503668975466,-0.8518228090984219,1.119882164313025,-0.8735432370397294,1.2861454603196056,-0.3044318797132162,1.2046195666375754,-1.3930085017049527,-0.011276693562162298
0,1700,0.45984401490521665,1.4330958963274891,0.47036542588141395,-1.01103474512596,0.4921331455571425,-0.03982070239344592,0.8462651527838484,-1.0524836487928615,1.599185074127133,-0.5116891191593176,0.5445865851478471,-1.0706229877574456,-0.23782703265695804
0,1800,0.7351706170217989,1.1462523610006055,0.02066518422080572,-0.6237300614464117,0.21143112848095771,-0.7161538233163884,0.9552434802717651,-0.34040808711308773,1.2648702615679386,-0.6136263240696379,-0.04174771067869983,-0.7250228199652893,-0.8863695848894757
0,1900,0.4683477220980725,0.10835462657843886,-1.4547790629601074,-0.9885702620287105,0.5300270283322569,0.602952819273346,0.5725539379403518,-0.7763177423217706,0.24349078743718514,-0.8733092741687686,-0.02019492704053166,-1.0652654463971738,-0.3660521328920021
0,2000,0.3195063235656428,0.2234950779678874,-1.286942426332232,-0.37257931927017884,1.1576584494512203,0.4591055081217135,0.47739594089999576,-0.37465447528394596,0.6905307565802877,-1.3608008391475874,0.13169395019401645,-1.4013060366946974,-1.3843820749460856
0,2100,-0.3033702459671541,0.6008382692826818,-0.5571591360535059,0.44370999477091744,1.0578582523913758,0.5635866836799925,0.01599862069286985,-0.3455467532950101,-0.8035311817351567,-0.2846318498473679,-0.1032311259456879,-1.3102983416014784,-0.7988128359609648
0,2200,0.3058626699229519,0.22485078859742677,-1.161568253222788,-0.027980506749057447,0.1947363481764441,-0.9329557044588643,0.5760646063595743,-0.4186977787244383,-0.536676448819734,-0.48512151149383903,0.5371075537329767,-1.6674187875338933,-0.7635622909794073
0,2300,-0.0946433785073178,1.2669341373358687,-0.10467321102640587,-0.30103870288381296,0.4920363030263678,-0.009552612225214478,-0.3135758685236069,0.08513889139109856,-0.5855863171416776,0.11371070229780937,-0.11136973547567668,-0.9568635464117643,-1.0751347640746434
0,2400,0.06531020036865665,-0.041101920940198884,-0.9825060073732234,0.5493361879166693,-0.3414646806966534,-0.9963971028427919,-0.3857370288485586,0.08105058910062819,-0.640456806552666,0.12433070269153793,0.1586791876665056,-1.5744318660692511,-1.3776143047670324
0,2500,0.7978854586080162,-0.4729831971386279,0.470429196689323,0.16714449994696934,0.4264903055730954,-0.8301130487236852,0.203116971889671,-0.6814160805285008,-0.8649130149912958,-0.43526571497054956,1.3590166287906655,-1.1600185648666774,-0.17338054838209352
0,2600,0.958497075524164,0.010093782019719347,0.8606532826616644,1.0736513087754438,0.42347718639250226,-0.8277291786176593,0.6539475834181748,-0.18311253337260563,0.42306834626272743,-0.1557815072289506,0.672519362352239,-0.6766164660104117,0.49703280738311734
0,2700,0.8017757378120077,0.8915448137090793,0.7393311367759651,1.9549386551436114,1.0581257539851543,-0.7937144953937747,0.5351482209543024,0.0623528486676415,-0.1193494592944973,-0.21552599679423398,1.0749811544872065,-1.027424063710138,0.19398362202454536
0,2800,0.8761462808709236,0.8259610565795703,0.39620206125638896,0.9572734430514439,0.5297832471812484,-0.35784564387597195,-0.4713308281297204,-0.31431117354699745,-0.2272926160020723,0.3352450719747336,0.8932068710545651,0.16277204381056795,-0.16166478295516104
0,2900,-0.49782434568738027,0.43534673840130805,-0.7619625352726412,1.6226331689035824,-0.37233544827328446,0.17910543708405424,-1.1045468791199822,0.33241030990117254,0.5026203788354394,0.7975856180817832,-1.2570279961340705,0.28080498661141934,-0.7017404810216165
0,3000,-0.23434115848771758,-0.4037286182319958,-0.1802420505263885,1.8139995703132386,0.2951156823536284,-0.4799313925794347,-0.2212382082556211,-0.518206432278376,-0.6735321660180159,0.06551836931247551,0.32900050613674114,1.6024470610083663,-0.4845309080271022
0,3100,0.37123799960494214,-1.1148544371408189,1.052025345170128,0.5594913236026039,-0.6223841380367849,0.5239787776685466,-0.2438498209370119,-1.3139138688299354,-0.5846031555667996,-0.1179457077519257,1.0446513655347527,0.3142910008277146,-0.868452880303529
0,3200,0.2618781167894411,-0.9619471773999265,0.858367500634941,-0.10595807496928794,0.3960566707992562,1.0932604190293718,-0.16911921016737813,-1.0917288982448912,0.11849215765150685,0.36707929806052764,0.29398871793037096,-0.32845890397429667,-0.66200064283081
0,3300,-0.4539102524364552,-0.7984641410677208,0.23557332389602992,-0.14418170617686207,-0.4893566673086288,-0.6841487515828649,-0.35981598384073077,-0.4892767154555333,-0.08281025667412033,0.06833660850136523,-0.6549822580091859,0.04007457409962979,-1.184588315739188
0,3400,-0.9273597805312765,-0.3200116348921577,-0.40387594965138207,-0.9844571513674822,-0.7042478869290695,-0.6413029270640266,-0.13777269728483155,-0.21848706811115998,-0.24549888009846185,-0.8029071510573705,-0.206659510719975,1.371503810445341,-0.3864035352343061
0,3500,-0.2818022282804223,-1.116277340219472,-0.8781281963451272,-0.9702308490760332,-1.1763850447760693,-0.40155414254689736,-1.0274538237333286,-0.13164646749278078,1.38909554140982,-1.0898724259472954,-0.5442741418006165,0.8427315995662714,-0.5840984542121682
0,3600,-0.8179063253051512,-1.321428449891506,-0.7023479093740813,-1.0930875468546186,-0.8769194976827793,-0.5570131798657043,-0.7906778894191616,0.6586926129933358,0.538870867785411,-0.3230045652391799,-0.7128280148533065,0.7796860691493711,-0.21870158724762662
0,3700,0.1538942568136995,-0.5649454963382124,0.1387735177771345,-1.4129700944566839,-0.6894476182744794,1.6081575467071227,0.018443041686513537,1.2180457613871736,0.28744920751111835,-1.060631409970025,-0.4481356262030269,1.2660049883312818,-1.0631403976252323
0,3800,-0.04030030893482413,0.28882639710325647,-0.6591177153542763,-1.016340635567187,-0.014157908421763258,0.3355519944994909,0.9330539589987887,0.5799593878593086,-0.09125970678760074,-1.1755473368567224,0.6414965084307898,1.1414853672483152,-0.0852605270593574
0,3900,0.5642702708924378,1.9715428721590234,-0.7870517209822361,-1.289535502924565,0.049436459662413494,0.7540492435647359,1.4883870733333326,-0.5897530363732059,0.7715348414577053,-0.14739799560505876,0.75996842086013,1.3435533745859156,-0.3306829439776419
0,4000,0.07814279904457752,0.8919993763151668,-0.9933263222365181,-0.7817985777020159,0.42887072980174523,0.04415594121926119,0.021063746480157405,0.4600615254309489,0.38860830813296965,-0.9033231595282184,0.4042293413030851,0.9857008857323211,-0.5751326739990965
0,4100,0.9093038245382675,-0.4436341347387984,-1.2308051344412296,-0.5276576274382463,0.8907422325097407,0.5131404281490675,-0.8240339666588077,1.1400132291751357,0.07720336447544647,0.06645939565066201,0.1807717864263315,0.6329859819438505,-0.9561913782342442
0,4200,0.9674125927919179,0.3617557583151555,-0.9815696209169181,0.6060718777189958,0.46109724294218846,-1.1552953443387572,0.36009772632518067,-0.5669685148503447,0.7153801163313626,0.5151241766801554,0.5233000978119839,0.10132972237053885,0.1574695121166004
0,4300,-0.8943482245491563,0.2914043676491544,-0.37396603290304453,1.074939110420961,-0.3382131821944614,0.06804900766168845,-0.6154636844623105,-0.9983907822116612,0.2882992671382241,0.6100021468052428,-0.7346274543042158,0.29526159164314014,-1.1032972685578937
0,4400,-0.1579844914011187,0.2693396983974441,-0.7926957547474137,-0.28975217551393273,-0.7875728103393871,-0.09475081884483427,-0.48023385235371274,-0.26975253793388937,0.18511101995712792,0.2525551187590523,-1.005994891544101,0.4371802790234989,-0.4776274952406889
0,4500,0.008528825440557813,1.0660084410927337,-0.18834433432285871,-0.12468243883698828,0.45156365968613227,0.6577679889114403,0.3039448046582857,0.18375861834115528,-0.5736792681137058,-0.1927442634357218,-0.23635457252212005,0.609011882195086,0.6181675490956829
0,4600,0.34969015229097833,0.3642680271352784,-1.1921175843839846,0.1453272954885475,0.5780970646040304,-0.11029846979214282,-0.24697575956534362,-0.32184917931193646,-0.3465863505384907,1.051045162439969,0.1475645920739727,-0.6340181842268997,-0.3593375874991054
0,4700,-0.1665829129947419,0.35793706240129336,-0.9583957359943479,0.3676685472044416,0.9780423705228415,-0.4268055102907219,0.8895907076119862,0.01939386504972361,-0.6319532126947145,1.3011129356951507,-0.06598886042669806,-0.38329680520843956,0.16306539450452784
0,4800,-0.36770571357445414,-1.024272756291918,-0.4132055967851593,1.1218237314948885,0.1655036380156218,0.7562481428155338,0.7754829168069273,-0.06929437269918633,0.008442527381744962,-0.23895266688228206,-0.5030329645864666,0.20153027643036048,-0.21366614619590496
0,4900,0.09219282727503195,-0.6298921319243914,-0.0949988932268929,0.5456629758244016,-0.6229304419171112,0.774258589369061,0.36618979575900956,0.2976834692680636,-0.2703074052073003,1.1673548406351415,0.7004306710550778,0.3889810927306842,0.03912478117888232
0,5000,-0.32503702111867555,-1.551077053893891,-0.990077712604319,1.547395101747993,-1.0390796981467494,0.4966384409497496,-1.2416277902340462,0.1488274247778763,-0.08970139463163311,0.05963124447376075,-0.704180180756574,0.07500228026909936,-0.5800433374025203
0,5100,-0.807746550966927,-1.4698200200380571,-0.7803403907678428,1.1898308577708945,-1.2699337829097659,0.22795525691410023,-1.4056801922784967,0.2570145983878926,-0.8380670134039652,0.35879574132987724,-1.1005990230273952,-0.28691719960700296,-0.664417767592545
0,5200,-1.0039296534404145,-1.0853027433488878,0.3898514198667956,1.201420973125398,-1.389031280209852,0.11175927619559367,-0.4255912279546606,0.7949548456317743,-1.11359788928514,-0.35565495985813705,-1.2686236067783738,-1.1882041254367048,-0.6339015861486116
0,5300,-0.49550629844459965,-1.6557430971857015,-0.5787565488008743,0.863639585358666,-1.673734057370896,-0.016795052690566147,-1.0266533960119903,-0.7298686246624518,-0.7999552958751447,-0.2591676086482619,-0.7544637888927389,-0.06938687117593406,-0.974609232592326
0,5400,-0.7183140619423547,-1.0848064913416833,0.41974133213090087,-0.6127653919044049,-0.9719488924931731,-0.144053427791367,-0.430073149101062,-0.16478354135315576,-0.8695833398611832,-1.0517008026228747,-0.14484384747202705,-0.02126066454425225,-0.5448202223067247
0,5500,-0.5263734859227751,-1.2637174885042453,-0.18885879258877988,0.010745731400156614,-0.9996024219834444,-0.25135654505070226,-0.720317850982666,-1.2971005974244965,-0.8799146505452223,-0.30820611563948047,-0.8412452517376194,-0.5004387052894897,-1.0213966419664078
0,5600,-1.0769190867441292,-1.2329901714885771,-0.4118106987165997,0.4241346498060866,-1.0435765585743304,0.6736348210713836,-1.1449009800598335,-0.1987395735780636,-0.44888170760337537,-0.24787458269148324,-0.974026099439053,0.10945445639952885,-1.6305075349439482
0,5700,0.019274969507373032,-1.4119089299532428,-0.9076839744502376,0.7787790980586248,-1.0855785385948151,-0.015198276774597641,-0.4868021578413178,-0.03342642637706828,-0.07316614852984653,-0.6589151722542123,-0.24370389487966118,0.09997221148035465,-1.0504903526601093
0,5800,0.776142628373733,-0.4852701903407349,-0.910716326205581,0.17594784489950133,-1.2361470611594547,-0.018809016719126083,0.7028324162245609,0.8011607790127413,-0.9031981395222579,-0.9461491431821412,0.11731209256938305,0.8439933738816763,-0.8699684304701155
0,5900,-1.0839852164849837,-0.8548154170418585,-1.0529665921864237,1.291884485831167,-1.3528069789966914,1.245999590324417,-0.41901426749801257,-0.04696255201154546,-0.2850701239741294,-1.588475748970885,-0.8553054226438201,0.9371261896309291,-1.0014558957583544
0,6000,-1.1017623519572317,-0.1798138589950584,-0.6145851061358165,0.8714729007812675,-1.2260317875359126,0.882157352070453,-1.1583387914265164,1.213161852426187,-0.16912225414483445,-0.9242354685994382,-0.9568555784746944,1.2077335843196673,-0.0519220245177298
0,6100,-1.0332815419518981,0.3564130541405702,-1.1920984111987298,1.047170455050125,-1.189475381270903,0.2791767433485173,-0.27962720450786055,1.1597420822650477,-0.5429327524393337,-0.2642448260599555,-0.27984416207770896,0.788162726217894,0.695874220283514
0,6200,1.5243879953867814,0.885917028120303,-0.95124577716364,0.34596726518875753,-0.9295966125012685,0.10260276562335682,0.7169798024096228,-0.6432330486348782,-0.6608157017901998,-0.5995955026173947,1.097242679690795,-0.29079808079419384,0.625511882989587
0,6300,0.8079634757109349,-0.04327781222037472,-0.8334538289913054,0.8008567321717921,-0.7787844529343423,0.38637875117226905,0.3435282795092687,-0.19624153349859266,-0.4606937037845708,0.23520781511449398,0.7368771651807936,0.10050146031993423,0.7169318041709357
0,6400,0.14214851650635008,0.37968813353558745,-1.3798579320050968,0.6055563505963036,-0.703425536104107,0.9036813670196985,0.35616968013539313,-0.2983799421871809,-1.405936078475865,-0.5788440145388287,-0.6849281599122385,0.860021024307152,-0.45652144197071415
0,6500,-0.41205952806853596,0.13825110441161495,-1.1592858369138042,-0.5199036105219703,-0.9135873428614748,1.5881451153521253,-0.6378307466900378,0.7693763480509519,-0.7872248585514141,-0.3992403710941683,-0.42041419456909324,0.2553155742518039,-0.25438467975019863
0,6600,-0.08939813474142067,0.9188584228094314,-1.440768592490367,0.824372399565962,-0.9485534114644404,1.5347900645726256,-0.5209283722486521,1.7113035996908474,-1.617424562459857,-0.9828823773238771,-0.10176455891477078,0.5627501560852155,-0.22513765157398066
0,6700,-0.0024330435424292102,-0.03826152202617447,-0.7369327147532594,0.5490237078041091,-0.67097269846744,1.1665632067390463,-0.7587731981654858,1.412226953142019,-0.558311624265415,-0.514479007061959,0.17424810744033986,0.387925005541048,-1.0790438098784318
0,6800,-0.9343169760115689,-0.24441181192529932,-1.110555581451196,-0.0305996234561947,-1.0222086557177006,0.8364253327322542,-0.6729920101873375,1.2030604831859244,-0.9957043274065102,-0.5438555423113657,-0.7406663175184094,0.5966410660370953,-1.1342294102953805
0,6900,-0.0959366502337971,-0.7193137691418785,-1.511196947624773,-0.4076564787185343,-1.1334496720988179,0.9827871856367034,-0.4311178465140309,0.5231769523641717,-2.0881981576374358,-0.4439197825316359,-0.7226257899721779,0.8532473163370595,-0.3407378722684512
0,7000,-1.2101044495053652,-1.3456445535854058,-1.3887269705961844,-0.6440549446215343,-0.8579936854365594,1.1602047337129495,-0.7729151338820867,1.020929673200282,-1.2359377390311064,-0.11730438857277364,-1.3262159669365503,0.9344003700492389,-0.8727958989166119
0,7100,-1.3807612020579052,-1.09047075245934,-1.3663152054346752,-0.381257244936332,-1.3869331215945877,1.2130457710441076,-1.0885126631828737,0.7280395215896195,-1.3766459831239737,-0.9580139032330313,-1.5388198111701108,1.1148712833413228,-1.5241397498430096
0,7200,-1.1438818301417197,-0.8596956780977286,-1.2834703838307613,-1.038266591608227,-1.1512563035819559,1.4698315910696105,-1.1880089512934064,0.6157515295802539,-1.3176451036126982,-0.672354537413142,-1.0874442708931895,1.5040979122867726,-1.286177158864253
0,7300,-1.8088708353628589,-0.8007231949909388,-0.8189100899908264,-0.35901205393409336,-1.7088428088375789,1.458180366747738,-1.1380192221516872,1.1162274419257217,-1.3966525311426248,-0.33589417322046844,-1.1441223399298481,1.5263117677797384,-1.252902941952584
0,7400,-0.9596877597936603,-0.6792380300919856,0.14278987558074563,0.44443270936452145,-0.4756474079100561,0.9492809623574344,-0.7905988414116573,-0.3813797650752756,-1.1198370817641556,-0.8863350949430533,-1.0308839638274059,0.346431887759925,-0.1939650315579577
0,7500,-0.10113333769508512,-0.0494810632227448,0.0966695064227043,-0.5723161073368207,-0.45064921351572346,0.4558612536409829,-0.07813610142601496,0.6049585183918683,-0.5013711093734582,-0.42930029917843837,-0.30079118270156385,0.7888959964261149,0.07468954059245402
0,7600,-0.11305351970489892,-0.31607398316256946,-0.7944964967649054,-0.6559062850225661,-0.011591133330331283,0.8075580491324844,-0.5805281004474537,-1.0905736987202375,0.18821897338352234,-0.9526198717130553,-0.48440071794867046,-0.0927506736111907,0.9561470122749612
0,7700,-0.7653909830169887,0.2128446376236959,-0.8610895988610637,-0.21020142950446885,0.5015926466786819,0.3941424498513337,-1.2024605135704114,-0.6868868473943496,0.43801451542213643,-0.3412041813124745,-0.8173334942289692,-0.49627565067838525,-0.027157996125338684
0,7800,0.8599723940182752,0.8861638514908456,-0.677371847682715,-1.4884487638797956,0.5028979431693757,0.28198072447839373,1.0985012899247029,-0.9297936836354342,1.0696401544742018,-0.29371853332892756,1.4862300363986127,-0.5396328168127239,0.40728920908830485
0,7900,1.834349758789052,0.2644077076653908,0.706477831667348,-1.1046185182602692,1.6204211783676072,-0.4693983452367508,0.6558113924893876,-1.1344369051032996,1.5982610467199085,0.264157084612181,1.3032387644168881,-0.9187337561842361,1.0424737733132847
0,8000,1.9084535284823332,0.5541842949866383,1.7642524387354495,-1.8797797529641722,1.9473444650755045,-0.8928590135329728,1.8568139835045063,-1.364979496836219,1.8567559534199332,0.9290661514962518,1.355696308647714,-0.9350525161932752,1.7459940031758128
0,8100,1.4342516371537761,1.7150452149634003,1.0961628532114178,-1.951131032165216,1.709326704213092,-0.8669413550827741,1.9824708745310184,-1.5401229242750891,1.7943975074263145,1.1885276168016872,1.5495083210770744,-2.190802651927909,1.9004227255457449
0,8200,1.4849740671128318,1.4187727409700888,0.0009420540167300442,-1.5636899189403621,1.0892476006894063,-0.3035648790498131,1.5970930058319392,-1.8903060692215163,2.147808032378388,1.4209039536373955,1.5829347209976494,-1.566357205371817,1.8759914502615826
0,8300,1.2824403145740741,1.2410383181892826,0.5978201012964922,-0.8790871500430143,1.7099513818488057,-0.65105408629321,1.744429482837481,-1.4009018127301966,1.7434627909550156,-0.3050899172917428,1.2633991853358506,-1.6403952401225916,1.9237042713095514
0,8400,1.6892532719284004,1.7630241862677443,-0.48076521725344395,-0.6200262185648783,1.3769843025552404,0.10700464940715904,1.3194249205001856,-1.1692869481220332,1.9271320907590337,-1.0169429687166551,1.6730475106256815,-1.8509923708700182,1.4341355272873213
0,8500,1.6650070599346773,1.1476065051003512,0.5568950925691128,-0.8052060984647484,1.807150360206131,-0.38764973864119323,1.3113818761966347,-1.7982563893770251,2.1247699937511633,0.7443351059085286,1.9020499307001626,-1.429497357911096,1.7518733565688438
0,8600,1.5482427787749347,1.3168104778371204,1.7605867477745525,-1.5238109164832274,1.3204161321192245,-1.4162752321694199,1.5872019190310203,-0.9792597331510831,1.8513736657443867,1.4345944369690073,1.8746441653394434,-0.549700134536624,1.9154897123456207
0,8700,1.4758556373229783,1.641240087997414,1.7685340682917252,-1.0441612203880077,2.16349280613718,-1.4566970830740118,2.1768189408674337,-1.1347844919896393,1.4227865398331891,1.3435892394116535,2.0668911945027633,-1.220309868482669,1.68831723909575
0,8800,1.5147635387993719,1.2499703621649338,1.310304382349539,-0.3138665140205361,1.3996160797957362,-1.2078483480547026,1.143210855893047,-1.180929747022165,1.6854954933247905,0.7083370462702459,2.2001278938277906,-1.435743104903054,1.9075491418097645
0,8900,0.653907945787614,1.3923319399202978,1.279330976376659,0.2619348142190003,1.2081727237623316,-0.06688743772993491,1.0145182310725205,-1.1518832483018795,1.4451779923322887,-0.9349314476785257,1.1813880298017732,-1.0360818927421096,1.6323817356350385
0,9000,-0.6205958673716341,0.8514108976060017,0.18336599703690118,0.12166820569808429,-0.1537230417186496,0.5730786528194342,-0.621056955812347,-0.038252015778172416,0.6426569725698343,-0.03802303963248597,-0.9707963113543111,0.04984472767911384,-0.09746281750280526
0,9100,-0.6424084982403633,-0.4582227659145882,-1.337678505963226,0.25550281290725524,-0.9758538592841142,1.060670796209356,-1.0802882357664223,0.4055326744654561,0.20385305700537162,-0.431901907995105,-1.2804714768265182,-0.0940394117662674,-1.0004627485097168
0,9200,-1.6200703474824014,-1.1706417410129544,-0.31297111324221816,1.5306470743908878,-0.7666197165606805,1.7667554348338013,-0.832856485078666,1.0630515122188604,0.1766484988228751,0.2471067956412554,-1.271030998334745,-0.2717987477984802,-0.5630036993373543
0,9300,-1.616408687200442,-1.2575218552372087,-0.5209386057368017,0.502571801551745,-0.8726581635539596,1.3173382915107175,-1.485532548847716,0.747463781983959,-1.2078820803817596,-0.9521869392369524,-1.2003261068155604,-1.3952127998344854,-1.237242639328773
0,9400,-1.0579509695400384,-1.995527702688227,-0.5305084571328429,-0.13449117125965968,-1.5637699834676158,1.0096294987742465,-0.7738934661588213,1.0324404337368698,-0.6348848252933803,0.17500764912732342,-1.5794538256997006,0.24325202713087718,-1.1124626805962898
0,9500,-1.4988508274100192,-1.2301761520179402,-1.4579843053004282,-0.8109304344280824,-1.3561455906851947,0.5848595504721104,-1.871762493274878,1.3677385143135388,-1.8200907956593788,-0.9609661857955575,-1.2656235001860172,0.4598948790195041,-0.9919031915333156
0,9600,-1.491000133845977,-1.6810006011726286,-1.2635448672021907,-0.2555002754057503,-1.809691102760561,-0.4560735844519494,-0.5168639962821682,2.0084322100373075,-1.0729210401205114,-0.4890825652167292,-0.9894364347206643,0.9330430599293223,-0.5188282528765397
0,9700,-0.7678759331772439,-1.508609725496,-0.8576095141227104,1.1601831150763273,-1.239984625231052,-0.5367967050099812,-1.5136191946348072,1.634331548904139,-1.4987994063990613,-0.4379415018869622,-0.620290204300378,0.9637198372843399,-1.22097479123037
0,9800,-1.9759942352700397,-1.3986781692443224,-1.4639544985189608,1.8110086982731959,-1.5706277209208395,0.8660103171755756,-1.3007621667327602,1.6007416320426024,-1.3855915453588399,-1.4808174810857986,-1.4137787747919892,1.0463768724978486,-1.160707623242875
0,9900,-1.6959377332126784,-1.5417538058975688,-1.5918542519140195,1.672098625279838,-1.3999408880910955,0.9857917988129005,-1.423601199028432,1.646538960280558,-0.41535011507098035,-1.8843484161847095,-1.209486554829559,2.2877477052499344,-1.2896362137450723
100,0,-0.6857463874093263,-1.1656663769549518,-0.3350969969934618,0.9197760826960653,-0.23918379353264768,0.06567344622146114,-0.5892566593951435,1.4573080609224744,-0.8419074815356374,-0.2986720733152012,-0.6982339738430147,-0.5284092199369017,-0.6823445716799809
100,100,0.7642389811947055,-1.2963639681736119,0.1613777449252387,-0.013450582837460673,0.6891172235965194,-0.33356822855820395,0.7017735692090269,0.4022237347432163,-0.26740644143210285,-0.33694355195664144,1.121234874846524,-1.1287203811389823,-0.815798629820135
100,200,0.9330541600197161,0.10759480794306134,-0.35277002335929075,-0.34659331826655826,-0.5035479370992865,0.12762057415043687,0.28100269237173514,-0.360943468662531,-0.9089659533833396,-0.7174613911533163,0.7528146807320555,-1.1810428118528236,0.07683661534120481
100,300,0.6520122658098687,0.25696076066400575,-0.25030145328432446,0.15409707081177743,-0.5392615142447491,-0.6989174513314168,0.9240191408647521,0.25708575283972623,-1.2178850962728687,-0.8076216118296466,0.21106327233772446,-0.42821326507041074,0.47317009908630775
100,400,1.129230373331906,-0.03692207714556139,0.15528719857844567,1.007624036117343,-0.017763760403968314,0.24786865130814542,-0.2474704396480369,0.05587583858142254,-0.26080608754915524,0.5835014975424146,-0.05674305724656565,-0.8160684895904468,1.1722710957788653
100,500,1.0619879999237067,0.5539606987936572,0.7825555664160081,1.2072692769334397,-0.20276015352811116,-0.43508817477327694,1.0462220592998341,-0.7496057556044319,-0.2289303285969599,1.0902811656996951,0.46140106811225357,-0.44773772210225726,0.8749261027005625
100,600,1.1688244116378395,1.6474908091247402,1.4411650573624295,0.43444289455290763,0.1452936587913365,-0.6794343541252292,1.7333314339055845,-1.4815911845705672,-0.10877378226980351,1.0577694525580401,1.5822252923597981,-0.4857021420170623,1.5055817359479173
100,700,1.1913799158832146,0.5619317962641289,1.138775637767847,1.1685937933986694,0.32565560272002475,-1.0092283823146782,0.9655785805910166,-0.34872914852387327,0.33710634080146756,1.5631581276322368,1.8569114258119677,-0.9102241944631728,1.9076463385394338
100,800,1.3210221087323313,0.9721620436419671,0.08274553165663169,-0.06001248332201243,0.9622304288859056,-1.1292363727705044,1.1851711597684842,-0.9477359563579392,0.2820960799000234,0.8636102910042226,1.9716185847926482,-1.656026873618535,1.9992310429959799
100,900,0.05291241343933561,0.633916997881429,0.8912480906642075,0.930500233835651,-0.036197597098152595,-1.4219495834410365,1.0457899291942794,-0.6982024826289199,1.3198584516146368,1.6456409467640978,1.539726291313596,-1.114472965898112,1.8428676463569191
100,1000,1.2698583859612378,1.4832113163509446,0.4800507318947322,-0.660848742561891,0.5995165176099669,-1.1604768782880241,1.5316259783065864,-1.4335605114343277,1.3807253502505503,1.5935332110417233,1.4369918593417466,-0.7256288963886153,1.411199455608164
100,1100,1.507883806229324,1.545153600963194,1.4785803896123484,-1.5540924017695408,1.2662957519042215,-1.0101167126453128,1.609374355873961,-1.142410447536679,1.0456999836143697,1.7666997814896848,1.2504684562265933,-1.1065196084966131,1.95558783694791
100,1200,1.1871917164243966,1.209390074465231,1.3315159140271313,-1.2056628495627666,1.1789047242629371,-1.6619167176943475,1.5926158040704854,-0.978767743004768,1.6978717115666166,1.4282615033419472,1.224413085576743,-1.0063114283064316,1.812177513392552
100,1300,1.7102981886854312,0.9968584073696137,1.4351639146238808,-0.26437752775939666,1.1521330484908883,-1.0128224506079602,1.3329289178665864,-1.0473764810855226,1.7848350860293143,1.5307258301668998,2.2155657737395242,-1.3884668754405225,1.849740866923958
100,1400,1.3598153259708474,1.221483292718173,0.8174463181737045,-0.3278180416107019,1.0652640586440898,-0.6693117277902398,0.8771253864902508,-0.9855405890594728,1.237443058243994,0.9019952670825566,1.4376972183882335,-1.4745704436145808,1.6313606188736935
100,1500,1.3529981441166647,0.3515133294982456,0.7042101919408749,-0.5006615355500792,1.7544917823753579,-0.9975681462689358,1.3976930653545416,-1.4699286701868537,1.2808930354911214,1.4274331254076922,1.1944529394604817,-1.0441914719008596,1.2478587884130858
100,1600,1.7113312053062453,1.1817114982077648,-0.42904427187528876,-0.8730240490969462,1.2316507670424017,-1.0940211691892863,1.410043679580661,-1.3181906151400467,1.6563871669769452,0.47960391120475837,1.3652396132933533,-1.2112301679156579,0.6140153970321728
100,1700,0.8358607922949911,0.40064806354435395,0.31399848263425,-0.9471107090492008,1.2572731678515947,-0.4926251935385766,1.115594452081959,-1.0494428005223368,1.551431142511352,-0.5799466280960288,0.9730518954132951,-0.5057110868184685,0.9288806134776446
100,1800,0.8148132074311677,1.1805020596206237,-0.48202113022780535,-0.40784185100986114,0.38797879949590547,0.043500475097963086,0.34108261676067253,-0.8016939690109279,1.1275161528611304,-0.46228064658589935,0.2983208583800822,-0.4577727665967701,-0.21074823938573245
100,1900,1.0349877392069187,1.0252859769906304,-1.070695942196495,-0.535956894691373,0.46758891903913113,0.1987982196437586,0.3054789143833013,-0.9838646620063207,0.49845733074673265,-0.5155530492360912,-0.3263484298336082,-0.8020655846548934,-0.38304217054529777
100,2000,-0.211867060639151,0.41292824096574243,-0.8894411557557879,-0.4906283178194609,1.3698195467353427,-0.04098058877723503,0.5144328394763075,0.5272743813491122,0.21363466692052746,-1.0497111851901801,0.25820214437403266,-1.4818889208195924,-0.757700629872506
100,2100,0.7450406222992881,0.9349942158769089,-1.1387978596260617,-0.8736196053002202,-0.009901751174299022,0.6988777140439735,-0.9146982679456972,-0.15242882403402272,-0.6092871476403694,-0.8788408541824272,-0.18663478195321045,-0.9028752935130329,-0.30153263161187366
100,2200,0.39458015980999234,-0.28870039808578446,-0.14570907759754298,-0.5269459640258229,-0.4274714228666114,-0.6600845598021462,-0.6477538040216431,-0.8388766704017361,-0.933899618974523,-0.3111860033900552,-0.1690270164013527,-1.6849964790572602,-0.6479371884976931
100,2300,0.059320366355327975,-0.3410611549974485,-0.3959802007951313,0.6039753248727496,-0.17730259225980427,0.0820566266321139,-0.09515912565368843,-0.28986339186521215,-0.5916453835494284,-1.2410985234170842,-0.33096238207009465,-1.0109151844960005,-0.833288779423734
100,2400,0.5819946993159774,1.0943678164099835,-0.044529730762327746,0.6620644326093135,0.905545508009175,-0.6461287705241556,-0.018808548580290105,0.11273228426328151,-0.7909521689586151,-1.0734244482734894,-0.01827352073132814,-1.215070687166839,-1.246017250989183
100,2500,0.09408119872622873,0.38108923459473076,0.31813437155540386,0.4759391449778345,0.36626858339823437,-0.4836829609656284,0.31963122295972274,-0.8062230573487508,-0.3377868943938768,-1.0939627072597466,0.3933263326157387,-0.7800129195594588,-0.3905690955606852
100,2600,1.078195067050389,0.6424211601781035,0.283693016641847,0.6937720913244025,0.11348186263105318,-0.4442285034347638,0.18566504165276823,0.1917863265626616,-0.07604275901775145,-0.8019599818724991,0.6438576189729648,-1.162077674700845,-0.5741097690215398
100,2700,0.9782138513192498,1.223057669956036,0.09949899999570433,0.6244298225977541,1.5745329839286892,-1.6817833588813877,0.6454608220870598,-0.7983391992993604,1.4338021314507123,-1.081667654108368,0.6946404970830692,-0.7237704480187763,0.06872370731126347
100,2800,0.5529088900262511,0.7275905566520277,-0.12501266542828574,1.0753701147649266,0.014576509470699859,-0.28701548276116967,-0.8630755238230102,-0.1848167449359685,0.3858613296388573,-0.7615010551410865,0.0937346776405089,-0.555628655850005,-0.6968435869542171
100,2900,-1.459473887748141,-0.2713603557820323,-0.07412604208441201,1.9710380402808723,-0.31053367956526107,0.15322478941166087,-1.096831888872125,1.0489059132472098,-0.210472822515282,0.9152501424893587,-0.9706478804715161,-0.3518049719618159,-0.5661273022923254
100,3000,-0.6491347529450611,-0.5625188453891685,0.2348192755699762,1.604923735791263,-0.9060087284013436,-0.5523998371970548,-0.7545562721122493,-0.1673715059386747,-0.8755586266969467,0.2005472564189489,-0.7210843313119831,1.1684270709092355,0.5605356187793662
100,3100,-0.04149112473084804,-0.24080985694708926,0.2268869189438341,1.1355042035367366,-0.6778278351101205,1.2097570015100674,-0.6127897730095436,-1.0365790846411331,-0.3357822563699144,-0.052525541733601584,-0.33941944866387486,-0.02352945094951517,-0.04889905244999727
100,3200,-0.30084674268129696,-0.884001598446625,1.0218915491451346,-0.25082495591901294,-0.2624499005234825,0.010342045871501006,0.3404308431649861,-1.0134327361297195,-0.42962913012941006,0.10440938350868399,-0.06321256562052065,0.24592498315350667,-0.703678368178621
100,3300,0.24372071971215828,0.4648650092007933,0.09110225672502618,-1.2149922551909418,-1.0454999789138202,-0.4264942232047368,-0.4314480413035129,-0.16005840174029362,-0.2176731689234935,-0.29731352472694045,0.09346098390073161,0.45486399114685355,-1.1355407486252989
100,3400,0.3044126378136887,-0.8725275882942247,-0.5943864127035424,-0.8662553951259083,-0.7988886000463267,-0.052099644089175834,-0.9277098426947331,0.22240043568074797,0.3635696467040609,0.14827321215855893,-0.3397617318310785,0.7532219839904811,-0.4110985526952812
100,3500,-0.9513298454977365,-0.8508098140166953,-0.33546547855423364,-0.6163645380877444,-1.3143615915682452,-0.08721563093798741,-1.1314107904150459,-0.5423657263442277,0.4562423804586916,-0.8359350130096671,-0.8232208775160429,0.6243271486962415,-0.22231317393025846
100,3600,0.09428605836076875,-0.6363663854121695,-0.6531011980958491,-0.8805680304367925,-0.9480361748805791,0.5138516714402301,-0.2310018285502213,0.8202419175815643,0.8353273416645101,-1.004445906342738,-0.6334920795910021,-0.2761036058097122,-0.4908925803046945
100,3700,-0.09490613863751744,-0.6266151788691158,0.3366860289141448,-1.1595313600732917,-0.7510295412714164,-0.1786606431288016,-0.9964024814745772,0.7850078688464575,0.39106384395228583,-0.8936947692281728,-0.44451261936217235,0.9756891574007395,-0.9134298208270921
100,3800,1.3365560229551043,0.5346154616925907,-0.46914069545869314,-1.647554627417789,-0.5061700912920869,-0.04444342000687679,0.8957154151166238,-0.09929559173722384,0.12128641412124945,-0.6476359808994061,1.5166244644113305,1.7076238765758218,0.24289650718566214
100,3900,0.7063608158609627,1.0706076548979855,-0.6369827911016959,-0.7258241687685529,-0.6781112246214801,0.11034069318209433,0.8832060050066641,-0.05914564983064592,0.17025421886171524,-0.3990106993459272,0.19791651055973364,0.23427661559377044,0.3037362441659393
100,4000,0.0914332803431069,0.4701508760279159,-0.7540273776964928,-0.977325323757214,-0.5078216598746883,-0.702469791457884,-0.2236381447053882,0.07945225949676822,-0.1977541781679104,-1.1907456363834306,0.4382304827288121,0.19517202856690585,-0.04130235701598396
100,4100,0.22493731913151577,-0.10045876402278232,-0.7831593729297536,-0.4474230443328595,0.05403101063345437,0.439874684854389,-0.8254365988112451,0.6464822455461968,-0.25163868289327657,-0.8316844529293956,-0.2556706489360277,-0.643699488427316,-0.9046421785833851
100,4200,0.33167186873040116,0.08341557552362816,-0.9210576656577559,0.9050516392641623,0.1550925694048424,-0.15497078746164428,-0.1972127980173862,0.00969166352036075,-0.25729473926716295,-0.5157930894116853,0.2026047231473779,-0.045820586523957624,-0.36438886351042415
100,4300,-0.7055533446568407,-0.2980579797389858,0.029927347961327382,0.6916069393969081,-0.05791834762382071,0.6978447157753387,0.0034440718599751115,-0.7004179829011359,-0.4441142832615503,0.3050863438358536,-0.4283103064435262,0.7509141776555726,-0.5578204648150638
100,4400,-0.5973946300845573,0.9509205766474198,0.024503816542526112,-0.40491627908402367,-0.206362126606663,0.41158677893211726,-0.8850178093431081,0.49522654890598633,-1.1017935443780584,0.6752316745481777,-0.4696271619143956,0.44166430121635725,-0.4887094388184495
100,4500,0.6826183106101146,0.985384179557109,-0.2610993826129943,0.2878075605844393,-0.0875861445087268,0.4919336685014645,-0.03719532147991119,0.4774324227740836,-0.7695089645142119,0.9162992096117263,-0.17086866100729817,0.7974196047706638,0.7017470051631367
100,4600,0.5711170896408387,-0.07176073977655752,-0.13649022579964296,0.5687983943776905,0.5559684719326731,-0.251104583248691,1.2647135506260847,-0.32843349321739795,-0.45825177637081416,0.4390292029109477,-0.18584029471381355,-0.5392892470536781,0.8588770107561606
100,4700,0.32469241388268244,-0.2453432370373089,-0.3462815604296464,0.5572046654482984,0.7011018434431404,0.6768781077722074,-0.031391195367840276,-0.42963912234195134,-0.9639030965831754,0.8981284384213544,-0.10335240675584542,-0.5695418074939362,0.023896066744901353
100,4800,-0.224127892765093,-0.7598631883142068,-0.8672272235140035,-0.17101264165810856,-0.3090564845983023,0.48989609092464037,0.08434168167013097,-0.49582758527443,0.2676323063623918,1.1951428711586314,0.4437076727594724,0.06461856542564774,-0.3431530977889246
100,4900,-0.5921414819280639,-1.4886395634957255,-1.011178882962951,0.48548805563091474,-1.1340964088234002,0.4266805059432795,-1.1013352191293129,-0.25409565444557963,-0.3708492581231557,0.3033334396084822,-0.8466228069328945,0.3100039059360964,-0.6016283287393993
100,5000,-0.6660617376953413,-1.0656131038867345,-0.985620735633607,0.44115897161099277,-0.9544029351052341,0.40385096458300046,-0.4971716868567825,0.4923180337955976,-0.3179392758292107,-0.035349430329273956,-0.6220644533373572,1.2854273819306334,-0.9550986608674281
100,5100,-1.2242268908426839,-1.2655276213644395,-0.5978914451223661,1.0487501996835655,-0.3608246794394148,0.4698919351472584,-0.8463816116978891,0.7787167970723029,-0.2769775781785161,0.4946437515985242,-1.0473047068601435,0.03414397396256644,-0.8306970520965388
100,5200,-1.4758589591284483,-1.3329051470546691,0.00821582731067006,1.0576627359531834,-0.9952824542465122,-0.3434402909027694,-0.6924874144550119,0.7350759114763508,-0.47860662684280153,-0.8040539014150861,-1.1100085958662598,0.0898453002846831,-1.2552917179624452
100,5300,-0.37694620965268055,-1.776888945724695,-0.22812462384713536,0.8661989489362322,-1.210665528686369,-0.03012514056362939,-1.318427923252458,0.34231187305356914,-1.1057662576558704,-0.3994658949268921,-1.1720752196873414,1.0573234225747077,-1.3477703616960544
100,5400,-0.9740361136391701,-1.2901365262345457,-0.2932162457839394,-0.17356131415970327,-1.050478019620974,0.23145017362878073,-0.6023861562969515,-0.5877904299557802,-0.7974302441913333,-0.7201377669245537,-0.5709314984229592,0.10331389756832343,-1.3641973010901562
100,5500,-0.43053361772046705,-1.2086347145633443,-0.27620365994560026,0.24794294311898452,-0.264073513400497,-0.13066183348456228,-0.0282864969920543,-0.04224054388168009,-0.9296648177971495,-0.3939798091552223,-0.8710943242738736,0.1440854344843391,-1.1598805882548366
100,5600,-0.7488333567898798,-0.7024088667775771,-0.9008328398114913,0.5628479984654523,-0.20421127131633404,0.4127474680654514,-0.4788661391708152,-0.5276285458591793,-1.19931725007392,-0.6740782275778743,-0.38354567419394553,-0.0032638921042416774,-0.7350419132063678
100,5700,-1.0518000876512228,-1.1158682209974302,-1.704128733540161,1.4048593675480274,-0.442094504786737,-0.2428658205065419,-0.5117979959677592,-0.10529937234352978,-0.8768453653800758,-0.2728239323880193,-0.5487877753735032,-0.2568571461188692,-0.6283437320960337
100,5800,-0.3561685187526219,-0.7106356211935407,-1.3990517105008042,0.4599359907592196,-1.1379539077444798,-0.10904977619671975,0.6570630130256763,0.17206759871440525,-0.4087640073563187,-0.9011217337427143,-0.6725373778460345,0.7338229961851037,-0.2754132885981221
100,5900,-0.9377647881193709,-0.8117919304613318,-0.6670785837852831,1.7127174611672447,-1.2669307153258749,0.9671534348759976,-0.14613998930399605,-0.7669538017909628,-0.35694258177068416,-1.3512517017355636,-0.2948127995492,0.8847681363857036,-0.517838519862916
100,6000,-0.060320403396276596,0.7359193132175794,-0.9380531154202919,1.3068083043504546,-1.7709593557220047,0.18208388883041188,-0.3647215553753892,0.5063798274728654,0.011921930424125246,-1.2312823391160745,-0.46131090291172255,1.0873984378376498,0.09246146059251988
100,6100,0.12222736618407389,1.2236445959636895,-1.3085670660903685,1.6169257290190415,-0.535279735698165,-0.40235304277948786,-0.5443615951073609,1.0476714429669647,-1.2849352509077845,-0.6000478528234848,-0.9842892209324001,0.7483240216788151,1.072252235725627
100,6200,1.1629911718833101,0.6918492891440803,-1.643999390207494,0.33857733266228424,-0.45913643424945794,0.7977691213158079,1.006726588028281,0.15726718226570352,-1.4724833945819782,-0.8139541394204981,1.1623304392611984,0.8446595737021111,0.1515042564559448
100,6300,0.6077518940198227,1.098476797086038,-1.300840780155267,-0.38648604470596076,-0.6416002551099214,-0.07971038378813108,0.5380724493907754,-0.5977944140560504,-1.301636752781044,0.15087730405874442,-0.0066364915631930066,-0.006119169627440225,1.3326122725931513
100,6400,0.5123367465596139,1.2410745541634154,-0.5593041198808643,-0.22867527333396323,-1.1791303797921309,0.604298372795904,-0.5173575732798026,0.6972039276566802,-1.2491298746303472,-0.2847864899286073,-0.7827343753545813,0.9432457400818294,-0.3033337865150304
100,6500,0.17570671519263434,0.6366731111456547,-0.9760936768954696,-0.5510585734733667,-0.24261467870097456,0.6679192275789496,-0.4825134691313871,1.0233487262759513,-2.0226094635589686,-0.3661052655672617,-0.10802427942836583,0.582325480833446,-0.24860504013229942
100,6600,-0.9685277658155166,1.3625040809127866,-1.4603728724968938,0.6290038736536588,-1.712055877141262,0.6465587444463075,-0.9844209523673847,1.4147041497190886,-0.24842522728478697,-0.27829924883428914,-1.111027912879106,-0.19821799703369453,0.12981558862430692
100,6700,-0.36585052646762267,0.4727737108819234,-1.0438418951677897,0.8041966608585023,-1.413626505590169,0.4960983330605694,-0.5721344957993413,0.8611697225247263,-0.594995029748455,-0.24383392713355473,-0.3042733057723218,0.034848141338275344,-0.012900166160841728
100,6800,-0.498007823246738,-0.11316439642456527,-1.0484085206202236,-0.7654358120049409,-0.8715450526651497,0.4671508789119707,-1.1359148482476087,0.4168355562614078,-0.6134588053506885,0.37864623287496957,-0.2708123687736603,0.49901894484131754,-0.3723559052923029
100,6900,-1.4039604313122322,-0.458561374172435,-1.3619729991955893,0.1491949468342738,-0.5788004984182419,1.0974226422484672,-0.875322323621978,1.0594983274679086,-0.4375439400376351,-1.0320793355695879,-0.9455081936598391,1.1207857724239134,-1.209414850448518
100,7000,-0.6491679711696373,-1.7031306408062812,-1.4413902362340634,0.14579531114749025,-1.061961570055781,1.3564369680213193,-0.258073356350206,0.9930779184920275,-1.0178113612007644,0.20419370567791567,-1.008936294619357,1.7212604374919291,-0.9085535818387125
100,7100,-0.20090737397876163,-1.2406786597411872,-1.7200931769944343,0.3715903136562695,-1.4112619045814518,1.261136323678225,-1.3062462087578373,-0.3981032739403808,-0.35799403470394386,-0.5920434285898242,-0.5860332128835193,1.531410582688368,-0.8395349643866347
100,7200,-1.5903861609927725,-1.122249339154152,-1.3791989416953574,-0.10528658030679537,-1.084316291396665,1.3390093315620546,-1.2224709026772695,0.34881794166137836,-1.8061073221743424,-1.3300305279337783,-1.420731080700238,1.774511494650071,-1.1039371940885887
100,7300,-2.005103461317797,-0.5630723922286628,-1.1692047609502898,-0.10858846418839022,-0.9998403845080341,0.7905812042526771,-1.1932799475957279,0.8517368828210172,-1.2640182087356497,-1.5599556148686449,-1.0397186644683474,0.9845294595649076,-1.8935484610725513
100,7400,-1.1663349866203776,0.18656469970479322,-0.6826606962114452,0.35819838915574803,-1.0658376511896563,0.5397734720302988,-1.6707812257523251,0.538119499317141,-0.997542695706189,-0.12039666181645728,-1.0378036507894677,0.8232859619089267,-0.6477743852867262
100,7500,-1.0961018965252374,0.08527577464253304,-1.161322638198547,-0.3234851751596835,-0.7768048687894881,1.295709647541085,0.09895899711983704,0.31059572284697484,-0.40696420979010767,-0.7279203325417215,-0.12765355377182078,0.15763797520860898,-1.1914413789713807
100,7600,0.24185956319283686,0.21216871065588108,-0.1861525502030608,-0.6514289015343758,-0.4955242866470448,0.2902474562865983,-0.4808529166577255,-1.6224668177054118,-0.09291562909176695,-0.23361803851042123,-0.8884021730936513,-0.7590320890925806,0.5209083893556536
100,7700,-0.3178015426743103,0.46245949607972053,-0.6982168194068198,-1.278392438597904,0.08662949942412443,0.9825869531848846,-0.3570205339228729,-0.7235120196735031,0.6589255505370415,-0.34399309314877247,-0.38179401912728744,-1.6376982499113524,0.9753960603796651
100,7800,0.6428058831628244,1.708440102958433,0.15310355251673183,-1.0572714298535724,0.8585907094376458,-0.8162919950228117,0.3497512569321446,-0.45405113548128195,0.7555612462320951,-0.35402769118959426,0.49785045296937463,0.05610422594700968,0.5518300187998576
100,7900,1.5070207816607184,1.1719604674019328,0.8340302328230799,-1.6256972659658937,1.0601879300097004,-0.8197074863144685,0.6721255314553909,-1.028054133963351,1.746800855993643,0.4223937705929032,1.526878040510703,-0.7034120117236001,1.0458434318640233
100,8000,0.9641287005137275,1.1018877901680304,1.0534918153284805,-1.4636060823968864,1.8617246655872983,-0.9240042996694479,1.3213739662021673,-1.2996831801935622,1.3991281729613998,0.24869864002215974,1.1946817770558162,-1.5793322078075327,1.5975926203974873
100,8100,2.128229336630003,1.517360868800854,1.2261347853758446,-1.3367304724693976,1.980111040899552,-1.1036063386370891,1.5475238785791356,-1.2600194025516005,1.3821227454411826,0.9873767531326257,0.9724533525093674,-1.986028535907697,1.4437899047405243
100,8200,1.1626287713616157,1.227039866740711,0.9605230277856697,-1.1121462063077088,1.9187970855899643,-1.2673706902888986,1.672418513549414,-1.7300937797411193,1.3020639941275562,1.7889103800123016,2.6062551306768476,-1.673159197389809,1.5530854747131888
100,8300,1.873364241428603,1.6219472180918393,-0.016380966443006142,-1.602181974822143,1.4960493954663607,-0.8808458189375642,1.8912667984060418,-1.461099482486862,1.9282736819877213,-0.8002982817666803,1.7717627923740615,-1.1574259986023028,1.627874708110525
100,8400,1.5148756729711577,1.55612956675276,-0.2371703779337081,-0.7806037848562225,1.6797931548612195,-0.2998215355755054,1.9978897007612852,-0.8867788112530763,1.95487965660626,-0.7904240271349335,1.3795410751664854,-1.6436178432521544,2.07417497125872
100,8500,2.1026606025864973,1.7179043294859757,1.003893647115424,-0.4239202415625141,1.4180682955501267,-1.9137916389044611,1.7023845002471634,-1.3922610081325029,1.6635846299294712,0.6713371538433249,1.997082607861393,-1.6361528002231465,2.280259989717653
100,8600,1.4609372642649794,1.173497971841714,1.2131421995607625,-1.458439547438305,0.8950139499955685,-1.3616164487485487,1.6189602300574375,-1.2969913496601853,2.248356255576149,0.953502589788539,1.8721791696707097,-1.349859421372371,1.7386924839244895
100,8700,1.5307027559651782,1.4750606609749624,2.187729333744973,-1.2323460295923612,1.2077002952560605,-1.2075510905846139,1.4997235440779109,-1.3953287251382964,1.6897165111975525,1.2873310063493082,1.5007648998990548,-2.1420991836314727,1.2445855322022419
100,8800,1.7855176453413881,1.828974710638198,1.9472477329300804,-0.9027848414726785,2.2396885543614133,-1.247181962027418,2.3062493918566402,-0.9156496913854004,1.198791564608606,0.8460826607976992,1.9213851661083852,-1.5423742593491128,1.7512104109589506
100,8900,1.138505997537062,1.412340616239689,1.6270325754209511,0.08801071693468804,1.170430436676859,-1.3328738082866063,1.508415302201023,-1.1066933692943286,1.2337883694737015,-0.5248336446092001,0.6291821704420384,-1.3560873651549055,1.4967001318160504
100,9000,-0.5942264548791473,1.0531536352848505,-0.1553737098086314,0.09441836118161075,0.6611364092140077,0.5534917463275212,-0.9724548706469481,-0.17524833654246333,0.5684137522629484,-1.0449020261862396,-0.7935578750712492,-0.5736481184263021,-0.9113922745191505
100,9100,-1.4364988812769368,-1.3406643558289348,0.27060763880081723,0.223504874784502,-0.9007584722336718,2.0020824717204224,-0.9108440185351494,0.17979463871454288,-0.21586493852442984,0.3720514344721493,-1.0828811625688437,-0.8522350704409842,-0.6840184813484773
100,9200,-2.437425969790047,-1.048330072833851,0.08566010160111123,1.3860364832589094,-0.9585253666227395,1.9951714991365561,-0.8683507257125311,1.1014679989773413,-0.7072883285954125,-0.503335738932258,-1.5482063918019051,-0.4610423202858753,-1.1019665591332966
100,9300,-1.1892668465548026,-1.5952391421465273,-0.6509284707195527,1.5302902902265418,-1.2853330243924488,1.6884121481310872,-1.3268430493420333,1.471403662670907,-1.0042109548528901,-0.8373599017887342,-1.756310228734359,-0.8836030485076934,-0.9272195992868145
100,9400,-1.6681239094271407,-1.8057050615945014,-0.8173385617520349,0.0687228312715714,-1.2673987744687956,0.5224025583376665,-1.5045559001132947,0.9414100790593019,-1.299626613493998,-1.0584854524322096,-1.173634031447418,0.1878896103211166,-0.8166585592370403
100,9500,-2.026028615259,-0.9551864496997962,-0.9979812096770652,-0.41399406660317584,-1.3632089777354806,-0.3422722311147896,-1.38980879130354,1.1831876158626597,-1.0035551047896811,-1.116511162104323,-0.546162766208287,0.6996283882539405,-0.4796371013002844
100,9600,-0.8607620032646159,-1.2098065779666662,-1.3677888448989182,-0.5926891129641599,-1.0971457249135128,0.1571831986597563,-1.2590503473616588,1.6919022424702552,-1.0673807424347364,-1.4231817657075674,-1.1959977503870147,1.0712687223571826,-0.7894218598345939
100,9700,-1.434920446280582,-1.1841755125151123,-0.7025852194783162,1.3369187541767003,-1.1569624285973619,0.4324813574804529,-0.9115877333980379,1.2118740934600176,-1.1562013180806392,-1.0553172640411732,-0.9262621704763425,1.261990315176162,-1.2994802887004504
100,9800,-1.3258148185814636,-1.460235107353187,-1.3439873560323086,0.9700310621126066,-1.7576300093982262,0.45819834413628135,-1.3388917408092096,1.480279045534567,-1.406668121303133,-1.5166463369984156,-1.327881671114409,0.9774714372301456,-0.8949069054816617
100,9900,-1.9546222562011657,-1.4250628119174618,-1.5196024549664655,1.73898782789268,-1.6341522404321844,1.1100435201930814,-1.0766407708131662,0.9160148401921898,-1.337314164818067,-1.417985519278307,-1.4180799147188328,1.54296224640651,-1.846051341141894
200,0,0.559265405386578,-1.8047140378205966,0.15922032869541702,1.5818411480631362,-0.4677108968989284,0.17387019483205152,0.8655492240760544,1.1727782845759052,-0.9024309464239392,-0.2916690156251197,-0.014621487522180253,-0.14554354906305864,-0.25298252414802963
200,100,0.3779847748224853,-1.0119134888745038,-0.3579909800739527,0.6203174040690664,0.7162605002965677,-0.3858108033107453,0.6969275304665128,0.37109970820687804,-0.6452340086165501,-0.07362237474139113,0.8499572056309055,-1.3490646294838113,-0.4696756936899622
200,200,0.5136250873421059,-0.4411317598964679,-1.157652734956596,0.5893928897433248,-0.380646837960683,0.06173264305148247,0.30025073252249623,0.12312604569554456,-0.27441240762856883,-1.7904330777068347,0.6252436796871537,-1.4168183555846432,-0.07527279880849692
200,300,0.4197169489421705,-0.016109245153044346,-0.47982236314195154,1.218037787189824,-0.9222670018199199,-0.3960898860206217,0.5122374755003055,0.26916014536511357,-0.6540842733390194,-1.1066436093969703,0.5052990203770209,-0.8707447093849167,0.08871026534149509
200,400,0.4884544713796082,-0.70349932414443,-0.13978476720081306,-0.13614844916003796,-0.9078868995806418,-0.05371601106063199,-0.22836853556212178,-0.21951909425122726,-0.619459980603939,0.058195836249209966,0.045540880282598346,-1.1558378683084636,1.0705803961379408
200,500,0.40568611931851806,0.7438142535131252,0.8850730780080351,0.6220306519211657,0.6912035849499961,-0.8599512337607823,1.248517193339749,-1.2245909750086457,0.02807220056085276,0.598060004413782,0.6123921216495649,-0.30332084223993905,1.0760447426685418
200,600,1.822080278481366,0.897546379566895,1.7432116225050525,0.8706842579712372,0.16481931094819052,-1.0833329411433925,1.383296402003765,-1.7699317039603133,-0.009248244181771153,1.3001720639846137,2.092399365984938,-1.3735483693470867,1.690853993227361
200,700,1.204290443976905,-0.11495719718902163,0.9454126954915839,0.6123031572721968,-0.11553646032043301,-0.7612562075341263,1.536458364777804,-1.2784597045953041,-0.041807107824839825,1.1979985844556453,0.8678495334324131,-1.3707341312575003,2.077954282455583
200,800,1.0184030309378098,1.143209204430176,0.5141957868584917,0.1854259924517892,0.8921785377148317,-1.0820007184210378,0.7738353407792209,-1.0782634239041116,0.26025501275097807,1.7000809595829622,0.7221987383250524,-1.340994216242975,1.717306995524406
200,900,0.4252975549962785,1.1374667668231366,0.965603580220754,0.8245462207111468,0.9262322524649668,-1.1774898976877295,0.8582469486975554,-0.7582618076987021,0.9800746424840433,1.4833223435269596,0.7471006693296829,-1.4682089916543715,1.5940156318306125
200,1000,0.9193011491950476,0.8305820025259519,0.9897955193872302,-1.1074677706268965,1.0869760366392898,-0.7320365808114402,1.1511836512911888,-1.2358521134303577,1.5229634989974492,1.9056229713683444,1.6520986113023926,-1.2637076016797713,1.330176526808433
200,1100,1.3211680266303432,1.445343927016304,0.8380515969596442,-0.8168809173028688,1.4998072314887578,-1.2182187864188507,1.9396431177610693,-0.7925335674224089,2.1871569051678477,1.6293064161411313,1.6860186636991124,-0.9706949807268471,1.4736768964512081
200,1200,1.7437119499139973,1.4357616715159172,1.7467991037293178,-0.6330667872364477,1.2648907122975555,-1.0517011509547802,1.3525996679622918,-1.2629188074366307,1.227635850932969,1.7891695091850277,1.852648205230847,-1.2581555643344893,1.8620858098462914
200,1300,1.5337046404783299,1.762244125811762,1.5748421787388844,-0.5095393135168422,1.2555395484582146,-1.2146568811607088,1.2131014108357356,-1.0229258041089382,1.268208848395617,1.7682639527187922,1.8221546185681894,-0.714688508928878,1.933936674494464
200,1400,0.8219064041761368,0.599519882198881,0.15601494777856642,0.24328468186097882,1.1518432708836548,-0.6341371607411295,1.074667872624678,-1.07879113872876,1.3473677891291136,1.653008815950103,1.72379265240618,-0.9967090295254487,1.9724167427315527
200,1500,0.8120425234139217,0.7226196584958694,1.049674547879162,-0.7343891704145511,1.0865534958400827,-0.6708363347540566,1.3507281271064733,-0.281932978540512,1.5736493824341617,1.3375507461567229,0.502487959340682,-1.1197399920945306,0.841360113654719
200,1600,1.0605726179389987,0.9891832387484081,0.2534014173143022,-1.1811556661074702,0.4936447174711208,-0.8275823856105725,1.0034799713714986,-1.2443809519674967,1.53891458704322,-0.1886929442110233,0.8262558408726306,-1.4894513530165336,0.4247757697342104
200,1700,0.11273985237302324,0.5435616952772931,0.7418872623698125,-0.1251494470764598,0.8800212373066084,0.13188452348187205,-0.2900872767431124,-1.554855682284495,1.5029738596721025,-0.040658787679499306,0.29934805615815624,-1.0479216590055236,0.7217131920392944
200,1800,0.36596088808697275,0.3587074946590935,-0.32537748019320567,-0.5140560417916095,0.16865761092171902,-0.8229486071772502,0.1235175136801471,-0.6957290633302755,0.6515198386313544,-0.763308514152012,0.8607013058512071,-0.27860748400891155,-0.3756526926647195
200,1900,0.11313285200848378,0.6601435166793976,-0.07817970161381509,-0.718826933486963,0.7077313787077769,0.8601136342591302,-0.5053900276571968,-0.5550800995663129,0.3902490526360508,-0.7201237683189056,-0.0937603968639593,-1.3997701326310232,-0.3101599480134161
200,2000,-0.6460758522370941,0.1146896133997194,-0.8157323649710989,0.11729528254224725,0.8473700266877287,0.48542903010729715,0.13588468607706536,-1.0396545704912563,0.13722446916690137,-0.8533206987088868,-0.18983825247945574,-1.2450271299786675,-1.3178068010455832
200,2100,-0.29481668775365816,0.4642343796957366,-0.09534521441204649,-0.31586333530477306,1.2262840257006515,-0.6256856457195622,-0.8787443817086146,-0.5646185281014033,-0.5254207912480109,-0.9758824094478546,-0.328461870313446,-1.6559256991024027,-0.6035808354163334
200,2200,0.5365619075029405,0.20435914639731817,-0.9667046341744072,-0.5561034351671725,0.4186448961007757,0.2790852199010339,0.7997487940256423,-1.3169361967912074,-0.6373653612012999,-0.6613062722489708,-0.05901154763322114,-1.0991599246128747,-0.4576637209964645
200,2300,0.044675390307016984,0.41562144694160474,-0.39396286239209555,0.019580672525954065,0.1603447993892844,-0.6691704856636776,0.19899208383172703,-0.8347731199841723,-0.38848282060222183,-1.0150305557567554,-0.08338918503070651,-0.6912707096214495,-1.1567469431198016
200,2400,-0.3431995518089522,0.3051331649814947,0.9679202551463997,0.8846868676237309,1.0982059400949324,-0.5430122918971497,-0.3182283837197964,0.3257841828629761,-1.1275716729767231,-1.1512775990970727,0.01983040144414601,-0.7125252898821431,0.21095660708655903
200,2500,0.5561808438301198,0.3519920246414813,0.4799159487338127,0.7274453514068155,0.12260106454151919,-0.3335594456805304,0.6761407461186509,-1.0905286137161303,-0.010728425291090976,-0.2979182733329987,0.2661667965618548,-0.5548697328647683,-0.03599646434838259
200,2600,-0.3227406833722489,-0.3116360883761116,-0.37157177671064556,-0.1791195068740402,0.2481530937816775,-0.43773017769731903,-0.605964948163896,-0.12737020776288907,0.11479121546386917,-0.249536358598333,-0.2833035999499078,-1.062449237272961,-0.35629414447485014
200,2700,0.4584793423434878,0.5141857697709907,-0.013991822660499226,1.18826357156237,1.5372788478619777,-0.4903920826250724,-0.3378362331015901,-0.21304367397470111,1.1856505038239755,-0.5948640387170597,0.42747309391910804,-1.4152915906034609,0.16296647922049684
200,2800,-0.4554616783895656,0.38758437195497736,0.396042584666946,1.589403272416328,0.165223521399882,-0.47089664999374464,-0.56078854358266,0.4230023999835487,0.3808672983672438,-0.8631218771554632,-0.38194087837911167,-0.1636241882932196,-1.0754698576872375
200,2900,-1.249309473296679,-0.02980027300312639,-0.06957511560682052,1.2114485947581053,-0.2803214134448294,-1.01324938243845,-1.8031641431099983,-0.021614026651144858,-0.004105222898358224,-1.1393759631853455,-0.7010849966231739,0.11384395959551386,-0.7690993147137011
200,3000,-1.0498891633182255,-0.42977180204320586,0.198780103542948,1.6124203220875197,-0.6724684353323127,-0.2880223907701861,-1.1651528612781268,0.14670964945329315,-0.4660990488434934,-0.42279851378803035,-0.7190349959545936,-0.28406287580292405,-0.47739677453159896
200,3100,-0.4495248405210509,-0.6413329102570057,-0.1375717816630682,1.2044382965122595,-0.16016146237507264,0.4788413886102562,-1.0550903680836232,-0.3515365907319582,-0.31559716439200775,-0.4655706258518607,-0.37446843100550314,0.08798405500688064,0.09954352391079717
200,3200,-0.1705577319086915,-0.3537779673853296,0.5328809131124151,-0.5403219545848716,1.2873072424544598,-0.11135106750642663,0.22300570021394667,-1.1697652567740526,-0.29926139819248665,0.030116204501738308,0.1275840947578129,-0.20771592435783776,-0.8055547776769035
200,3300,-0.8515671117124262,-0.2627084282339518,0.5061586769886373,-1.0964142389760092,-0.04959262172878098,-1.2265617715274963,-0.3792363648645826,-0.13223643604130594,0.052478098413994624,-0.040006213007071925,0.14275907564910334,-0.16988679398514514,-0.5118830372809259
200,3400,-0.42826620363850704,-0.9437158035428939,-0.8169881385434395,-0.309003524292752,-0.9323992516058781,-0.5476496538834158,-1.359996575143408,0.4897229501603276,-0.05697741278685853,-0.08960142771674812,-0.3000347756698497,1.2778099922384711,-0.024356157562920797
200,3500,-0.8442357106750296,-0.6437518366783793,-0.38778513930623526,-0.6884393259185201,-0.5046171623330192,-0.36284394576825696,-0.6345743381617266,-0.5612067998431836,-0.6745759338971379,-0.6265423167710161,-1.061081715320876,0.5961673566953073,0.16341989887803907
200,3600,0.04647344341249806,-0.7744090937997286,0.4443642963149474,0.17621734875949888,-0.854418248011523,-0.7106243404262581,-0.06818925010432106,1.3255496481051687,0.2854287255684143,-0.4096384821471264,-0.11793244590419277,0.9016460842113743,-0.5580594308813284
200,3700,-0.7304503630978157,-0.9318861719204984,-0.8118943217358031,-0.8969322888066978,-1.017057245264338,-0.24993576534877227,-0.2520740471608054,-0.43977287789332337,-0.5852259026747046,-0.945908762519005,0.08524268731071696,0.41681065748489055,-0.6057748956731042
200,3800,1.0038806434913687,0.5892530222925814,-0.40446178971346985,-1.1896424068741138,-0.5532948112494307,-0.6763338550771241,1.292821192488245,0.5023006572338934,-0.2841444938813239,-0.495085756052824,1.4028061894723294,0.9966295109980077,1.3052816754221563
200,3900,1.168641604893375,0.19216929630412558,-1.403413297421478,-0.964121296963752,-0.42622609785059207,0.1576796903804283,0.994607626794876,-0.7909749658697366,0.6583008323525319,-0.5244792743285632,1.0930327331404075,0.4097394760942982,0.5749641835491102
200,4000,-0.6983785725616671,0.8119118539361191,-1.4582429361393372,-1.1049240858305325,-0.09715899193493845,0.607927895157032,-0.25234375897335726,-0.10361507559073461,-0.7272101346111466,-0.7514202315368436,0.014091483045573385,0.8605897988948957,-0.0015694000805570414
200,4100,-0.3004919819820346,-0.30749318647735785,-0.9990185155338839,-0.024238617059000496,0.38969968865019894,0.9843248743274519,-0.9275389202262608,0.32776247619904364,-0.27083144722252184,-0.8072508237737133,-0.6702889178555306,0.5116595702181999,-1.1722177431944372
200,4200,0.9834295044436292,-0.032244359321711304,-0.8886865035837688,0.4624728809327392,0.3200220043936033,-0.828322716088582,-0.4704852452590949,0.7100498164716007,0.33376585508429946,0.2238337028951104,-0.08389852615386048,-1.0234454061799931,-0.4937911096289339
200,4300,-0.777777648832269,-0.38559047096473137,-0.8787978467585079,0.9500870561647521,-0.6926648208479955,0.5432227027533123,-1.1385339256016267,0.32640250716241703,-0.29039258355871733,0.2545846993720323,-0.6555579764219275,0.41362334640962933,-0.10256235621375721
200,4400,-0.44075809113355113,0.2566898042887179,-0.7010615778720174,0.34775438990389873,-0.6883708322508248,0.9392426888699065,-0.8883089682214768,0.9161813775520881,-1.0637497476446562,0.26400199606559016,-0.8185116932504087,-0.16601115187331553,-0.6354637665876803
200,4500,-0.10655243046324193,0.5850775057021885,-0.3075364811385383,1.2364661908657073,-0.33542726669205325,0.13350952968682064,-0.460692364275019,0.41040541415092835,-0.5410920398523561,0.5040457863586421,-0.6152252261865224,0.1054227021324474,1.0873244663067847
200,4600,0.3349689742464983,0.052535911209311045,-0.28405496684322873,0.512828568915915,0.1339817274142139,-0.8683208738732454,0.36628416695054306,-0.12254711067310423,-0.17382954697920697,0.3246187072566684,0.182081619096688,-0.45412671654836634,1.0787645528171863
200,4700,-0.21378051313746477,0.2492288795309676,-0.15395766347011675,0.6743385663926611,0.8788893202058837,0.40527915448708035,0.007769465284354403,-0.015602073463848717,-1.423263157504643,0.6385779603771908,-0.3721214502823698,-0.7131738313741891,0.3205242040785909
200,4800,0.20130722382780375,0.10936164532265856,-0.5291594019813919,0.585611072316134,0.2618450791848253,0.8624870661246773,-0.13464143555726296,-0.5033888645140511,-0.5312299389964888,1.103131286114845,-0.10916817519468416,0.5531173938313017,0.6188526526917315
200,4900,-0.7899308444858755,-1.0424708595832635,-1.0173971395367143,1.49621857457035,-0.9538040367597647,0.9533532947817699,-0.852129473555366,-0.6087045725828191,-1.0895324830576016,-0.12299142488037243,-0.8793068374260417,1.235940631855736,-0.4481865313616267
200,5000,-0.9661232073376173,-0.877478966225284,-1.6325889036974814,1.6260367893990815,-1.6439964435283045,0.9852807424781167,-1.32324372621237,0.648850857367796,-0.5477567079101733,0.821024064646508,-0.7343213112035871,0.973330833597692,-0.20775832093875762
200,5100,-0.8255131697304733,-0.8731804721795151,-0.22848395538100394,1.2589008768577596,-1.301853807769951,1.28726040839041,-1.0344783984097512,1.3306281411793335,-1.2422625193876344,0.14812421401967765,-1.1440706697307064,0.042149755168480026,-0.9455055966765603
200,5200,-1.0622888247427902,-1.6873208742799997,-0.8930993253330478,1.47108210088574,-1.0651787954016525,0.686257419458048,-0.8678319875360135,0.45660606517866936,-1.1901428586041736,-0.5669326602895255,-0.783945623958792,-0.15241643155921783,-1.388243410936028
200,5300,-0.17967366500894089,-1.4815074795370629,-1.2636283756064672,0.8626725532621095,-0.9823869882823537,0.36325174823611756,-1.1618805970830635,0.5451492609376306,-1.391529811568903,-0.5947725498864036,-0.8175434748126144,0.7472795297817065,-1.1907633952415448
200,5400,-0.3712140924143898,-0.9211363687197868,0.1669307223099228,0.08462442570027626,-0.4937615739024894,-0.3276281218975572,-0.39147941658462015,-0.4718880104132427,-1.8178112597442115,-0.9202944947303933,-0.27412063446797913,0.783312664704012,-0.5226107100519367
200,5500,-0.8103810241872855,-1.5235465068605054,0.15670457693154638,-0.8568689052552615,-0.7766027434034201,-0.023765833511087627,-0.14666115329831872,-0.3168520753532204,-1.2221961832565071,-0.3547888763291537,-0.7453193299641295,0.6804830402303671,-0.811543742088739
200,5600,-0.41765828053969356,-0.34463908897423107,-0.007236691928076178,-0.16598020688643694,-0.806554720382035,0.5318446161645354,-0.012369068026171172,-0.8051102028254631,-1.8308456437364329,0.4656527493348323,-0.8937534525472184,-0.23980492007820187,-1.1294688662473362
200,5700,-0.23147304766957777,-0.3221444626843599,-1.1078652419544084,0.029540382921500144,-0.1027522100970855,-0.31665951189363695,-0.4318565613141325,0.017730989879776976,-0.6947190966519841,-0.7817252205219928,-1.183426547243245,0.4880532751450004,-0.25063573881732476
200,5800,-0.276443308146325,-0.4699102441772718,-0.519812597124622,0.05584037265392293,-0.8277622998005042,-0.4678579216833042,-0.23944048318000719,0.7110286066100546,-0.8552609114690531,-1.4809993948228724,-0.9087695018483802,-0.006594819037946325,-0.9245141053373486
200,5900,0.34204486708594856,0.2291416668128362,-0.8960527226630493,0.9330832594810712,-1.3688287129303855,-0.23563148654961694,-0.33308905632591695,0.12542669607509738,-0.6316965309569283,-0.8259258603043469,-0.21467687932145174,0.8450949376591302,-0.5448487197467248
200,6000,-0.47239926707338264,0.30943900959856646,-1.7557548388788247,1.5740773401547798,-0.8186355042530441,0.28725867009325107,-0.48717637872728303,0.04877527174054821,-1.0271667782437222,-0.606071158497316,-0.30038746642314834,0.997222029750036,-0.3352942229510155
200,6100,0.11904451659786022,-0.3673458974378173,-1.3517215249977308,1.1628127707742766,-0.23117848787462247,0.15368829311873405,-0.6448163437313997,0.6216290554347994,-0.46822055704439486,-1.3233664955810274,-0.41969138203015177,0.8591081387909941,1.5821864365367648
200,6200,0.4506544107518238,0.7240358248772817,-0.8589921482763855,1.53073033752554,-0.4828177281773559,0.8505909808517196,-0.03687881628107385,0.5823049139104778,-0.3450386417229835,-0.3699162419080119,0.47511709887688514,0.22186283592956116,0.7684647881348486
200,6300,0.9911294361385284,0.8074329359297825,-0.2634474834128622,0.44639386870578956,-0.05421049751680667,-0.0876630437120555,0.6073848355822776,-0.4017392187947187,-1.158318666048194,0.37222780167406716,0.36401561126619036,1.1023118688470204,1.0314037005529035
200,6400,0.19578423070186887,0.7911142042806828,-1.5021953987958703,-0.1389936669612698,-0.7222929199474596,0.03795108839359048,0.45335435245074185,1.0020415357704893,-0.7576281121351945,0.03627688518927181,-0.654879233233989,0.6201108366682319,-0.29005555126110916
200,6500,-0.3438387225126092,0.3446749155122577,-0.6058069379005548,-0.3301995131513425,-0.41664761606102707,-0.3582998404682039,0.09471778782073936,0.19974458035675854,-0.8946929003315165,-1.0552645348801446,-0.4579470941925497,0.589528933333461,0.19201501123208076
200,6600,-1.129409438297913,-0.07105840212283311,-0.9637303387781462,0.19809385641061997,-1.4003579630702532,0.34889893139665146,-0.8093259248497383,1.5009249148859385,-0.8068235955126989,-0.753140136165011,-0.8358312247181582,0.1049387659600644,-0.11842027283308992
200,6700,-0.7008741597873264,-0.20389213679108578,-1.311434013667156,-0.11630038909547821,-1.1536331794416796,0.5633343321298873,-0.5616316475432944,1.473818173689669,-0.2817748345588007,-0.1283816053350729,-0.970725657403321,0.18985090679337466,-0.14917665075633452
200,6800,-0.31144569181661486,-0.11861306985682732,-0.9853479847250431,-0.22525878825562354,-0.3606391633061368,0.10520618027734183,-0.15516871139385385,0.3787703424417874,-0.8049769268374406,0.43557565371551926,0.043619887572782276,0.8706257312714951,-0.8180468898083953
200,6900,-0.7982872679973638,-0.42753803460302253,-1.3695016067970598,-0.058816598839555354,-1.8408726522659031,0.1651936385943444,-0.7350185773135434,1.4130552224694852,-1.2852830184893274,-0.3075600697250653,-0.20202788184470571,0.8576860378278252,-0.6997080556614739
200,7000,-1.1935626622116542,-1.69933502217558,-1.3939437157767467,0.883000573940816,-1.110424206169204,0.7025172390759534,-0.6299495056519321,1.1743355759599456,-1.451624979832846,-0.008752539745195341,-0.6599017776908378,2.019602148224175,-1.4070865238365395
200,7100,-0.7001231563936942,-1.1825278398866226,-0.9368819536889151,0.6349396294950505,-1.321444131961148,1.1934499362901356,-0.5003787515484067,-0.527543868665424,-1.1059239580179123,-0.10255383808904663,-1.0535773830374966,1.6753542500563998,-0.9971854927514858
200,7200,-2.2138575896090265,-0.7656485129792197,-1.1320945973395484,0.0022913458449407434,-1.466317263132164,1.4325345383240637,-0.9959925168224179,0.5127467630392138,-1.5636529359750804,0.11122378332349453,-1.196722139243145,1.1920673145698484,-1.5301821116418244
200,7300,-1.3441587731072597,-1.1570482236845665,-1.1665831692417659,0.3180886659904991,-1.404372891845742,1.0823169352665194,-1.3610494869113725,-0.4692672036374809,-1.091850247537609,-0.9753506583491901,-0.8930680512734683,1.2011722863693788,-0.7600975753171647
200,7400,-1.1654775166953366,0.22328953762487977,-1.1126734727493333,0.3864702118672817,-0.7944280672978662,1.165502155599091,-0.5217624909771306,-0.12188110567715851,-1.4930544685830702,-0.585965712111642,-0.8508162452528616,0.672717212929917,-0.7570903813046923
200,7500,-0.5423557673883345,-0.4739851361870625,-1.3050557773784188,0.07508284562006398,-0.338016997217132,1.5561679140396714,-1.111633829594851,0.532088999595243,-1.1416693841333945,-0.6625009034420728,-0.26608210568770924,0.6016912601184782,-0.2762333667122923
200,7600,0.019973611998897585,0.0012068686022717419,0.29642777237186485,-0.3727092644752419,0.9207441354744171,0.6140800437310204,-0.5472629584908468,-0.751753432098142,-0.32111989279833747,-0.3912582690492822,0.08408754389567684,-0.8618486816250012,0.19192920505755626
200,7700,-0.7890818879113624,1.4286694788311647,-0.47556428146778895,-0.9548414273051646,0.2844179774191548,0.08282936097980018,-0.028045227622994173,-0.7167978957117012,0.5276958031794925,-0.6934136831871272,-0.8364647229932678,-1.3115433324167451,0.2790274347953505
200,7800,-0.046831515159855994,1.1552441664305708,0.21542384917114063,-1.0809520670933048,0.3958250156093232,0.2236246248369878,-0.16525344814239945,-0.5643431755737346,1.2812056762141064,-0.43221897329975567,-0.5036352910721891,-0.6298720870801945,0.6987950986751313
200,7900,0.4905328148991481,1.6328357478537872,1.2516686185682515,-1.2821071088863152,1.2410535785620385,-0.655491676204472,1.3881348064178511,-1.0504691056965552,1.359591982036473,0.010897469038185578,1.134613573513787,-0.4796796853165216,0.9012742918432015
200,8000,2.1232956663698204,1.6241634952800053,1.3763224879362324,-1.8123836423915767,1.4322759818874968,-1.5954561286175502,1.5577766621763047,-1.5713385119474403,1.6517316643186264,0.28668368987660947,1.373172648349284,-1.6457589031254167,1.7794049942492833
200,8100,1.6902982672491396,1.39364419864351,1.4385928724096835,-1.5693082380226517,1.690949671892194,-1.1154217700231501,1.3247180982150517,-1.3549268628682585,2.188401606738373,0.8218500414736895,1.6243340788048788,-1.735896980427189,1.9090802954589363
200,8200,1.1806187324055444,1.6900506852834454,1.4519035049901605,-1.5851947528255,1.542673003839446,-1.3654877638835303,1.9810423494027196,-1.258464797052575,1.2551151511032486,0.8995173350502661,1.1578905872022627,-1.0787876760793758,2.240354814038838
200,8300,1.1923429612792298,1.220918084502851,1.173917036015184,-1.214360730719351,0.8050279603305769,-0.840985658853589,1.746768658107575,-1.6885305853178947,1.8779833062894942,-0.7806723748427761,1.2354328669174934,-2.004121754466944,2.0609696974003944
200,8400,1.1821889751428887,1.5581968125573928,-0.09459700497698559,-0.9947217766220732,2.2252727871601157,-0.7433805673383592,1.8383325012187415,-1.879758151153232,1.4824504183485845,-0.5923255338222224,1.509432956701323,-1.2854166039482076,0.9165090091838887
200,8500,1.902260958380694,1.0130409808107501,1.4487867677286432,-0.5307457475439773,1.755983239669186,-0.8476973587237049,2.267007329260584,-0.9917204782833463,1.221475184199897,0.47273316397503096,1.802288188895061,-1.1875622976960833,1.9255188904941731
200,8600,1.7513870496793524,1.3313562510819354,1.746284917362573,-1.373022218027042,1.2930926959575568,-1.6625842154806691,2.071446046132303,-2.0286214186003204,1.851234759281275,0.9937483285260605,2.297428306457142,-1.592423398451848,1.3971023073522058
200,8700,1.3416768313387337,1.7143629264829174,1.6403478956893545,-1.4456950981066476,1.351654886253603,-1.5966656205645207,2.2341746975500665,-1.2657541443858737,1.929229622286527,1.4654463882651958,1.7501727047683,-1.4883254564128847,1.6700176049799897
200,8800,1.8914662567725906,1.5802487054193408,2.4296143718022183,-1.2392013568483862,1.6364016099912029,-2.063054338560062,1.986054382877971,-1.3774072336498455,1.5567330967116568,1.357137852029369,1.2636751969782225,-1.2167987831750642,1.4535433911637021
200,8900,1.9194468442647559,1.209966174716659,1.5965426225414558,-0.5680519947770377,0.8524994333713005,-1.0763860745479852,1.8925474441681474,-1.6409314207539887,1.9211414470490782,0.9057344769088498,1.8550088648281815,-0.9424739353133375,1.7115577145908552
200,9000,-1.2423669758322333,1.31184021648292,0.6508846908842045,-0.5199616605955352,-0.09447042768372683,0.5958701179332211,-0.373110224113253,-0.7981120978608087,0.9772235259869214,0.1127907291801556,0.05359552694164842,-0.7409954341159312,-0.2344168686717037
200,9100,-1.3919644145014625,-0.6104961892399303,-0.576265654337648,-0.17754834585751914,-0.7034358379177065,1.9030167334753594,-1.487641897263603,0.6339689956800697,-0.968968591062118,0.5764761591610009,-1.0054460769374702,-0.45905159608468366,-0.5619214636741363
200,9200,-1.7169708601753,-0.8874771887794757,-0.5514044857767262,1.2020722470176892,-0.8829899112900754,1.3984387331921315,-0.3431839916945404,1.2300690341350635,-0.9827301567712351,0.18195619329816792,-1.1616756940312596,-1.2696673636145128,-0.8243847048759358
200,9300,-0.9901864311709575,-1.307038833556325,-0.7777191537149175,0.6191938247720987,-0.38086072848858155,1.5353023645288444,-0.9827149924308483,1.4021104796838768,-1.5714934157132068,-1.0581840929209665,-1.2194453269953864,-0.9522971511907065,-1.1514482732199622
200,9400,-1.2731079773174485,-1.21637932722798,-0.762570542323322,-0.04255113389472568,-0.7991983426338495,1.6354020195208328,-1.5100816251667741,1.1490406757835283,-1.156238965981242,-0.5133753336438138,-2.197956486270312,0.08902782517686339,-1.391220135185057
200,9500,-1.687375775145147,-0.7075497341302023,-1.2787785117123696,0.5370565826295183,-1.2715555007661263,0.7595135642197687,-1.5110183337578162,1.4172866214784663,-1.4701468223975427,-1.170144734427264,-1.700345749941711,0.3431908185119099,-0.3571450094632233
200,9600,-1.3974652909730128,-1.375975127961823,-1.3826902008844082,-0.658757948567609,-1.1756026694646942,-0.46583165771834434,-1.588352661816201,1.5731819784860597,-1.1709977569340755,-1.365767639518228,-1.3139784570954256,0.9655020860242761,-0.8411222956629526
200,9700,-0.7457376450818738,-1.5315396205100813,-1.7724100278871087,0.6885542754613735,-1.622417958751463,0.8422833051401286,-0.7981176790489939,1.058043677215821,-1.185307942694009,-1.2258763458997033,-0.6852603472448027,1.312928183471103,-1.0855813602859061
200,9800,-1.9618138660792317,-1.0784613632462177,-1.4332814860552154,0.7812423039955062,-1.3078827966256477,0.2547671423389224,-1.279204943956825,1.4318762388837334,-1.3651857481262077,-1.6789928624963064,-1.4820232993904323,1.6738649847877132,-1.3155187994113213
200,9900,-1.124933330624607,-1.72818242784253,-1.2905510730089074,2.1369730016873816,-0.9232276395581833,-0.36782405518667466,-1.7921384337783588,1.729349552690172,-1.449236052106319,-1.0580149771995426,-0.8205408141673588,1.918059158275771,-1.3578450972700007
300,0,0.7152838608428096,-1.0591669188133994,-0.5345251660078679,1.6656829021792896,0.0048000700988665755,0.003614636607836531,-0.16755602564033656,0.4010340691784707,-0.9363930323707561,-0.9154779054121861,0.30168852024801146,-0.3801962074152969,-0.44150594221894934
300,100,0.3324024707291227,-0.23337552152003654,-0.4128198269612785,1.4796144473781287,-0.223237277234321,0.16355201321284965,-0.4683097232332898,0.08496216995310042,-1.2182148814522333,-0.8869172999905802,0.08359996482303356,-0.7901454004632691,-0.3796257718498037
300,200,-0.15423254496973668,-0.7377085646120156,0.13725541934272897,0.4312314592935477,-0.47295256156936405,-0.14726671380532372,0.025341874292127167,-0.09797010809577353,-0.6789674666355493,-0.8953371956870201,-0.5892898844912133,-0.1348369488695255,-0.5212287581971194
300,300,0.08321634868641953,-1.3375463400717025,-0.06816792205511031,1.1969897619546568,-0.5903177614923202,-0.4836117446912327,-0.29138024237282506,0.571999255308762,-0.8781619499117843,-1.5803440158028184,-0.057248878684021294,-0.0976681653194235,-0.2462214303618799
300,400,0.8887805382859514,-0.2654257617454928,-0.16294753757824573,0.46957759782511477,0.048237050044324284,-0.7167535972326732,1.3469367108343575,-0.1671814798371194,-0.8785936456153431,-0.2382112115312974,0.6401882895260634,0.08730650739992389,1.2503134983098663
300,500,0.23479554923055876,0.11474440811700923,1.0888227811032387,0.49233713025966186,0.7271932418481056,-0.603547493752939,0.8829280722541003,-1.2582255097784643,-0.6174277860148345,1.1052929013595858,0.21344634560200382,-0.9222129811596964,1.6084759910653943
300,600,1.1984939626166544,1.0680446891997404,0.9901657536707823,0.14172522999275788,0.855119078212667,-0.7401373358476263,1.820557893213302,-1.2200230451759972,-0.7775229290810112,0.8726063810386906,0.884069633196847,-1.119772710590847,1.278164735386629
300,700,1.2682756829666624,0.36570757934726034,1.8611529975964587,0.8948273452478515,0.8941279441879291,-0.5859814939453142,0.6485439488423738,-1.079342929143621,0.2884617557496012,1.1280913902952532,0.7948163008854566,-1.0336304068328377,1.5037628003382737
300,800,1.0694671400568538,0.8909242066333818,0.726424858012798,0.8430261734629858,0.46439796470618555,-1.2295334363655828,0.861847437814846,-0.6063295073554786,0.33087108455438796,1.8275579379992506,0.702490457280546,-1.2744703342289012,1.488033753068847
300,900,0.8605881613370546,1.340495457168439,0.21918226366157434,0.21360766701921047,0.6881811259967902,-0.6117444409474808,0.9565244234629708,-1.906928957846778,0.5951175910905203,2.41852134581072,0.4349634826937733,-1.3508172627553419,1.7837894006037014
300,1000,0.9179568350895642,1.0545075036620615,1.2466405844592323,-0.48034537094551044,1.1313944330610943,-0.3824576310003754,0.49568778387485646,-1.1365752414767734,1.4592448425617075,1.4954194260451603,0.9050117951892078,-1.3124877354953408,1.6836446501867384
300,1100,1.5221428748383297,1.7529954129229406,1.3384945288110124,-1.7379260185898382,1.4573095628095698,-0.8943817785488001,1.3708017504669425,-1.3956294079699203,1.4709927010830186,1.697579547111448,0.9368036239195713,-1.3217085665940087,2.0340285338733817
300,1200,1.568662944329689,1.8371715507799944,1.4859478480430564,-1.2536682570956674,1.233094703725141,-0.7463885596073334,1.5999754774982133,-1.7678092490889463,1.3601915539823297,1.5040737360251446,1.9179390305331572,-0.9318627613180359,1.4750354472197351
300,1300,1.1000735072640002,1.5763112026738606,0.5028234138629236,0.34971280832648477,1.1423486771451974,-1.4591832920256058,1.8357157295702162,-0.18843138682339924,1.2753989495829146,1.1979287792530375,1.0474717124629318,-1.1178805170935244,1.6939973617133766
300,1400,0.5093737581247796,1.4534532973575933,0.1261167503263907,-0.3644958165077618,0.9634918569247991,-1.4726424408190408,1.274234505085048,-0.9330518625848407,1.4107452295763587,1.264873475944371,1.2863809234803847,-1.0076215937247746,1.5032522263874497
300,1500,0.6867319577976888,1.3142210686292222,1.032843808304884,-0.2787549934934388,0.8090987554167957,-1.0919799291941394,1.1198176958541128,-0.9870969694850209,1.1091816665087357,1.0364619984920915,1.1060954323552745,-2.0160273116943346,1.373715735355637
300,1600,0.6217857684146202,0.65641346829623,0.27190787406287187,-0.7094500852784259,0.6284256697881426,-0.31832253443183595,0.28713744649423834,-1.4697042687734072,1.9329258513214018,0.769098349232775,0.9063436057000839,-0.935852877575104,0.7107206504688001
300,1700,0.09676492898060712,0.14231363461336427,0.3557806036548432,-1.203163156395104,0.5671198113787049,-0.3045038898620819,0.5588501022273327,-1.030376842536427,1.724298576293184,-0.3549453390455987,1.0754178543822843,-2.010008709846081,0.7982350410174393
300,1800,0.32970722367952776,-0.27762411672635845,-0.8678085648189372,-1.2308105130096545,0.02703072674534368,-0.5426422029174499,0.381352529180883,-1.1608647194355124,1.386045914397161,-0.7784394202989682,-0.25095118728600785,-0.5712577552384386,-0.0495464329640208
300,1900,0.09425325271126503,0.5114002312166783,-0.7283409640839477,-0.30199338626093797,0.10991232699928069,0.8041311285928179,0.13423748357486429,-1.264788343831479,0.035227759495133314,-0.030150887527272532,-0.5812187774376036,-0.6169566178002984,-0.7308252044997935
300,2000,-0.69937169201411,1.1423854478267739,-0.13881493990666852,-1.0961332440290332,-0.02689757008972652,1.1463293735033526,-0.4055277294000654,-0.8783535364520128,0.8531011171141478,-0.4512954578081543,-1.0893645414924478,-1.2867634026325476,-1.8516307069689308
300,2100,-0.3849327541730443,0.4060270689822416,0.29272842799011217,-0.3066473031536735,-0.49521122755050057,-0.15776820975772032,-0.48464357619643705,-0.6435367787335916,-0.0650360644790583,-1.3775757782699087,0.3139618091691831,-1.8426402397477526,-0.5983234272397027
300,2200,-0.04184920999985757,-0.5349747144555022,-0.6442363607003277,0.12950907088702315,-0.03340179586699573,-0.8923800127370284,0.04805242254728987,-1.3198635285558802,-0.5300983549498788,-1.522719301267126,-0.5971732891196413,-1.7429690295152283,-0.8580328498725944
300,2300,0.16024284459628216,0.12656055261165286,-0.11668659832798682,0.33997122457279955,0.005299446422480739,0.06260764935608673,-0.44237809002755835,-0.4260673291031979,0.006441788103251569,-0.70928426695419,-0.0603393336017687,-1.074137179315383,-0.06725911597554163
300,2400,-0.1497497862735214,0.62314407882334,0.26580254379306706,1.7357898191127012,0.6424640948770662,-0.7872438418238307,-0.03795936727310876,0.29661941224386335,-0.13549739650915923,-0.4541622156140402,0.3742442860288905,-0.7872981471514172,-0.2573583980577223
300,2500,0.6353695563094048,0.859088249693541,0.21059653927363187,0.6018569003245139,0.5184474126449415,-0.3538374317414089,0.6600151116984675,-0.026576532388579537,0.13817311923185174,-0.800024139757112,0.5939320993235626,-0.9389753522630016,-0.23490981872763342
300,2600,-0.47061349982827305,-0.211618449914317,-1.050901104974577,0.26239405592030585,0.8285134426178237,-0.6055132888208495,0.15279497871464914,-0.93545582304487,0.9912061283682261,0.4208409319366502,0.39016951338162487,-1.140114441627395,0.05348450888826212
300,2700,0.8343310683626777,0.3174230186422181,-0.4227076037143182,0.16884455564813963,-0.06811669564104393,-0.5142562738314733,0.0775584695650044,-0.5519133683859495,1.1571266472075743,0.13656036121427537,0.2593955792347202,-1.416571552239404,0.4771677775120126
300,2800,-0.45475547858943827,-0.37045538667572886,-0.5198152572888236,1.3934476160986915,0.019177635823917346,-0.4516070765671524,-0.5441912044114382,-0.5145111319127365,0.6473018645343951,-0.5250183619752941,-0.3066708861211125,-0.5920674597847404,-1.0037748811222398
300,2900,-0.7949187560025329,-0.2451119441591527,0.7966077365510389,1.5904013549180782,-0.28664238187456026,-0.6232491956889888,-0.766224202685085,0.05491770232981278,0.23459207492887718,-0.14090558486789834,-1.1220386193143959,-0.7296892021512419,-0.654518946795495
300,3000,-0.8324301473262791,-1.1982840002813715,-0.18963695299201758,1.0594096522241003,-1.3288856593983491,-0.2752041650640289,-1.5900063987683961,1.1812027598391337,-0.8290275841655315,-0.3687133019367301,-0.7993353310341771,0.3188243024430888,0.40795608312330106
300,3100,-1.128032170871255,-0.758336933070922,-0.46457072789765824,1.482535097055335,-0.35963131713067237,-0.10908150675964744,-0.7788790879938611,-0.11958248548779021,0.06958747470780408,0.30955113715957955,-1.1155390494339563,-0.29174133516533995,-0.5919610414667188
300,3200,0.4939239883017739,-0.14566481884645535,1.2025777114605942,-0.32713166427156454,0.6532329500439452,-0.5280229733321931,0.3715442652692477,-1.9253061866629007,0.6055355868866836,0.6542450975908626,0.5398934144624382,-0.5188572137146658,0.11288251781300805
300,3300,-0.707721787021949,0.7645139267890768,0.40939617064003503,-0.3779424688635016,-0.44886364643501286,-0.746479715310039,-0.484646038960616,-0.8149557385388523,0.13384123834154435,-0.19612666252060915,-0.2935884896615721,-0.3530281739055342,-0.31135224566481556
300,3400,-0.8376163675991052,-0.6580156416423559,-0.49604028631733726,-0.43087098799439527,-0.5715132979221319,-0.25868695582350093,-0.2225379571907903,0.3413785340737441,0.21570408950897546,-0.8246063751693042,-0.8083612059073866,0.27068440444134295,-0.15432540212529763
300,3500,-0.1695033705557729,0.08113337208891973,0.5584777291311493,-0.590366612799091,-0.5841029260352795,-0.48047133895937344,-0.3570924707597627,-0.08212774782396197,-0.2811833963842278,0.3398180313483539,-1.2032233648702522,-0.3957465142156498,0.787203318546682
300,3600,-0.22474574855318916,-0.43862344911636947,-0.5165552134743456,-1.990297532389184,-0.2488723446151981,0.6184941161422979,-0.16419829316395618,0.3826137364893105,-0.36741168899961857,-0.3183612336268173,-0.06854352571215436,0.14193050337674015,-0.3907068798473914
300,3700,-0.33533151562394864,0.5730182820304355,-0.48119060181525075,-1.1191999021940628,-0.8371187660134326,-0.0053611594693691545,-0.7899715596549185,0.6316053086110873,0.10507246757791529,-1.4746701002165907,0.8012246418057284,0.6489813085801647,0.6543254523156777
300,3800,0.994022544396557,1.254078342757996,-0.6926587271941745,-1.3088869223553232,0.20545868510372592,-0.2171369467065323,1.0802995505849193,0.24661602358481083,0.7461345939957537,-1.5391368539710608,1.307176258001462,0.5776099770675678,1.4549487996609807
300,3900,0.6392193770722032,0.5149937263719594,-0.34106727175504853,-1.5391893498737623,0.3656951462124644,0.10168815423027351,0.11458364520327376,-0.6263379047293098,0.7702261768707487,-0.2890857167774392,0.505831684696339,0.06444870259943401,-0.5562824136745596
300,4000,-0.30754609470094063,-0.416505094401799,-1.5850720589648648,-0.5017772262695229,-0.4848596430605695,-0.8547264231043125,-0.2643416738750749,-0.4066424397622664,-0.03866184056077208,-0.5696774898663179,-0.3130600812047711,0.2556905366435955,-0.18734524880634948
300,4100,-1.0974080086520879,-0.03791623967006972,-1.3843342625101833,0.3367655865153362,0.6973216313325836,0.4397742668759266,-0.767526524046021,0.8779015577894269,-0.1711725687804975,-0.8283541848553627,-0.8161509528001345,-0.30764325027023354,-0.821178242441953
300,4200,-0.4608441669698095,-0.16022252725208738,-1.2384594598363095,-0.4067904804073928,0.5509203922300219,0.5096050147388052,-0.09004792871308907,1.137116259802302,0.6565032087189822,0.7681744432742998,0.3798779434783875,-0.41761877536271036,0.18754476128502495
300,4300,-0.8444910946738686,-0.22769181351983447,-1.3408204914128747,0.8560916982089731,-1.0518718805868161,1.2182439474898443,-1.0251233061098624,0.2984743350218481,0.24425359687594284,-0.47014363439294615,-0.5437012262735469,-0.021105643966424018,-0.541712489475252
300,4400,-1.5266505634955887,0.47392235596414806,-0.325515161761763,-0.06263001269602626,-0.01406384359323348,1.1207534377836499,-0.9541870836573102,0.618057429349348,-1.3489806509313287,-0.4148282972687433,-0.6037284976465929,-0.3857227894201162,-0.8444655558968229
300,4500,-0.8815135847249022,0.8831571402477111,0.6346032477082415,-0.11843735540424435,-0.033136797504604236,0.645656216300891,-0.5336548489551821,0.8142461295262914,-1.3997032013365263,0.6531494298027316,-0.5814217988075052,-0.35093242729258833,0.8868014478300633
300,4600,0.44902132681123474,0.6793241457027452,0.1944179103505855,0.12418597900039077,-0.7631109524896327,0.2358884259860529,0.456628933529336,-0.8908238420804575,-0.23674266550713288,0.029039444589142573,0.386079809868103,-0.04659353431780479,0.5580159258642216
300,4700,0.010943986312521223,0.38840794142262036,-0.47316724630816426,0.7616642691522557,0.6350009491691557,0.501582395780724,-0.20893320047584588,0.14959771649723655,-1.0951937703994752,0.38432365255176454,0.29381687934185224,-0.37455440090119757,-0.20782028076429157
300,4800,0.31762566685476307,-1.1403575928910106,-1.2813449029663742,1.3269619264765524,-0.15951260497096503,0.4275569562774862,0.31068282872900443,-0.39881613405767424,-0.0021199007719406144,0.8466988504789753,-0.21271668648867673,0.42832179416497745,-0.3958722473101723
300,4900,-0.7157318088783933,-1.3229755336685494,-0.20935690874657237,1.3056896015867576,-1.1414166564456292,1.0789314413027442,-1.3022480683333637,-0.325830721117074,-0.5043947743369196,0.45456738133603874,-0.7263018055296743,0.959369891540271,0.18397042248787393
300,5000,-0.9094747770137821,-1.1592460579638486,-1.0553620961908037,1.8789898297325927,-1.112499298691185,1.1111682269642364,-0.6730728283377609,-0.07856005498789458,-1.0488786749065095,0.7491769290978513,-1.4156057081130062,0.8456772782982778,-1.3434996323760826
300,5100,-0.6294356437572078,-1.02434145952253,-1.0169599947264243,1.2426506302761708,-1.5521155895064591,1.7839994015231093,-1.1313295599358375,1.2043627899479783,-0.8596494264718592,0.0746307429400533,-1.0887370777494099,-0.4272871546963466,-0.9369065981910412
300,5200,-1.0539089351597737,-0.9031588347635976,-0.4014218031567908,1.5431912764301137,-1.1718764478507415,1.038320263518949,-1.3560628745186944,1.2064080269204553,-0.917041765150277,-1.007696308855629,-1.3031705120935118,0.41115255268551515,-1.0440663771673846
300,5300,-1.5156037070876431,-1.3264100818331324,-0.8840390906364314,0.26520919370037394,-0.9908699482834636,0.16049243400094063,-1.415387871928148,0.7541925201845018,-1.3888591970043789,-1.129364043897768,-1.8079996608590354,0.2050774525279737,-0.6140845186694097
300,5400,-0.7604950726175862,-1.1028651843095385,-0.04312412003851819,1.3699474371246039,-1.610098292033457,-0.08758775830282996,-0.726663201953561,-0.06339392691562643,-1.1970083896260786,-0.6638622250917144,-0.9339114064634458,0.43255824396005266,-0.022627479497242337
300,5500,-0.5869272283104111,-1.4172780256482453,-0.5362684721008418,0.005906486483036578,-0.2110781553246901,-0.29541189237085247,-0.8106641252130665,-0.9177453417666777,-0.9314792956234522,-0.28516007906766655,-0.5262892373033113,-0.06806533916006403,-0.08850955590136858
300,5600,-0.4849420526873624,-0.7357091603890623,-0.7157033352881459,-0.13417984417295944,-0.9219947032009412,0.4785816998636256,-0.08273882173446677,-0.4978007604241326,-0.2366736471866875,-0.4642672586734779,-0.7545451121706404,-0.8093087667912962,-0.9113775196684811
300,5700,-0.0015311374245435966,-0.18275168659519653,-1.3109873037320317,0.17011989106421765,0.971995430587229,-0.4911641927461049,-0.4126980952865243,-0.5516819646531301,-0.7196940951024741,-0.7444721048180277,-0.34840539198727893,0.42296009385450173,-0.31318965702869916
300,5800,-0.4859476799374806,0.63053966689254,-0.6006350496671916,0.1902615183529612,-1.5931920067021446,0.2561383593041787,0.02919060968762277,-0.4469049174064057,-0.9869934038502403,-1.2662972083699575,-0.09467137721388638,0.459160237770589,0.14497756926829952
300,5900,-0.6345068481113859,-0.1416435349573197,-0.433536103491795,1.3828521974766508,-0.9362376991447905,-0.5256729928152002,0.1806794064474813,-0.29438524521189924,-0.23294178340555774,-0.9613658170471098,-0.5287602431864784,0.3557604499162108,-0.5816336127897812
300,6000,-0.04546613751714033,-0.49892922711942284,-0.5034805469969111,2.0042408845761583,-1.5511633922032795,0.09670061769643827,-0.5108700592713648,-0.07727053030713926,-1.0474841258767653,-0.620449447392164,-0.17034301377137923,0.8731729694738406,-0.8263943937792579
300,6100,-0.7738215594138605,-0.37247058636108327,-1.128955486301229,1.3213849475313924,-1.1378971861250564,-0.030221501404514167,0.3799122303019519,-0.7046850260180181,-0.24539474258725136,-1.201183000106923,-1.0700473906023684,0.03558934197893738,0.9835674599430964
300,6200,0.28622226020456765,0.733320032802573,-0.7301206891553724,1.3900279973310743,-0.700676400262245,0.10113010534897793,-0.015189771240540882,-0.29722148981537966,-0.16295893120861263,-1.0973699261179677,0.23107225177577964,-0.2618624498344053,1.5781763502394934
300,6300,0.737809787087043,0.7516614732451957,-0.39131963831003025,0.5690636071731972,0.335770777125757,-0.2987486914021464,0.5543137219663337,-0.5647978116609068,-0.4899124027661177,-0.38484745178354296,0.6331430397773515,1.2005896251636383,1.4380649345255727
300,6400,-0.852227761547043,0.2348400212847239,-0.7535687763482849,0.6091942016547991,0.12268456369329693,0.26413380577961154,-0.2282605194887506,0.6591068281334411,-0.9746478397784196,-0.22093792670948728,-0.15079041917373798,1.1636176045061533,-0.0016032331525631409
300,6500,-0.6138164210457292,-0.14344003872033273,-1.3228239705639493,-0.7520502402743462,-0.8043257701235376,-0.35390890487137266,-0.6718857071880736,0.18349688001975759,-1.6036814786824478,-0.29820109750067114,-0.17531564582133682,1.160962456473717,0.16718345380942468
300,6600,-0.8146234488675331,0.850830804766364,-1.7584495099178943,0.4156450291712043,-0.8196176552643846,-0.6375132493127096,-0.7820409658120242,1.250910777128789,-0.6219601753041437,-0.5464623189151792,-0.6064198963154832,0.39354954927005725,0.7947252057950327
300,6700,-1.3505037234399278,-0.04337096637871762,-0.9472496855615236,0.25939849917514235,-1.4038817179768155,0.6130962571610362,-0.9392962764723941,0.775632540256651,-0.7086230977887215,0.4901915261607187,-1.2387300848067104,0.3014859333767187,-0.6042738747185626
300,6800,0.768146375416349,-0.5306369048203075,-0.8681636596889607,0.3130965911330072,-0.9433487133018778,-0.697875189010803,-0.6165114899352261,1.0806706948561642,-1.092533713672904,0.34293481490791106,-0.07859016118101955,1.0900442615433017,-0.5891577024032528
300,6900,-0.20089870087190795,-0.6973609769334917,-1.3005765089477932,-1.041587552905934,-0.991242991880989,1.364831135617298,-1.1597455479294847,1.6119593153813798,-1.0185479978114045,0.3200114895519468,-1.35526092977899,0.5480763742309646,-0.9865682109926075
300,7000,-0.7927828435392725,-1.6548125662273496,-0.6381953068708134,-0.1888853074329053,-1.376117599669917,0.8673899787732033,-0.8980415772837957,0.9629767277934201,-0.9210019849960163,0.7623604318938257,-0.8858873769953832,1.245617981645305,-0.779962188005551
300,7100,-0.19676143600239465,-0.8797517520332044,-0.7702957699512111,0.5524732627470389,-1.1634302838643424,0.8678551564928539,-0.9529519451199073,0.3177865633742821,-1.529638764471748,0.09811922957992217,-0.63340507957294,1.8786779619091822,-0.47285980536056627
300,7200,-1.4710021595891567,-0.5773341802964393,-0.7428736480672603,-0.22092971778397816,-1.5608321205516897,0.9220652319044782,-1.799592556451764,1.1980603005446149,-1.3997616108827555,-0.49270258428803415,-1.1440610717271515,2.6315487041945977,-1.7278299784598519
300,7300,-1.1537431698741416,-1.0143974901466357,-1.4971807080607658,0.5051533684269881,-0.7888523608585654,1.4084233958941559,-1.3296718987107758,-0.1762590800971986,-1.7061045035550189,-0.3205813490990917,-1.299414203403755,1.2893214771124453,-0.9847918156789055
300,7400,-1.01982707246159,0.15784314021678264,-0.9843409460649717,0.14296216928663447,-0.9993580782157024,-0.03674252276540627,-0.5572794336240172,-0.2105760510937319,-0.8971407469725587,-0.5293386833989239,-0.4273903905639458,0.9900713376515989,-0.3471437485408509
300,7500,-0.8028044628968314,-0.4371577765054324,-0.9801871940838458,0.11663177408286281,-0.8745099585502346,1.325996313350279,-0.3257531217862546,-0.712911468267808,-1.0456627947542367,-0.4210010545609641,-1.128631303017102,-0.08692682516396885,-0.7259787715254397
300,7600,0.16268625510195758,0.9321971671451117,-0.5898717860331003,-0.8687299605000659,1.1531081721788436,0.45631916779720777,-0.15022807894917525,-0.2763330045260125,-0.45636087045514023,-0.4966332354371447,0.07804490708207085,-0.8668376621656011,0.3273155296353385
300,7700,0.12103990616433005,0.4517478317509383,-0.31962950171047394,-0.5757719409311851,1.649778022271333,0.3460892415938018,-0.5722052705625577,-0.8903101840844245,0.5623889948247328,-0.6012079897239136,-0.15749111028569748,-1.0556510220336937,1.0272154400251796
300,7800,0.37772370619465073,0.7963883933863576,0.38574626865644407,-1.0497494365213704,1.0535340103390844,-0.24757669189623643,0.3514570862559618,0.13822524591740387,1.0353534821056904,-0.8060759550307682,0.1594545420304725,-0.8637497542179633,0.3255440293215422
300,7900,0.3787879932337042,1.2953839241662095,1.713721929498268,-1.7891806990412704,0.39405428129986464,-0.9285573116907955,1.3564297489682706,-1.0237658526067543,2.131219203208082,0.10523849929860332,1.6333859102619908,-1.1288247897240737,0.6642346143139997
300,8000,1.5911940583625317,1.0161285101351147,1.3889977109095606,-1.6275888023278318,1.5285105666531718,-0.7757802308162115,1.7265732533784983,-1.130137866613966,0.9825257174164327,-0.0306010442316994,1.1182766940613575,-1.827003481323289,1.7048952079138047
300,8100,1.5260410767676424,1.247387179347698,1.3961749508033365,-0.7715713645312207,1.65189892646981,-0.9121928494758548,1.6657336105449732,-1.570740703134192,1.5317207013885958,1.2849609100116528,1.8318873870177859,-1.5738453749984087,1.8906316241894652
300,8200,1.4699482033198268,1.627896808525341,2.000792579963685,-1.9453266980436748,2.24653916013593,-0.6426730359304698,1.6105025046771382,-1.0304395244415514,0.9001616778703294,0.9060569925996298,1.3321824800813857,-1.2730215760437165,1.7424634553408138
300,8300,1.5166402861563362,1.8102878839226288,1.369067969245583,-1.2542818722857816,1.1733196071463978,-0.9750857558052963,1.384795325096769,-1.8113658406146664,2.0048804591484526,0.7582793039228234,1.658831742064495,-1.5921875619426418,1.9655804091903273
300,8400,1.8113302403506026,1.7229121024359517,0.5313879408591655,-1.1564965242950873,1.3018322167940901,-1.4804889054844355,2.201648384244389,-0.6440317512627309,1.379219271506531,-0.030001220533858893,1.8706453128726195,-1.5305924784755267,1.8895750958545652
300,8500,1.9759543717495542,2.450967639146891,1.225348129531219,-0.613851677501001,1.3397742666912695,-1.0624267627829638,1.970878145041423,-1.316305809636539,1.5285746717119708,1.067428326780896,2.180312105839349,-1.1051915056975523,1.8512943133234276
300,8600,1.3167014635823597,1.7788297715074524,1.6053023987690793,-0.8597428061826037,1.2606718379233772,-1.9169802166917638,1.826256568110997,-1.570602203497589,1.5355569823616309,1.0278881321517528,1.963031917395339,-1.5767021523769997,1.5917480061142768
300,8700,2.170487744868392,1.5981148493133248,2.081299292196674,-1.3451591969515928,2.0770303991870263,-1.3836399213320323,1.7006792867216607,-1.6636049611963475,1.6506859418500548,0.629754729754242,2.0817373400950085,-1.2291738440885496,2.0605831936062593
300,8800,1.311152945847918,1.9223933198098468,1.6957473271501786,-1.285864400828344,1.3280506779265526,-0.9260762987365426,1.998584927081599,-1.9117373858155116,0.9746453651841656,1.9094825256434809,1.4441339949298801,-1.0728285443806604,2.2974309997260427
300,8900,1.7627220242785144,2.058712723008082,1.6878856814304193,-0.11710999759313069,1.6164856291020275,-0.9418612476299564,1.2813863979651914,-1.2166443254380828,1.60234441659385,0.5585680799849362,1.695631385323413,-1.5339079873035133,0.893785916313066
300,9000,0.38236221634582523,1.178754702693274,1.4847438480556208,-0.5704994960245517,0.12963109177854218,0.06484813117167564,0.07918879290307088,-0.7971314202459769,-0.08374954957693632,0.014101726706417777,0.5826153850009056,-1.4275362293593137,0.6142445657663286
300,9100,-1.1962804617668525,0.31252288255533184,-0.12313043825694513,-0.494002176824364,-0.821970733220915,0.6913286011257218,-0.4074249976294947,-0.18522607642550348,-1.0801299288490556,0.6065979856047053,-0.7298987216639952,-0.5990043018335033,0.025293883824407018
300,9200,-1.377721830554801,-0.16214731227836487,-0.07617392552446069,0.2749525292846064,-0.2899366828377587,0.769143789829682,-0.6324557977026365,1.128590223259396,-0.4694700731661757,0.14658557460487392,-0.9469069158966447,-0.9641777470045308,-0.9078056896193516
300,9300,-1.2112455674020184,-0.7920220274862718,0.3923293954116664,0.20426619358259065,-1.1036650054445725,1.0069798848280023,-1.2630097139637304,0.674917940488787,-1.4089991132650166,-0.8869724398295082,-1.4367793174298498,-0.19578669765512965,-0.8530539464806973
300,9400,-1.0551722280423794,-1.4563205446902714,-0.5981010664300298,0.07686564232032277,-1.1716846491493704,1.8902205862886166,-1.3191951073589505,1.6511928250744035,-1.0752193882393977,-0.006118522593096963,-1.1745676438829329,0.8197013491851185,-0.9906138419698949
300,9500,-1.4696503093305489,-1.2199798519708416,-1.1582777057407083,-0.5370407927299987,-1.1118292282976296,0.8589736328559457,-1.459557820159812,1.5403313568037815,-1.3847894315891411,-0.6518200631950337,-1.4625487668404238,1.0282536143475385,-0.7475546002230689
300,9600,-0.8003106024032682,-0.8552964385609196,-1.1724678280727725,-0.8042704658441722,-1.413513254449172,0.4631541187345099,-0.9950674421024006,1.3515027848897896,-1.679502963311681,-0.4093733618974243,-0.6030871308389052,0.9553102452228346,-0.7246808121231818
300,9700,-0.9448228953297122,-1.670597386827104,-1.6997018254074028,0.7633667375755433,-1.7387586063656482,-0.26025496205630627,-0.9320742376834813,1.3703263739567533,-1.2543179743882402,-1.4281236594881461,-0.9466599711526603,1.343465407176263,-0.9226473503538712
300,9800,-1.374321426106392,-1.7668109055278856,-1.5823143312554642,1.1493385471720852,-1.2906024314580282,-0.024379854037461172,-1.5249464494945244,1.6794857817548623,-1.4674633336809002,-0.9507555000181931,-1.3704049485031813,1.5198231100264068,-0.6303013528571751
300,9900,-1.3230568315866655,-1.5213803368055898,-1.3792080269865028,1.908197633469607,-1.3788162590621762,0.5921291692350821,-0.7763155598172845,1.8935885078227244,-1.5985090476505905,-1.5095022590579197,-0.503229142764587,1.1868148442721485,-1.1441142917399163
400,0,0.9283510871728368,-0.5495459703549204,-0.691428038480734,1.3818757695645028,0.7409133955679459,0.12088122273933381,-0.1972354225507962,0.4730077424755501,-0.6910714937396927,-1.3277037851638742,-0.2826048902034911,0.047148259647286445,-0.5986904483876057
400,100,-0.494124470467848,-0.9278590187560625,-0.5321398684138495,1.6505223522898755,0.10486431023496562,-0.3752470718103054,0.0947881148820141,0.8412459746227156,-1.2052694931610237,-0.48156152310541606,0.5791836809141421,-0.08850723666633512,-0.5281714002423125
400,200,-0.5211482876345558,-0.9557296828526215,-0.015135250409118105,1.0563036353968747,-0.4163109423604182,0.1018171803081567,-0.9356157822512172,-0.22163298420310584,-1.2530882304780362,-1.280075695131067,-0.8148463349653585,-0.21415471266210276,-0.5707029421654165
400,300,-0.6503879434939541,-0.7047489023699014,-0.562051379430212,0.5885314450283399,-0.6567458623220953,-0.24950762576034435,0.4679861020204853,0.33519621844607234,-0.9714286975423608,-0.9632005461739885,-1.1830851125291064,-0.2701660054417037,-0.04719036748764432
400,400,0.6043313111565094,-0.16313379921782745,0.272826346210583,1.3711724271325851,0.181086438890902,-0.8538670700003617,-0.3755434609769781,0.07639862666950548,-0.4161662469582245,0.07044880685706373,-0.0975473490330479,0.3227686477653148,0.5707326125242537
400,500,0.5123139694878909,0.4285666933736998,0.548892636145312,1.0423511859939634,0.18609573926927236,-1.0527447547829338,-0.01126498355678181,-1.2105279689008797,-0.7540379293429991,0.20419839293054692,0.41873183073792825,-1.0098122796651208,1.3563619069209434
400,600,1.1957549210605969,0.45583372231505626,0.6259041215172452,0.5978653181986701,0.15238500030955618,-0.9248633405889747,0.5859140669768411,-1.2415205839839414,0.25586867564854016,0.8362478538791722,0.4010831588531608,-1.218586995767183,1.8998647104908295
400,700,0.3093844783016956,0.6153373102979456,1.5664642350380586,1.5558567017917062,0.29271119840153137,-0.8956480392620791,1.3810220592319133,-0.6252490029402593,0.2449983222827691,1.928270987930751,0.8459629334010613,-0.8667446024082743,1.3209414028151678
400,800,-0.018883133583837777,0.5203811866207002,1.0326301589938454,1.5925186546061028,0.5632561309876329,-1.4329206019266445,1.0748397924506097,-0.3405287733557065,-0.19957430413172259,1.8944581622861205,0.4012544562005942,-1.1025149627451059,1.2935520716589632
400,900,0.4375754098903973,-0.07874726902558085,0.3254719454998348,0.32949657426505446,0.973763939285562,-0.9133037882321372,0.3188236510178589,-1.1668227000934441,0.8058143312476125,2.1169458825056653,0.3902969550493115,-0.3649100315272707,1.6269914283671938
400,1000,1.087954306023104,0.4968836687851501,1.036578728363352,0.3820712478708722,1.4181001165053457,-0.7641036511272363,1.2092076681287263,-0.9229070729642839,0.9968172138654602,1.1266268125503367,0.7601594536550315,-1.646063061863534,1.7847605714538364
400,1100,1.463922113883611,1.2985252856868725,1.0764152874139439,-1.300830957146667,0.9012246862914395,-0.8770764194599776,1.3767313034893833,-1.1929476527923808,1.8727645798792811,1.5866088889923289,2.240810942581121,-0.9579779568664534,1.7206776996319306
400,1200,0.8345799485743043,1.8534930262440552,1.7616099196751867,-1.2958604277630579,0.6667874008249037,-1.0318199552376375,1.6176296106249346,-0.949949412538688,1.6973856675459895,1.4992739170194382,1.1436952461311014,-1.8414974702181055,2.1986078916529608
400,1300,0.5639288424378652,1.5522816843951484,1.3521832534654195,-0.16213338628480528,1.4885859762464075,-1.4502390277947352,1.8035347615380046,-0.31867523676433634,1.1835291348548338,1.5337850433151503,1.1579365677615905,-1.1364332017467411,1.8154882226138231
400,1400,1.0900130795592795,1.5015397770261356,0.4699222248951098,-0.35786178115967265,0.3104885560951473,-1.0022766456701506,1.2080222446144455,-0.7159859980433877,1.9644202984890846,1.0172523061510286,1.4095932374580902,-1.158546043810088,1.5033578446316427
400,1500,1.0541931409822205,1.3939364606718843,0.9708844790831793,-0.928902744414335,1.4132265405232907,-1.0901422269273355,1.7115466647493394,-0.6162663712242941,0.5483438080261749,0.6557049430743057,1.8571013587889984,-1.554962510544555,1.463248061378019
400,1600,0.43558610257251046,0.533095220585397,-0.04718999584632865,-1.1888521483554084,0.2825654262505198,-0.888646675155124,0.17279257680565188,-1.2333072252437083,0.6242266788358178,-0.04714170021527142,1.3357653876258928,-1.2112925857136132,0.6996035017932785
400,1700,0.302897587285661,-0.593530582255574,0.22696235023820224,-0.9133778619681545,0.5485838911155445,0.02584007414642043,0.25191947345873683,-1.1592520057479603,1.2464849154868762,-0.6520047339689776,0.7233132047268984,-1.1581195092847492,0.5635371867178539
400,1800,0.4153082033888606,0.4846885483617718,-0.5874511810286495,-0.7570721895947456,0.08035789390049553,0.10761911065154371,0.5195026818528824,-0.8748335903794237,1.3567316926027255,-0.7794169447949563,0.09479102047962178,-0.039317935932897376,-0.5591393577682148
400,1900,-0.5293334487503714,0.4309558146665441,-0.07679843818769848,-0.6538308262345138,0.3467809322190088,0.37255304426773606,-0.3937102434413226,-1.1325827852368644,-0.8258958761768821,0.07676385319260372,0.20983381856000946,0.9077038209699618,-0.36934676246238957
400,2000,-0.050415726206053675,-0.21030257525583865,-0.25441696841387224,-0.6671425464762883,-0.16957141643335227,-0.3732419384435271,-0.12435320953228596,-1.5705471398986537,-0.3613682010432761,-0.6026800299262258,0.3324288306961049,-1.0239308927617925,-1.082327045207341
400,2100,-0.3427165029030104,-0.36177081458245725,-0.6917312855242418,0.12902845129165505,-0.47844429044662634,0.10348855202375949,-0.3199467915759554,-0.5917431651689814,0.28829842370015246,-1.1952982955198528,0.06606893600686913,-1.125689506552967,-1.1296219353010533
400,2200,0.13876841992429156,-1.480671924498199,-0.32833010320205486,0.028632615367105527,-0.2955401529981347,-0.6786175304954452,-0.10244809465692296,-0.2140816849484832,-0.19933399231326543,-0.8062008674750795,0.2652517113147572,-0.8788099170243882,-1.152638679061357
400,2300,0.22285843583602552,0.4767582899180065,-0.17927720847644502,0.9955201821569101,0.300186361904119,0.10735081437047404,-0.37115594372707994,-0.33896291622665636,-0.2942808797034336,-1.1268052142521279,-0.4504819602474749,-1.8499195351102522,-0.7405074348483672
400,2400,-0.36134014268469067,1.3339074994114088,0.04021932349871635,0.9478277671349306,-0.10296747415132489,0.25979049260356096,-0.3799096339065891,0.23174855947263115,0.46925957785895145,-1.354813050666853,-0.13502985306179738,-0.8598999569978252,-1.1149324925903563
400,2500,0.07480097456846861,0.22977888679198766,-0.5210236735359757,-0.25369913198384225,0.6984089711322333,0.015812604954124194,0.3066010084818847,-0.3559997711506759,0.07020706060779229,-0.349475326465658,0.4880014866672772,-0.5319905600968522,-1.289760687397935
400,2600,0.5959726034407458,0.3769678740082446,-0.5155329127966556,0.5996942550391166,1.0119384186466307,-0.2030668079176077,0.9497881987660451,-0.8031002862876019,0.3373967629194126,1.1036588861716494,1.3754867013779268,-1.272007794814416,-0.38878077715120074
400,2700,-0.3437657718701001,0.15662802055842526,-1.1479891278039034,0.8912821284878777,0.4231632990512594,-0.4841027567646536,0.3124238299405013,-0.7919446773648855,1.2215711684019293,0.5327109522845072,-0.649402109705218,-0.9978931418588765,-0.21586505181854632
400,2800,-0.5599376782374829,-0.3403162170343819,-0.07506672794219262,0.6167561646308526,0.29532169033280264,-0.0015340934331660133,-0.4167147445449827,-0.6268107371729246,0.5375634998324764,0.34182155993894814,-0.19882388057097067,-1.7373425407260308,-1.0626794803290815
400,2900,-0.6272407582298188,-0.5881734140413356,0.03185890572061138,1.085576311413382,-0.895167850575298,0.3154783177169446,-0.8706573718659243,0.20813637971248683,0.25638870716466755,-0.23637693177247807,-0.575503115789934,-0.8404244644623946,-0.6702481322650806
400,3000,-1.7217411355440604,-0.8583246163240396,1.0422962675809704,1.4020072976543365,-1.2817797885667168,-0.28939183283413894,-1.809600291338495,0.5132075089370837,0.42981512521066273,-0.687967280740813,-1.0291966432761552,-0.263992311930112,-0.7078565845171078
400,3100,-0.507530767809573,-1.0177690495310434,-0.02475472324757879,1.0807054120089008,-0.0587490755780161,-0.6618693627924096,-0.42244519615091447,-0.6728131671646719,-0.3190293688084852,-0.03155082663683999,-0.042961977404175664,0.0015082148834579096,-0.14407540401125826
400,3200,0.8059915691645524,-0.8182704424310151,0.6707238277391477,-0.43573971581915777,0.6631705406210066,-0.27567462263328124,-0.36218202077076117,-1.3129099315670312,-0.10710572435210441,0.6409976873329616,0.8516500907096688,-0.9383899021747912,-0.5156115520359329
400,3300,-0.6449187324397635,-0.12173476986220122,0.34933741961414333,0.010608124693692763,0.20591209845846414,-0.9091403855781125,0.22991738878179957,-0.3395932839158824,-0.032555126729655805,0.77560672382617,-0.17433666118646093,-1.4184152220246573,0.46041061729104976
400,3400,-1.1606918093001335,-0.8470604616622837,-0.29568104837977893,-1.1632969950810403,-0.8583169581615843,0.11946027294622442,-1.0482257958878634,0.18356019388938266,0.6673347423563505,-0.038554549731086976,-0.737993931457436,0.06057441266693579,-0.3118692834331301
400,3500,-0.9246566480871014,-0.08029168851174313,0.3862056517492835,-0.3286982278357236,-0.5860703825770356,-0.19663574031814865,0.12105735433680098,-0.6637447659207942,-0.28639512843164716,0.4625385639580136,-0.6246532639645723,-0.06407922637252493,-0.13326429198384832
400,3600,-0.17797845198217802,-0.4849198461449237,0.9110238066662968,-1.378875223227514,-0.9644078615030215,-0.4300134261688653,-0.013755317947974603,0.24204330711104516,-0.23236029487347795,-0.3343236939583461,0.6156732414613019,1.5073374090388472,0.16196215352325047
400,3700,-0.3593789860608686,1.0511963473592996,-0.4193673700369386,-1.6844401151868984,-0.3023925739519794,-0.4758101152315938,-0.20743954165298875,0.7244627042180783,-0.003733246577341491,-0.1427784248734347,0.19756383272950817,0.27363840620362023,-0.11768188767979673
400,3800,1.1387076942563752,0.7184296672610154,0.0956274242951452,-1.1531308716816953,0.11322020201474627,-0.427558550589515,-0.3501661039612924,-0.7174227991587924,0.6914708303690127,-1.2330201119056428,0.20707809141952396,0.5721238145465226,0.7924400424645447
400,3900,0.47368650260813,0.4755583478450256,-0.16003325383688055,-0.8988776906256725,0.2993011413755344,-0.12889697490332655,0.7230459095299537,-0.4335931193183062,0.8433408222390812,-0.64387932062654,1.3005507923784358,0.42007936062990886,0.0664138184763428
400,4000,0.002654991641088981,0.040632726246696296,-1.8552462146452977,-0.9406939784251731,0.2706302437261688,-0.18837551686657,-0.0758302519870901,0.43305783867537445,1.1084700670854777,0.17056909607202633,-0.4378620694571785,-0.16355800836430712,-0.6478856047520133
400,4100,-0.5287644312273903,-0.7401890821804273,-0.7481391789436239,-0.12698999850360526,0.4852710985670488,0.8312123475326275,-0.8724143883727492,0.38151053160944454,0.20810174101930617,-0.3306246665742138,-0.8874942206432717,-0.9253843528780051,-1.0189116162020457
400,4200,-0.3929012475829681,0.35080301563659166,-1.091779718535325,0.5033444148005084,1.0650414127246566,1.2442646975230323,-0.1255679170133297,0.6278942351503614,0.9676117293422807,0.33318258095122066,-1.1365998877820296,-0.035883763966508685,-0.9992730649992415
400,4300,-0.6371483030398459,-0.948230357065257,-0.16226180088713518,0.635740242974698,-0.42965629897631313,0.861639225214724,-0.770853378583667,0.9971401782675984,0.3985439231310869,0.3148700092354112,-1.0180410601949543,-0.09944943145131331,-0.9264309413501187
400,4400,-1.3464600969449037,0.05289534234143035,-0.8040870389848954,0.6132548717219115,0.08829902018518114,1.6525792589045905,-1.2623668899466507,0.4575796688036706,-1.1060828223704178,0.22662957544437196,-0.8858198644493245,1.0633139600534007,-0.8494614227655027
400,4500,-0.2825682622421054,0.4583573172657381,-0.24487647952680844,0.3481375942519421,-0.09909469377864305,0.6517001110359696,-0.029770468201410938,0.1471391414560731,-0.4435668220580981,1.3099208714371169,0.12701729266323683,-0.38778719374485615,0.9146213620613974
400,4600,0.28094630866529846,0.3500898382521155,-0.051848155757643066,0.3305262536773851,-0.2881439472050203,0.34159690106030055,1.0966828116838783,-0.16049030101145006,-0.6825936296367359,0.28453928185470156,1.149325833488917,0.5967469060259243,0.34199129124549654
400,4700,0.4397834850224425,0.41915497443570093,-1.489506664243614,0.68170010512422,-0.20160205606505374,0.5720623310263403,0.7451907232802755,0.2692192870289169,-0.1588398118084841,1.160791054570174,-0.2558934957695127,0.3677615253549263,0.7793887859213496
400,4800,-0.56103991861211,-0.5961111074765532,-1.2260311093580312,1.4349598157875707,-0.12787373973938845,0.3997740270053736,-0.34684278941352614,-0.6547871438278188,-0.6786559822312506,0.8058355307189714,0.25701078369317043,0.32272169069710244,-0.18327383434349526
400,4900,-0.09920307574344803,-0.6338220924201101,-0.8126534703505541,0.38320596470478663,-1.481648949109942,1.3782789600730654,-0.8689590947918787,-0.010702058508414814,-0.8793217211814628,-0.016361659509540563,-0.5085571558112391,0.9089979875750765,-0.07556041265498226
400,5000,-1.4578683510552433,-0.8761176242942819,-0.5160875493880102,1.4747635689919496,-1.0875766364707016,0.3765796212319505,-0.9389714259518223,0.026962901473435403,-0.9724931696533085,0.8648378114829195,-0.8432203995717654,0.6786982492532958,-0.05209659552621294
400,5100,-0.9691657730045123,-0.9297659517788645,-0.7011233802595159,1.5690753954571506,-0.7553537847410944,1.127427414449915,-1.2654058595244297,1.8052761937438166,0.07358449273707966,-0.48853594427928865,-1.1338034899259561,0.04457165832382301,-0.9460280955459056
400,5200,-1.0355725982480237,-0.7648779529939623,-0.6314498597683638,1.4978120183725356,-1.4693111622098924,0.9558420089867358,-1.256188927923471,1.471699350869026,-1.0355331541959176,-0.8739192185888013,-1.0201157371976497,-0.1222252980507956,-0.8452597509316201
400,5300,-1.7030222556173935,-1.6897607764436333,-1.2756321454896689,0.4277830017951737,-1.7503199358292834,0.4528619529340084,-1.6435309975097778,1.4939761376821927,-1.132489188780143,-1.282552882626819,-1.4769337360389618,-0.5667568059964866,-0.6734813095734719
400,5400,-1.2535741034218888,-1.3310637665681022,-0.45987374566321954,1.2043742276203322,-0.4362031442946433,0.6411316840440827,-0.9036030715424334,0.9866769718663276,-1.20588621925763,-0.5052967002421429,-1.6251733321228479,0.42333254835415257,-1.408844795233838
400,5500,-0.8566046416291457,-1.2212561304078717,-0.2252230011443573,0.5399482107102805,-0.7560101927000397,-0.14433392096959463,-0.049366519027562644,-0.40974266888955285,-1.3701277298179642,-0.8997655873226634,-0.7147572335252028,0.5238124104684655,-0.7959546353102102
400,5600,0.1350953655408499,0.005159370754924796,0.16032448270991703,0.013319672984696272,0.4786272812656329,-0.6715325364097282,-0.29953686200312307,-1.2550717283212056,-0.5329371984940696,-0.7534113318556612,0.12234719455462317,0.10100556348374096,-1.877900329552658
400,5700,-0.22328866021379598,0.8243020588962026,-0.8632448701278935,-0.521826246265386,-0.06200401496408259,-0.5891329059303219,-0.033741031838873926,-0.7157139851313538,-1.2371897746700202,-1.269566840786269,-0.026615524168616175,0.1386340709849523,-1.0131949555159414
400,5800,0.747462241026383,0.7897151081517128,-0.8372330382321765,-0.15091121768457522,-1.2307544996323871,0.17961193989912372,0.9589448144637343,-0.37065364832207265,-0.7306508687357858,-1.328090178207732,0.15161424715788158,-0.4301510559658993,-0.4676106735006692
400,5900,-0.05279814270738641,0.029315490195676093,-1.3628405194958397,1.095464622562611,-1.2373806220953394,-0.42844907324381865,-0.18371245894763194,0.25362855615199914,-0.4582816404364627,-1.1407043515522755,-0.17579134261570442,0.4417626500497522,-1.3781120384829177
400,6000,-0.4923567836296873,-0.04956370456213397,-1.028410334883002,1.9580013754860093,-1.0968974788876136,0.4369088253670295,-1.2858398658808363,-0.3078688459942173,-0.9242589485987353,-0.47671322439250985,-0.9705633116859341,1.0415606773533541,-0.4449801890745145
400,6100,-0.7282561631411375,-0.12901754970799195,-1.5157351865172841,1.0426548680564143,-1.3018478124552242,1.0227896141528892,-0.26290013494523834,-0.39403657667786585,-0.3711114598171262,-0.9632033088860618,-1.323114886206751,1.0343788504993614,0.1097348783375246
400,6200,0.3667629502194401,0.3796191932700606,-0.3284098911368294,0.33812417954281054,-0.21667221104575712,-0.23358196118257063,-0.25878556517018164,-0.28986908401874184,-0.5284849471701911,-0.5330737760672545,0.1343894193058624,0.6755528186765508,0.7088011599686113
400,6300,1.1553071682854879,0.3430505851715405,-1.0205778200030333,0.6315736353646008,-0.3349979180639344,-0.7353571042507507,0.5988954824194211,-0.6509949612960523,-1.6070343255155806,-0.022221798830713,0.2839611960994313,1.8208464611648993,0.9561370366053333
400,6400,-0.34982707107696526,-0.0860201135986244,0.13229677855513172,0.027972789414385368,-1.2968652786320523,0.017008552882768316,-0.602269586188211,0.10449259858112371,-0.9591980433677293,0.3901420034167412,-0.6901801280761243,1.1188977366621538,0.4906959809791886
400,6500,-0.09977691422025581,-0.06266346423939884,-0.9655981907218264,0.15731987292586297,-0.5594527081985554,-0.46692088946619636,-0.744887405877774,0.5505021092452677,-1.5307678289191187,-0.08795001416663835,0.10064397972347783,-0.2031392102762449,-0.1045451484795655
400,6600,-0.5713367073513487,0.08082442148362064,-0.7783531106045064,0.6462065973727019,-0.46438017040820206,-0.5447908838941532,-0.655878462139606,0.09489888787840324,-0.666835411549542,-0.05101201777810225,-0.4724888196802895,1.108169566226848,0.27574816141475184
400,6700,-1.1312218665966234,0.022607893429285725,-0.12470233162781487,-0.3645936854514557,-0.9730518659042992,0.1295170666226552,-0.8432578219468129,0.44359808947394486,-0.7607569750462313,-0.3705755371330329,-0.3555208864448408,1.1035803884499256,0.42796002084840495
400,6800,-0.12479908951867033,0.0914003430141354,-0.6281076197997897,-0.09459771555209383,-1.4969658475408805,-0.17208439760391314,-0.16819932130356022,1.0972903506604132,-0.9555839167259704,0.1719848077437646,-1.1147354744148212,1.076127658734511,-1.9256491511662737
400,6900,-0.3517653581778621,-0.6369490469051553,-1.43994430286284,-0.029862228155807056,-1.2490515654876617,0.14814324545121055,-0.4916446325719874,0.9594014091974542,-0.6675673216777167,0.41783874675638133,-0.3596718850369218,0.7574454017124443,-0.8337850877355506
400,7000,-0.902634227683945,-0.318127700481689,-0.6376125639145052,-0.7552884340662851,-1.2834924457109547,1.4457442269510419,-1.0672366952466208,0.4831226906171589,-1.1248483153136304,1.0699428604384242,-0.7370651722222371,0.795446863208351,-0.22925150981268513
400,7100,-0.914502671475335,-1.1528580371166997,-0.4523345663315214,0.23607742891156397,-1.1309966196024857,1.301903895212298,-1.0708809256798344,0.62336481897486,-0.7980782965740674,0.6920899678596828,-0.7596716879267198,1.913393137423193,-0.7240691187744073
400,7200,-0.5253361688110287,-0.931077549416004,-1.2302728525306812,0.5585312679487858,-1.0351916419152487,1.7366234527327775,-1.3155885847191544,1.539852343048204,-1.4532817753313445,-0.7595817606000502,-0.8490133010958426,1.3038495285436709,-1.205899250986882
400,7300,-0.6886737835189574,-0.9820130888718511,-1.6264930915034368,1.094384644914291,-1.575419819636996,1.282690694103343,-1.1402134927633716,-0.4587136661711192,-1.400339031927021,-0.0945595027755661,-1.0190194362516154,1.533109392432906,-1.0108009066604153
400,7400,-0.7740315591111963,-0.09383278459947024,-0.928380619867549,-0.37428854243315596,-0.19864839059791442,0.10245096629403505,-0.4277080593237923,-0.5447632897444332,-0.24247624279639277,-0.30600067243911033,-0.38677736357991926,1.6187539876245318,-1.1824849800661223
400,7500,-0.11400216796476126,0.2984991339574219,-1.1130519906905856,0.7015818917512916,-0.17001110363729283,0.9379110073196469,-1.2152741527436222,-0.7182141450503549,-0.8110118890580018,0.03139698542936206,-0.20026370232373208,0.14058147176678087,0.10446109710388463
400,7600,0.6894583544350485,0.3903814607128351,-1.1555628580104285,-0.01960665382733352,0.9387867491709031,1.0059340859901604,-0.6526468338411058,-1.1329844524283965,0.09408539090646292,0.09170949514080501,0.36308284165738436,-0.6374951916463915,-0.06284166862706221
400,7700,-0.4810309063908569,-0.025821107150555113,-0.279297665397804,-0.7515383658248613,0.06539514649281912,0.7954544012942765,-0.6206122549437063,-0.8842424927720519,0.4402807358125922,-0.4551343093712269,-0.17051600114056514,-0.7813499218524155,0.2356537673127979
400,7800,-0.18900432315441135,0.5821197635126191,-0.003947766186618393,-0.9240211811724113,1.447512100585549,-0.1026717102524552,0.35246594874697723,-0.8541914439325566,0.9461146218426698,-0.5864082533763899,-0.577005872051038,-1.1980502487048514,0.282087316660178
400,7900,0.21399208180815665,0.8924230211225349,0.9021269804235961,-0.9193917073155193,0.8074104241613939,-0.17772878711201873,0.701176963050639,-1.1170188928868574,0.8379244194394038,-0.2437685328764804,0.8997604670665797,-1.0021474404748396,0.8521444816581123
400,8000,1.5934025275614583,1.6150805327154985,1.2652943038314994,-1.2281844860675055,1.7260398244907165,-0.6063958811724831,1.0054172549227725,-1.0202762144240212,1.9459302366826943,-0.7480387131840761,1.5947644854659233,-2.0789567193572305,0.9420246255855379
400,8100,2.449303412716759,1.1996164025958387,1.5092828218403833,-1.5860282785440967,1.8301609032306076,-1.0122520311460128,1.3955772354042,-1.5714660337523212,1.668963002116436,0.337260149370999,1.7660615841464453,-0.9509174069693525,1.5563652277522084
400,8200,1.9659613654032204,1.5541742737330817,1.6223308015414928,-1.6682992117611137,1.9002968832358929,-1.1735749071413872,2.0564950648766875,-0.7605498294888479,1.9432318946852614,0.22834951626793035,1.876171930983568,-1.7400511178015707,1.843394216494487
400,8300,1.1306023460860335,2.0392655527718953,1.064558366999699,-1.3762296245682557,1.0817112462459344,-1.1753082518942402,1.6967454923600702,-1.7028024076280246,1.5421485918429045,0.32164148369874923,1.5057712655235003,-1.0027613064097745,1.6258617751792712
400,8400,2.348563802984279,1.1681259871508467,1.4250631862493797,-1.5467730058859106,1.9050857663553957,-1.1930072136547827,2.1696471395966657,-0.8987231096907767,1.1614815884666994,0.23369672315737425,2.3880689517364253,-1.6771039601943474,1.999025311303223
400,8500,1.7423001546146681,1.3582034609723477,1.6457458464154786,-0.701459436522199,1.6292050894969425,-1.7704721250685806,1.7893484490601905,-1.9994799483258385,1.312412925042484,1.3358706476671005,1.833340786394766,-1.5202873952704532,2.0034916836832113
400,8600,1.9911296742219031,1.5430901455059751,1.7649880467599552,-1.0947877860559996,1.7955568820098187,-1.4237959904217006,1.981684897069498,-1.6158517019295286,0.9436994452185584,0.9830194050592921,1.8818304626931341,-1.3878787292125687,1.8359952828210062
400,8700,1.8868856287818316,1.971427670239055,2.0143191858858915,-1.29266693718468,2.2512827853619117,-1.2752266838020858,1.5582118279182913,-1.1781666684965613,1.9863355999799635,1.5325488666852376,1.2329160378967727,-0.9432259081483971,1.5616725224834938
400,8800,1.3749249794025233,1.9325275815905993,1.509982155322191,-0.8770776616880058,1.9287889393385742,-1.6210800818994158,1.8689241968604657,-1.5919950271029921,1.305194753451365,1.1404267264915622,1.4698573220512259,-1.2286455441898425,1.3664365457807945
400,8900,1.4663574689309957,1.708013003483165,1.7202749595630444,-1.1760080738265655,1.5968568146380928,-1.0483105146968437,1.2592651967592143,-1.0625289848826758,2.2272499697072883,0.38280007090454693,1.2895595208352681,-1.338822734694865,0.9751444898947573
400,9000,0.36553758533572006,1.843615822046271,1.3356162064708625,-1.1137806863617838,0.3877249519656201,-0.505165421293839,0.5625037125912159,-0.8706641109381134,0.0866628967028212,0.8727653695374866,0.36518680482164656,-1.3917599506633238,0.6180873894223567
400,9100,0.0141799122309933,0.8161087980836955,-0.4213334148142049,-0.46309233219267903,-0.9555815867061587,0.48442760349200303,-0.4801970367432123,-0.5760347400417101,0.1794613693610942,0.7709800088844093,-1.0655027419340657,-1.420979639056716,0.5539001377588931
400,9200,-1.402304036852717,0.03189871143577488,0.6111870672740084,-0.37836237300673325,-1.6212381796656308,0.8096296433259816,-0.6657477638241128,0.6659722523880213,-0.9482582745503895,0.17114171374524773,-0.46521954677578825,-0.5727287192460763,-0.7068097838461191
400,9300,-1.598883159406646,-0.3023855848537158,-0.09217002736193777,0.06620050933305749,-0.7235156051847739,1.1312785198045945,-0.8839321137268124,1.2815193193778645,-1.3834743180533216,-0.7197632088888515,-1.0052674293685122,-0.04509338009512854,-1.0251406745781824
400,9400,-1.8932456415233168,-0.9149918779329619,-0.6821327622007981,-0.5217197646609048,-1.122821112687092,1.5609842072421791,-1.3022501402203073,1.9243635337301757,-0.8695112191891399,-1.0292651502908905,-0.8661393046611813,0.02206775806659232,-0.61026697492984
400,9500,-2.03005273187742,-0.5083179599131683,-0.44477983992470327,-0.055407523213694465,-1.2849346402541175,1.5646350823269017,-2.040019472614616,1.4233212511927846,-1.4254746380132821,-0.9101317042427177,-1.7596476648285575,1.004442374248549,-1.1007484078210192
400,9600,-1.4115533802297384,-1.8425609558620137,-1.3879211551474664,-1.1615985026853415,-1.0938974012960723,1.1355675493075776,-0.9821455984221893,1.348434102762931,-0.7801007935441029,-1.1349937080682884,-1.29986734307447,0.6957733028036946,-0.48248236566529845
400,9700,-0.9908339137365084,-1.1830141718578138,-1.1688641512669973,0.7865588515402544,-1.6379531093733306,-0.5473761733765844,-1.1871217040891366,1.3889703867634902,-1.4436507599195678,-1.513382091276097,-0.7995982816273854,1.7877438382575617,-1.220490732803565
400,9800,-1.2928412293002338,-1.027645704635609,-1.6166348618389246,0.9687388876299131,-1.2358963000511556,0.552408697233966,-1.5539978015070564,1.840078002272638,-0.957628820704124,-1.0919214425303991,-0.5169748662077589,2.453313505931192,-1.5131014568355883
400,9900,-1.3002791380766636,-0.9467019480731547,-1.5602684992893747,1.1920765245894043,-1.1324919816584376,1.1194490484892512,-1.4165932206120118,2.06210488838306,-1.2272048935215876,-1.8462589184088927,-0.6343578518965387,1.606734368197568,-1.0672099186757198
500,0,0.6393968238347724,-0.6660425117175537,-0.9135594198224264,1.3993466028256971,-0.09322344191392996,0.10386357499999695,-0.24897138709199712,1.415459088556047,-0.93655310386207,-0.499021046895257,-0.012030734447770199,1.2729970269624076,-0.7839359540360574
500,100,-0.9212796531563797,-1.2811200438778565,-0.9652540089473268,1.4266817510337166,-0.11206949780169273,-0.39132789421734004,-0.4126947725885396,0.9224521326639733,-0.9947149666028008,-1.0701701167185882,-0.06683491397037256,0.42122893935910855,-0.6122265011937168
500,200,-0.44141077136320406,-1.4827746950335365,-0.39539587437946644,0.8737553974321266,0.21453404138314358,-0.5818172056789084,-0.7752222354370116,-0.07000186550343954,-1.023879041907717,-1.5970942112756676,-0.730913317711035,-0.4626939124995335,-0.5396053319878847
500,300,-0.461865573714285,-0.3578429748282793,-0.8956433325734559,0.7836421651470249,-0.6677462594050673,-0.2640817658587569,-0.027082392100548816,-0.11700196465619071,-0.2610709279253496,-1.5012991676967946,-0.3791262645924634,-0.6381280388122621,-0.6991035717641781
500,400,0.37612106978018356,-0.8735309582645953,-0.20729168805789774,0.9053303959358812,0.16574844281066792,-0.27484681471817696,0.7408143670054353,-1.1470935677261722,-0.22838948146135338,-0.5163138181170241,-0.1815894968158017,-0.35125141588743125,0.5845438620512623
500,500,0.39815820303111965,-0.10295376724624218,0.9722496795684434,1.157742313255461,0.6631959803395612,-1.092488687626138,0.7714892306255131,-1.2748397987534237,0.4520869031905424,0.6000726006252712,0.20656012595212042,-0.35055841269881616,1.225580005817072
500,600,0.2734873702333617,0.3112749889227977,0.738350755759083,0.7978787189566943,-0.40582963749535295,-0.6221894382400455,0.18598577744235506,-0.3846705784489499,-0.16035593896983782,1.5324485016437845,-0.6556701845574695,-0.8236301156471422,0.6138861206175925
500,700,0.5913267751885177,0.06988582296370337,1.1192685873363204,1.1786088469907625,0.5335956915666061,-0.8510967703015375,1.056108925527185,-1.0916548820936405,0.026192297631822556,2.3947904701869303,1.3423052041101167,-0.6876339950747165,1.321496631341276
500,800,0.8296299346737941,0.6011511066755395,0.9240521984781915,1.0834431508392879,0.12958096399763594,-0.11090252542652344,0.37740647537628574,-0.40262350279796416,-0.16911376146860183,1.6410208076731745,0.8429084256281351,-0.4322696721066466,1.0356010116464014
500,900,0.12455283869095146,0.6800304895326319,0.4862847703625928,0.772062878035279,0.8282168332049286,-0.2379781616978954,1.0121609934811422,-0.7368142888812889,1.008241339353804,2.0074237713028826,0.9999840286420068,-0.041716068443636185,0.700025495721666
500,1000,1.1747999145935843,0.8512157335755561,0.8237095265248158,-0.20471205025366945,1.5151599248896621,-0.7610408380793325,1.1536376726890998,-1.0045950280564722,1.5451183703634606,1.4748104038883247,1.5642422517123926,-1.0743590469208049,1.9355985362933203
500,1100,1.7848255377345548,1.1617636042345019,1.233724427816364,-0.9943637138045459,1.2430784073989691,-0.71824982185141,1.628007829671611,-0.8894340972662715,1.6666043233504189,1.341466780823426,0.7920000475830472,-0.6410798259374098,1.8271980139382373
500,1200,1.048569797534748,0.9222929325841525,1.1991289793741111,-1.1679745723793016,0.8164246366948172,-1.2156927987309936,1.483259869336077,-0.7287923159330145,1.5374857730134979,1.3558806950520834,1.6652277073989181,-1.1686848692299934,1.1138552703900784
500,1300,0.8834565657582417,1.6424231785330683,1.3166349860455135,0.16055650698429996,1.4149020432570916,-1.5740999539112637,1.5598743964087998,-0.5144643344624591,0.9775627922405333,1.1362725084462442,1.0041065540232068,-0.7685887520231722,1.5029768155947199
500,1400,0.8925528733090735,1.340394877662072,0.5034731404736225,-0.12225764208806343,0.6586631090440419,-1.5092060839363455,0.6861084572982744,-0.5112152946210967,1.2113658857770042,1.2599671061391038,0.9928243781509644,-0.34783492710602204,1.4123546877860567
500,1500,0.6767647850075602,0.325024624293872,0.5712937318358063,-1.0409416967176706,0.9696161347854426,-1.9240190660142023,0.9852519977781456,-1.0825413610675034,1.0136595439245253,0.7004562277998331,0.9870738417819358,-1.6119313812983218,0.8784317464903907
500,1600,0.30933010226980395,0.8217581651002004,0.030572222633677565,-1.0178680873188417,0.5350574004285988,-0.418782717613211,0.15184874148726576,-0.9131919262858813,1.8847945851652441,-0.6076448936173714,0.7774318804167584,-1.3462681787660735,0.45364820994972793
500,1700,-0.5799310824869383,-0.2318220408529385,-0.10713276494155993,-0.6809005674330251,0.8938414623691313,0.4317005783763259,0.7148322059495495,-1.1940179797209378,1.3638765123197472,0.026719823314005672,1.298905228872738,-1.0683704331011759,0.25894863381117733
500,1800,0.6158910557981716,0.059181271713713755,0.09283629761986717,-1.0373452833683092,-0.14504483407613378,-0.5565350936169394,-0.03716381026028525,-1.0977471953253342,0.1251191330531308,-0.25833878645346536,-0.14200016565919923,-0.3155675046468479,-1.3546213315677544
500,1900,0.03804432939279402,-0.05969451208792959,0.4653650855801814,-0.3556551954107344,0.010330264693775739,-0.21001489308395835,-0.3069456622475251,-0.7482741962167997,-0.04652841303061549,-0.402509620452955,-0.32494673535289625,0.1741008319597502,-0.8013148988001888
500,2000,-0.9002902970534399,-0.2832930131858318,-0.6869086663579558,-0.5018120546250814,-0.5329870677359744,0.45679786050321786,0.10977495944980667,-0.4994339576039112,-0.46543669999882303,-1.2746409955203541,-0.454311861871601,-1.538232197594752,-1.2645339020534214
500,2100,-0.8089336824527659,-0.917587916137139,0.3258378723343886,-0.14820917999765396,0.33555466456530086,1.1559613166487734,-0.40557813027660194,-0.2340131242372261,-0.40876492566940664,-0.2644993177259685,-0.7312572107402092,-1.7166981134080381,-0.7720626892767183
500,2200,0.26394360294462194,-0.00013901822694818467,0.7723605970434874,0.4748458652361545,-0.2199599993769417,-0.5970510417730378,0.1584104031327324,-0.08297281656403242,-0.7053963598163201,-0.9451499380925075,-0.2043500275157694,-0.9758629241822897,-1.0067738575318923
500,2300,0.1359375895041107,-0.06199782319195752,-0.4576556227434671,0.3798011300330913,-0.95644544217246,-0.07176943349662286,0.048508737686339586,-0.38915867196375525,0.43216870197421026,-0.8525244159368239,-0.6445150935965754,-0.4077583725313302,-0.9966238324531527
500,2400,-0.00837263835341705,0.5771170310158547,-0.014601157576305675,0.8526583174618392,0.5416596352977335,-0.13685978350341174,-0.08070497741438369,0.25232400890963924,0.3688193913970469,-1.424866998457233,-0.31288061219701546,-1.2856181463278264,-0.9304328374040793
500,2500,0.9799404685652963,0.6264553222808776,0.22412292709732062,0.3061670733573526,0.6236500967264772,-0.567167306874156,0.9164395692599762,-0.39233644929853057,1.1935986802539846,-0.6118548164121143,1.1310497422675472,-1.2613106087444677,-0.23849009665782211
500,2600,0.9286788857676608,0.523610981394428,-0.3444461540471552,1.2616629598565527,0.08831075483164798,-1.0437142128205827,0.7082436446257098,-0.048913881236747905,0.8521641112208002,0.6959459663014725,0.9728835483385382,-0.8773388726566473,-0.7684480951321944
500,2700,-0.382278947396259,0.5705540303751753,-0.37983294207631196,1.2091086099695463,0.8941734713607005,-0.31598475083273575,0.7693094511877587,-0.6991640259166264,0.9160405349836956,0.5364141494561251,-0.4133964772197934,-1.020914406460774,-0.16240447579183653
500,2800,-0.6286654324236226,0.6384690059766939,0.32895497353534814,1.455411504000368,-0.5519200994909257,0.2671023550674847,-0.2348135469707003,-0.9852630367399533,0.9296237417727137,0.06900332814071848,-0.6506046584781022,-1.620608502449886,-0.2730492425492293
500,2900,-0.18316456296061268,-1.0495475755881265,0.47884307397262843,1.273912904812715,-1.231572252897141,0.27742835736092203,-0.39026405140896425,0.09217004998037677,1.2384535564258665,-1.187435892247315,-0.2957186849894754,-0.71980094501613,-0.45162600632092703
500,3000,-0.5063017195545173,-0.04766764538563004,0.9497170628471816,1.5694676546871382,-0.9173034045925377,0.026016690183661914,-1.4652239266813394,-0.10338029303964412,0.4277649162190556,0.23707738502175046,-1.0312455778069092,-0.503793882953813,-0.1571321300119206
500,3100,-0.30435513445258,-0.5084119197779854,-0.40288262054530344,0.5897264566285898,-0.28361026429761677,-1.2297911100849468,-0.9019485989971396,-0.8208093224907941,-0.17662074075886944,0.6810686235004946,-0.2248494210188132,-0.4872688647371462,-0.4935698138830654
500,3200,0.30655873291870095,-0.3655583025041043,0.03366707048319165,0.08604891666842765,0.5216273338490879,-0.7822838580408473,0.27693816453706704,-1.2539726233886712,0.42430792542486767,0.9548277708466797,0.3648807415681672,-0.8520424884313008,0.08102127525407392
500,3300,-1.050909662072532,0.1593533227832235,0.7150926045711087,-0.3256668678438187,-0.47770647986642106,-0.8056958768398178,-0.2790847533482763,-0.8517352778349009,0.04372496327262366,0.8115283719874904,-0.156517981039864,-0.5565687659412742,-0.3580835474282147
500,3400,-0.9638697699822374,-0.6876329464982143,-0.3924282958700535,-0.9227745922094015,-1.0640681392156413,-0.3611587981530656,-1.0258361872344945,0.3231536612305845,0.3087553616208949,0.41811991271750065,-1.471090885988615,-0.10085737677372214,0.8454156601333578
500,3500,-0.40527196595744697,-0.12082550246845374,0.42391902607238396,-1.0702815882538965,-0.3177574895017305,-0.26437683514912813,-0.03401066541173184,-0.23226537520981572,0.4362013945363377,0.5403998549806818,-0.559690058091788,0.21204067152778083,0.9277851509017231
500,3600,0.40897170115827775,-1.2121348597414834,0.9732237826898743,-0.9808568955361326,-0.8288824167102644,0.09251008196557525,0.47017753763258197,-0.32767018104115286,0.13208359477837064,-0.21600113389924747,0.20951882346792589,1.19684176401982,0.10849876173573576
500,3700,-0.3978029543009252,0.7707632508150849,-0.8012608956399928,-0.705811146772305,-0.719675590024783,0.5069389278309029,-0.18110974636365856,-0.4200070383911283,0.38926912493198323,-0.5285835128496834,0.042344430586481595,-0.0007115093736438447,0.17197220435401972
500,3800,0.44718887906679156,0.29792706613733605,-0.5989494462496858,-1.0556217333275384,-0.15357142759989398,-1.0250140053848373,-0.4336721773765175,-0.23382444884675774,0.946415186006188,-1.0414693967388369,0.41147334099934285,0.6240669440546676,0.07966605826219064
500,3900,1.1954799062934236,0.4647940250200669,-0.3954311351024328,-0.6623117198371266,0.18040228480598286,-0.34532122938306564,0.49381098625601144,-0.4450364185369703,0.7377657289414209,-0.674758962264391,1.2293926006551752,0.638122030613907,0.5936317815714547
500,4000,-0.05086129731024936,0.4683523487106706,0.06291286279363709,-1.3664679950037721,0.5526256394092629,0.28562565401561224,-0.7990495182683263,0.16917584498613356,1.4503460647226445,-0.2230914273901946,0.010450847164860408,-0.053303222026763304,-0.70443072503751
500,4100,-0.9518326229604407,0.29903152414537004,-1.7889450243293177,-0.4548903428798468,0.6432603676356785,1.1472089629445836,-1.0554337097897406,0.4112112740838725,0.49403682459418574,-0.36876522930651373,-0.37616117785272896,-0.46894116569685573,0.07653223915248579
500,4200,-0.3248106633397456,-0.12009540256103121,-1.0738216694424239,0.0013254438401351888,0.8755896399738703,1.3904595094179055,-0.2738928503604615,0.7498335947956896,0.9754569243646901,1.0077311575524184,-0.3954894648831887,-0.27873296288481647,-0.1581220726872261
500,4300,-0.62240497339791,-0.6566514562856491,-0.30338510347491654,0.563528492557831,0.6271921444542435,1.3902312542130986,-1.1509899866593487,0.20560941530534352,-0.24455730202680795,0.061217702028385654,-0.8103946504693833,-1.1657594973926784,-0.8768971527596291
500,4400,-1.009574888474862,0.3022882182258192,-0.048785971784721424,0.9569494193114882,0.8673810887215395,1.0406359603839008,-0.7401474193435629,0.4678517282318479,-0.751729111570479,1.1474780487029874,-1.563013193130125,-0.5584821321148661,-0.4635158028477986
500,4500,-0.09003289124709715,-0.4238455771046368,-0.6823711313949768,-0.34496645849373203,0.5989276706976665,0.2506287721200655,0.29376657521716626,-0.0629407629413862,-0.7424483848634537,0.5259945828931917,-0.16236278200566415,-0.17531679272731845,0.8780891774161016
500,4600,0.8427767966733289,0.7402272914822567,-0.03583381196980401,-0.4757875633662113,0.3825780002943407,0.07640847642546376,0.0773292311781817,0.034376060000634465,-0.7341162842955973,1.5709915436680368,1.1575402102692223,0.4229501942229311,-0.05752076873572581
500,4700,0.5498463922817061,0.05412678022120025,-0.535338076782354,0.531895977131655,-0.08493977141935476,0.4383549402511942,1.1584855216106131,0.13077284434158581,-0.461281988393574,0.053835705729236814,-0.20008500916832395,0.4202430086675713,0.017474431209199885
500,4800,-0.6275834390936837,-0.6521577914046044,-0.7259239513887576,0.10547672573875756,-0.9201253494309066,0.5669460241809192,-0.7853145466949203,-0.3544556823775387,-1.1556602198967667,0.24808557318670926,-0.4296735341533769,0.40500880013612306,-0.7007520547531519
500,4900,-0.6943304656094307,-0.29622580055904435,-0.4734227203763967,1.2648118674506406,-0.7393990344204676,1.317062902657791,-0.7355321647908086,0.0828348269070043,-0.9968471632111537,-0.39942666299102525,-0.28572853584238783,1.1095918055318357,0.12598312816209975
500,5000,-0.4609747879525608,-0.6286141529182341,-0.7957830956753033,1.6315562277135156,-0.5387645629395992,1.1134939110672868,-0.7911273073186899,0.17341631106294142,-0.27168047035485615,0.5890070517300979,-0.6768000811161199,1.1473121924178915,-0.6791893455915573
500,5100,-1.0043387317113759,-0.7452184070335311,-0.047574503247977844,2.409296374686105,-0.8073757824743236,0.3202453460235749,-1.1018594772311678,0.8835192609991913,-0.14682386748524043,-0.18639355575857175,-1.3362801334102798,0.5595653217164176,-1.1703619149533013
500,5200,-1.212237258740815,-1.0847852171932861,-0.831821186888527,1.1961656991096783,-1.1794071113854796,1.0858726650131685,-0.9909598861447144,1.242555313374356,-1.3093764201951636,-1.0931358522064047,-1.6523885992845857,0.5306303131379134,-1.0061527220248079
500,5300,-1.0873488730309158,-0.838364406823558,-0.6423764688679199,0.4638529879662482,-1.2700097507838441,0.4287751255379339,-0.9621333737490336,1.5740134748078884,-1.0428193327048962,-0.8999724476351607,-1.7304911780527035,0.14626027048222115,-1.0077090289395891
500,5400,-1.5178438341192815,-1.3285514977143396,-0.5804716371598566,0.8940299576756934,-0.8382975524379848,1.1556053854036565,-1.0172311393431435,0.7049378349725713,-1.5466289482627456,-0.49244424157172995,-0.7597146711154189,0.301652255705385,-0.8787709277774354
500,5500,-0.0951852575502946,-0.7318144974744786,-0.9879649120132242,0.3814799862259247,-1.1281628286233751,0.8999660815522957,-0.7783358209209125,-0.5219370202931499,-1.0840740727661433,-0.45719960189878245,-0.2382014725881219,0.1847108410909454,-1.1202027757483515
500,5600,-0.15012682150158935,-0.13293881476999847,-1.095057406437155,-0.2990290108862543,0.37664290796069694,-0.19747664120066377,-0.0004213750106173151,-0.07209813353057183,-0.9465672069025466,-0.6960635737450713,-0.4455409100866005,1.2538352893868085,-0.562341068023206
500,5700,0.015611720536758036,0.295061729363265,-0.5913544650083405,0.4359272005716035,-0.050514703914045556,-0.8759050059547586,0.5439778728665554,-0.17705932564126595,-1.475989801650193,-0.8304288837851924,-0.8261427665903659,0.21167333305076189,-1.5839462471380241
500,5800,0.6616136963718412,0.5156400007594298,-0.5303302681841483,0.5070478154361358,-0.5343313894078974,0.30380096224836917,0.1659645293704286,-0.05522525088585962,-0.9801177587952965,-1.3081372181823199,-0.4404648782790254,0.5458382355252198,-1.0679996919897612
500,5900,-0.5444783193700817,-0.15560556308516912,-0.5150999319764153,0.8289638050821938,-0.8093514445458382,-0.12190342806213947,-0.5246555508975838,0.08641829543190016,-1.08205967312257,-1.3760746579275756,-0.659532021308432,0.3186670555450177,-0.6508388134483997
500,6000,-0.22933586755753252,0.7719712499920788,-0.8110040261405908,1.0415460015574394,-1.3899256416852614,-0.5214858453743447,-0.9345304738712177,0.07744587331798894,0.1197587976974335,-1.407642039989917,-0.618604806248115,1.0176758808757147,-1.3505373154337912
500,6100,-1.5402881126634973,0.6766223305747928,-1.0486170190099557,1.011916264638719,-0.8947082323092727,1.152612053925119,-0.3383787882002266,-0.06430092458620328,-0.6634855101645838,-1.1233247643990538,-0.6755921131160761,1.326085931910298,-0.27854389876430646
500,6200,0.11806237430823976,0.6591406338531886,-0.7090954837434815,0.20824723774277684,-0.8138143299655858,-1.0399763879451465,0.40599273151158,-0.027533106228395193,0.1506319766340613,-1.0868002347423344,-0.06027437378196067,0.965977508648188,0.6398921101933003
500,6300,0.8570082313636163,0.4779847237148416,-1.2444927232270566,0.11237259245104574,-0.7954053724524801,-0.6006654819629423,0.49174978034615646,-0.03967064471708117,-1.1536145451338238,-0.44157244861662165,0.6064527904688605,0.9068848189265897,0.6809750480715514
500,6400,-0.4238293513036411,-0.6796016007684582,-1.1474997060323675,-0.47055085702510446,-0.944699402628826,0.3538913922896426,-0.27126625161374374,0.12485891875289587,-0.7875595800753447,0.8757978140206238,-0.59307596424128,0.8103501264459946,0.6692131353698575
500,6500,-0.3920192051446165,-0.6258961707094458,-1.642092871699095,1.621545908757371,-0.7803259315519895,-0.4693758949378744,-0.17848351733682102,0.6844549185452811,-1.5651781724895384,0.3476187544095157,-0.23018348627045104,-0.2489803266616081,-0.011330397661625762
500,6600,-0.42712356803891716,0.6100083687278207,-1.325395174274839,0.554223936686587,-0.8700834833190106,0.04482298720267641,-0.5695977465516745,0.18113147892503645,-0.7073305390071641,0.20814405861598922,-0.7645757694963553,0.7338797903020731,-0.45034924681908606
500,6700,-1.090389484434294,0.24546865019271305,-0.9783254098478043,0.2887947736834579,-1.2038196215826948,0.25353538685617344,-0.6789338247260007,0.474257835181318,-0.7624366736516727,-0.7258265045562478,-0.9754207070275229,1.1750699900714516,-0.3061780227880934
500,6800,-0.17518290866534394,0.24676450930290827,-1.386499231170803,-0.619326998640801,-1.0855261233166327,0.5513361880430511,-0.010900873035238188,0.5453965624526296,-1.0817718070012041,0.44777164167664946,-0.7162213687285828,1.2226985672054254,-0.8045014965879176
500,6900,-0.47792270146482235,-0.5310667112633906,-0.9991402075715116,-0.9408903912221066,-1.6507551886893022,0.2362159883364013,-0.5151581436015747,0.8660056120926154,-1.796071131519929,1.3163849310627176,-1.166257039150059,0.8726859300429554,-1.365129349289927
500,7000,-0.8060113568608507,-1.712384065782924,-0.8704862228746599,-0.5321183413784438,-1.2634852093834918,0.8096084484302217,-0.21182659032986825,0.6628611995990757,-1.263364917308953,1.70486479739669,-0.4747351758136702,1.0620033857754094,-0.9908799950230724
500,7100,-0.944376088324976,-0.6037800754906059,-0.5918301307421806,0.6866372147145786,-1.365069491697565,1.2590389100748196,-1.0798552862938264,0.663995868234312,-1.4009745851185336,0.7064328727385273,-0.4310250644545951,1.6312728238998848,-1.1634924857805629
500,7200,-1.1392081861047578,-0.5391492320370536,-1.0322640047985014,1.1056248909878905,-1.318390842140134,1.2864212165962459,-1.2305034986203038,0.49537020904315854,-0.9903251598807614,0.45083341846493874,-1.444002322198225,1.1321595096375927,-1.1279453555112378
500,7300,-0.9262050168199765,-0.713205625758224,-0.7884265462556455,0.6952913426346358,-0.7117109945620187,0.1659531817658965,-1.1418010314517313,-0.04782794521477476,-1.1955065984211202,-0.2878805878567397,-0.27276488879618416,1.0658664555633617,-1.1933751748374488
500,7400,-0.6063870828744485,0.37734592471815825,0.09952953404186717,1.3203755303095723,-0.5595216395425558,0.32424136075075943,-1.1339487962638963,-0.5192997635612663,-0.8317141466411307,0.6135265604830766,0.19344507860102536,0.7480832238311127,-0.48249980654022495
500,7500,-1.0050709291365525,0.5543282375513557,-0.645808334172803,1.6242410614260074,-0.22613891207924566,0.9587225277472938,-0.7974363976618392,-0.42015035365351394,-0.5706693664996869,-0.4515934623304332,-0.3475480696898777,0.5307398427654417,-0.31433621241228954
500,7600,0.9029576442409029,0.826231196154486,-0.7515789148017522,0.3302027786589567,1.3435989454045687,0.7726515339988665,0.06606396447817357,-0.44851041897091404,-0.04349690607103323,-0.3080696457957128,0.7170502112437822,-0.3094725761464919,0.5953918008194717
500,7700,0.591600866790859,-0.17406949155597684,-0.7569987821586324,-0.2893794910000124,1.8095360626057517,-0.2425871723084175,0.05974043064010175,-0.3496201653146263,0.662400117000255,-0.38989733644940217,0.08865286398300705,-1.115894571507496,0.8469674025419288
500,7800,0.25349168063825706,0.08942417716734101,-0.6572289117053995,-1.0979877206833548,0.38393553718002627,-0.765761056921034,0.39290182951430036,-0.7917435180698253,0.6676723847289279,-0.18684141490694584,1.0815782683704678,-1.9560776409863998,-0.12526969822262068
500,7900,0.42334849905518795,1.2114900803969353,1.4546921699086053,-1.4825411259573078,1.306317864608538,-0.7851069426429702,0.5454596426479622,-0.49962726779850475,1.0820779815419164,-0.2839714407174146,1.2844441822769443,-1.61524406866979,0.8095070496162593
500,8000,1.5123181589658592,1.9693045808979373,1.6368247130836238,-1.590718190729242,1.5647948009467652,-1.6666167073872418,1.6660852459392121,-1.2443018897703009,1.661291113032725,0.48283235454462614,1.1414516282202802,-1.8573446777278424,1.561343290707828
500,8100,1.347372232326155,1.4389772678953892,1.7891698865526378,-1.9424051170685097,2.1042795834656784,-1.2949120407555021,2.2192967414811524,-1.7157661057015114,1.8438995324856493,1.163846815453445,1.5983527159299424,-1.4917605244665995,1.3851010561170156
500,8200,2.349623211060713,1.2371823216281403,2.104902563931204,-1.2022215571268247,2.149716913343029,-1.1144217375948136,1.5787533032382686,-1.1359471956248353,1.305937597202823,0.13974757135348356,1.4416000977325694,-1.3361633672749467,1.6648939794194715
500,8300,2.2929864610643307,2.2170410003689827,1.368874534705067,-1.522459355075531,1.2970835438596255,-1.5247821994188682,2.0720562903112376,-1.020343176498814,1.940733963662115,0.8234736291045933,1.738766693742882,-1.4916352020306456,1.6217341220097172
500,8400,1.3067739825897884,1.8972643722540385,0.941291689513196,-0.8347713575099519,2.2247198686804173,-0.6863449977831728,2.1514762891073915,-1.3356056049066403,1.5955626840698147,0.43974001926478434,2.020832359134619,-1.913094240152315,2.170062206907316
500,8500,1.7280014467304576,2.0614853002534255,1.4749619911051115,-1.832730262149144,2.1888890812415576,-1.6568792286841265,1.947588947360176,-1.6546576375404591,2.5580913620812407,1.311176344379806,1.8512904540376003,-1.2822160777625713,1.966702424784963
500,8600,1.4254816176688712,2.065273985377451,1.424944920013099,-1.3171394864115218,2.1016907388298534,-1.2305706607488898,1.9699285763093393,-1.7442951989625048,1.7976833203736322,0.3515613526223527,1.5330048017600268,-1.825088948972357,2.24206753968699
500,8700,1.4882338204120875,2.1968707764826876,1.6270892896103515,-1.7593834551265253,2.095721826465669,-1.7173184494569338,1.7718062901353775,-1.5890144755332545,1.4581607487100168,1.3773921619532017,1.5857395649957926,-1.7407286321896585,1.744058650978877
500,8800,1.6915264255026952,1.2731215453718663,2.268555196969832,-0.7955489031658834,2.139303550964417,-1.25487943055959,2.2011985178074873,-1.4261105832787213,2.0978227515300913,0.7008704859752889,2.0014857051854893,-1.330649411618401,1.6669898936299983
500,8900,1.5478423297409754,1.7795720490720672,1.4557314526962548,-1.6010371902149267,0.7999228178145402,-1.4996758367351504,1.2852413425065279,-1.4106596169823233,1.4484098891795596,0.695692786366175,1.2616952397963965,-1.5617012619704236,1.9328756864973264
500,9000,-0.1303643654290206,1.2140698930550702,1.6490478207142742,-0.9438862462121539,0.1462135634577663,-0.19646185267330776,0.3356814200310932,-1.0792780138402216,0.872642130342942,1.056665353582182,-0.38483104777003396,-1.3048523917418802,0.7784484773887921
500,9100,-0.029572455084761234,1.2383426928523293,0.7252630208994375,-1.5640241440590588,-0.1330597199081629,0.31175122194215416,-0.15338258677194222,0.2036667542030384,-0.44720988987734306,0.017247467595863097,0.04619252184302938,-1.1937390010317461,1.0309314309031314
500,9200,0.2694596625312956,-0.09738649120120323,0.1478291726006552,-0.6867684562495573,-1.0748859481263762,0.7916153317683484,0.09203224835902571,0.7351138694620463,-1.2449038371015737,0.5271840711526128,-0.6791354160332492,-1.0482994190877881,0.0010881032398467314
500,9300,-1.3492235926644238,-1.1779136951741667,-0.21597781380006012,-0.573285306079785,-0.8264275233649924,1.0789896223157087,-1.3083668507112198,1.347100793883211,-1.2481604566424382,-0.05266012971255234,-0.8283406103449839,-0.4533119514129345,-1.221022504739256
500,9400,-1.3623130053412345,-0.9640156230652187,-0.6013103196746717,-1.0506312773922886,-0.26325122830220776,1.277675422339548,-1.11512727422528,1.0104249443085334,-1.8219680118166448,-0.6072875747817318,-1.4801696710990926,0.1351434155034632,-0.5760778872762371
500,9500,-1.7801942939761857,-0.4781093125559771,-0.4460593244029732,-0.8443600902651058,-1.2975736595988514,0.9057652310694332,-1.0549314484422334,1.2248844737448363,-1.3409905381767149,-0.6043850295201808,-1.293620043923237,0.7520470076630337,-1.0451687443802296
500,9600,-1.4681611538047696,-1.0517721669571516,-0.7962891907724784,-0.7467362070270196,-1.040548853127132,1.1090903719326255,-0.8256907471738969,0.6071295165893451,-1.1351311608828674,-1.2248978780435722,-0.9660000416287925,0.8652135955585478,-0.8575672167283267
500,9700,-1.0542665770796613,-1.244305724821746,-1.2373764234981859,-0.027045932920824325,-0.7953799125718019,0.34394167859236485,-0.7248099435677835,0.9652965587856253,-0.603368906116666,-1.6517379195757087,-1.0994419193500655,1.6950220427548008,-1.6966455557280788
500,9800,-0.6572737087353179,-1.4849061068096516,-0.6413296493680445,0.5853844712387334,-1.2945181524216114,1.7424080343251636,-1.3462663186473511,1.889240521731716,-1.6221760273984909,-1.8037400479061922,-1.5318005533119396,1.205927040269046,-1.2534812440858751
500,9900,-0.8885110476202273,-1.276366914953106,-1.2319364240019164,0.8257399539417575,-1.2476848586487959,1.042536759482933,-0.5684506015829116,1.6638447467250035,-1.0157958538853713,-1.2338635689040718,-1.7070466085464158,1.5362066293098313,-1.2637303204534094
600,0,0.16115985834195273,-1.2737368758710539,-1.2098258031310778,1.900394885702748,-0.035598777135465345,0.6223523262846955,-0.9455963713851548,0.8728390300600195,-0.8043311724440135,-0.5716282012894776,-0.9385725570989666,1.317787242131612,-0.6788176993780733
600,100,-0.7509255514485209,-1.1766998251456184,-1.4735254993255764,1.2960627261651865,-0.270752958637734,0.4124735453803238,-0.9773678211654081,1.0121011754397964,-1.3047478540733197,-1.5602670297689847,-1.1431277542174807,1.3162575386809316,-0.3724299441996079
600,200,-0.6769925040580365,-0.6123174394539067,-0.7185230389941771,1.177171140503383,-0.6317264192848788,0.1094161647489296,-0.5384809818324973,0.04695021630611525,-1.6058153789662342,-2.023076482021354,-0.5721926774001547,0.2415082830676772,-1.0254627007756747
600,300,0.4002231978194615,-0.6500737684717609,-0.7202481869443091,0.5552565928834382,-0.41392091866580394,-0.20327521737665263,0.824453749331794,-0.10935917484570506,-0.8312493749059257,-1.2238535997259663,0.32222760937597766,-0.8229179451415094,-0.08971698433966074
600,400,-0.3728965519475502,-0.3975165108912751,0.052445397698766286,1.192611595757151,-0.4603575393048466,-0.008197941486926286,0.41084049408691714,-0.3297725447253197,-0.5313091325550454,0.0003987063718087314,0.20404220621934452,-0.718063761515193,-0.2667171611947644
600,500,0.8534837435427044,-0.3575809190833274,0.7345075938551915,1.80268156643942,-0.22318839199493057,-0.9545737885309431,0.149939718445145,-0.8464238400603861,0.11502836864161098,0.6685834987581052,0.7351858744658022,-1.0111510711655578,0.9683413685693945
600,600,0.2929216640625532,0.7201572871233456,0.5053816767191972,1.3162464010250396,0.24268827404500434,-0.8095030913249682,0.31450026801332254,-0.9383718698920382,0.5145205384391155,0.8021444640860652,-0.09655417586677284,-1.2253388458002754,1.1347243105747986
600,700,0.6335040821214565,0.560637689373999,1.154620989295669,1.1155759649425907,-0.0410501422592347,-0.6153531176703066,-0.032447469095734996,-0.9684308256875155,0.7347360306831877,1.6097019656649711,-0.1426584975493304,-0.301458879478536,0.9886889536117996
600,800,0.7185338598307,0.3463867115021696,0.943302367470362,1.247504968534506,-0.38511725291177296,-0.3559567081400277,1.1139882102403098,-0.2943772681318405,0.41720275908713367,1.4665581528597171,0.8917344917193252,-0.6819100883463892,1.109715414620982
600,900,0.967599388327115,0.9553551560053508,0.7856550797006631,-0.5309725485953679,1.7149536401376462,-0.25802483411619787,0.8622053454659819,-0.877106815175099,0.6112877403396261,1.868203699209658,0.8659919270256121,0.11645936709047441,0.03982374415579127
600,1000,1.6044568496087686,0.7061314070641196,0.9481997578374748,-0.12708193019240852,1.5647035821437352,-1.09807390047809,1.0372046257694267,-1.0050465730178693,1.567414029562229,0.6692528111989221,1.3982253045645943,-0.864603182343639,1.2811717518040409
600,1100,1.9561205642121529,0.9799894291213889,1.568677514433075,-1.0761575957563996,1.2335466670852664,-0.9032759127552984,1.2907892159775205,-0.6273499651772981,1.6029537099863629,1.3948275400891137,1.8336824978842614,-0.7367764719486782,1.3983598028058162
600,1200,1.807785690668598,1.4994398479809603,1.0537128043592037,-0.6950105912062826,0.940090646328505,-1.3396505372877863,2.109292212415764,-0.9732060651724129,1.196410812857103,1.205364645090966,1.6045847653741176,-0.6297615299567817,1.4853685014238696
600,1300,1.0410110405767934,1.6457247844927227,1.2424825438767426,0.5375112275674117,0.4304636326854906,-1.6641439753381644,1.6526263625027922,-0.4889356553932966,1.0624786902168144,0.9866094552426607,1.4091088963345235,-0.8651019373642739,1.6830016010954214
600,1400,1.1414327119094114,1.1064406151583508,0.3482728284747309,-0.4105554021512643,0.7274483306956279,-1.2428418542277642,0.9348608923738019,-0.5237993823964263,0.5946640226269019,-0.3008209999225367,1.0743219189883058,-0.7689863700299114,0.4036356094771902
600,1500,0.4278139886851122,0.29780351228521434,0.2942694875556007,-0.4807586130218418,0.3694108594511409,-0.7806993865209504,-0.017990603195061784,-1.4858434946869152,0.6089649703070351,1.0650622143755266,0.3821384072605998,-1.2282888450479246,0.8087926063753594
600,1600,0.42660993406506525,0.5969453809382889,0.21169060270540807,-0.8549703171702947,0.0749628210799999,-0.9473055900821938,-0.276532276791366,-1.1210380357616612,0.3389073436119736,-0.21608293991691757,0.4573841716057066,-0.5144304766981892,1.0760897170606674
600,1700,0.37970745902072767,0.425706953536773,-0.38084832433006177,-0.2188743734015164,0.9476345107685491,-0.4441661851295255,0.10091514180047395,-0.7404406882030382,0.951438778558091,0.2545972371682932,-0.3106109878032972,-0.9964986615233788,0.15465210167296226
600,1800,-0.6084055103047006,-0.09557610944757444,-0.20346825791352866,-0.9719629813757263,-0.3653574661194447,0.04657451516253573,-0.37643355622491226,-0.8059659037874765,-0.7741103977252476,-0.5987957519297843,-0.5424359500905956,-0.07717585924228394,-0.8565196140135288
600,1900,-0.45921141808079574,0.008830398477379257,0.004431213226561022,-0.721275747856137,0.4821267827817169,0.5744055420954892,-0.09472792174122863,-1.317578166797842,0.04233646770557325,-0.16308168904764414,-0.46805965789736914,0.27006976341286826,-0.42725707938060725
600,2000,-0.92477684122718,-1.0152606153000345,0.4752426713495932,-0.7466186983778738,-0.5624275449479724,1.1784201316856326,-0.4555221740362322,-0.47961896698233675,-0.6240003149822664,-0.7983039162525973,-0.4778030910006247,-0.5058747244369504,-0.671184706526862
600,2100,-0.1758013667000481,-0.5448120836005628,-0.3160180245414684,-0.5469841719539058,0.7019101611771796,0.45373116345124576,-0.5240439574128657,-0.9790781329958937,-0.5173717858670273,-1.0986108732623512,-0.7297426945566536,-0.8564966626916007,-1.4572825783478465
600,2200,-0.5476239421179481,0.23600772521657382,0.6723351244056909,0.7832195428095985,0.2870154583945004,0.48334908514512,-0.4171920256268778,-0.4475979930335551,-0.08629302743118586,-0.4436977514043071,-0.6221928278705687,-0.8471942405596424,-1.3311686059187846
600,2300,-0.5755062520224455,0.1974570034119345,-0.1987240308784018,0.7626718612095312,-0.8281798455778169,0.1807565452938784,-0.6328790284536907,0.15248585338144235,0.40784289484979175,-1.4868513604418765,-0.508235736857824,-0.5338357553436731,-0.07049968958324879
600,2400,-0.6300751568131892,-0.5055036307700073,0.4154497323453875,0.032165786497484285,0.25655047126124725,0.35562761191365333,-0.3315799506769552,-0.2215875291947411,-0.028456026570045097,-1.4033344014791382,-0.20643184054692348,-0.8114523264413384,-1.1303079280749033
600,2500,1.6290888682114535,1.4653973687314206,-0.2248563786362804,0.38148027668253653,0.09370254023057545,-1.0142490208901878,1.0289175581600822,-0.8286239817396561,0.8179572713134348,-1.0913122545615423,1.0052421092157173,-1.0084863353175926,-0.44992510082255993
600,2600,1.1126592485331182,0.33182181511091663,-1.0007625856966416,0.9537629249481956,0.2637680516962229,-0.710194446868981,1.4019931669105272,-0.40508491077250064,1.011651760450699,0.06176199252070537,0.08994686670115426,-0.955343972995093,-0.45707291091307595
600,2700,-0.5439971327060082,0.2950203585665651,-0.07392465101801764,1.2499186999279206,0.6352619622896845,-0.8157704522270955,-0.32669697317144836,0.06804781164574439,1.254038250442018,-0.5814728900929482,0.08765123133871319,-1.0481101531080619,0.024121908094496915
600,2800,-0.684386693741605,-0.34466667529943684,0.9564365588926114,1.3308044411233317,0.6843861817360395,0.6406052431141449,0.32807430733152415,0.49790865090085384,1.0231916786164819,-0.18860598323437275,-0.28432248389537546,-0.6923285239175774,-0.3805094420972259
600,2900,-0.10397891083879607,-0.7454081108807702,0.3439392348248407,1.1042170613110158,-0.4498410520596247,0.4057004549047718,0.2218275736961589,0.036739326848177205,0.7630639291449403,0.06102250143987961,-0.1392378464191517,-0.6281415033200827,-0.8174059874241227
600,3000,0.02257601336106984,-0.8256826581521161,0.3057073243051671,0.5713548333454238,-0.5290619334624949,0.3942266496554397,-0.575518303526069,-0.04511453970899883,0.30626373531912804,0.23874342533801704,-0.06438722154030306,-0.819987160458151,0.1676661755735682
600,3100,0.29247151876052274,-1.0457274111515433,-0.3143053108481131,0.6411253767718231,-0.06479222895661998,-0.5119609336703246,-0.09990669262199262,-0.8498056083078206,0.46260372424955565,0.10024275428902317,0.4926029469917784,-0.8777486966875779,-0.8064344283590785
600,3200,0.7962948655263119,0.19698917082563078,0.6969796162280012,-0.02667980980439509,-0.9368871260370167,-1.051356301607343,0.8938780664300393,-1.9550756832162475,0.31944995806726106,0.9348309057045988,1.3416944323168483,-0.48491678378508357,-0.36644028906700055
600,3300,0.7145496088305283,-0.35963395675944715,0.7281577217104701,0.07988889926877815,0.8230747760111994,-0.8900956738828512,0.11356396630396436,-0.8015159959042117,1.0527795792044676,1.208028373406571,0.11467039021624252,-1.101947144967745,-0.1165238703029671
600,3400,-0.6069139534942803,-0.554248116850556,0.7460526639815652,-0.9493244574575345,-0.741273246816037,-0.5183812521162794,-1.0491183712646506,0.10900889321488394,-0.011486439802023756,1.0369379774235334,-1.2103532185819759,-0.9033654782524293,0.33730351845397766
600,3500,-0.05476040921678044,-0.8124105057642893,0.902609762777205,-0.398529250197465,0.08102637271199865,0.05126792392314601,-1.200365636346103,-0.1626205339723059,0.3579125501120576,0.11352990411652841,-0.4143775947424939,0.50112060048786,0.39872412270683133
600,3600,-0.7924553690672178,-0.6518703718694859,0.23371791927726943,-0.7003780300120858,-0.21053221491575147,0.1958248445585853,-0.5922121481058562,-0.32836329765964345,0.6714263094070032,-0.5197614443935599,0.13695200768670454,0.4382085930455073,0.7188992207474432
600,3700,-0.06289867042696135,0.563472129120191,-0.798618902654972,-1.0499572158059571,-0.7152077817256728,0.7358480528583247,-0.29223693103935605,-0.6249316589513821,0.5554848478083391,-0.5004350552925942,0.26068866784494493,0.41308088567081197,0.6941738428217431
600,3800,-0.03186493565548068,0.15532091748783466,-0.3816534589554157,-0.937499557234517,0.4003700123379387,-0.7316884875652417,-0.12669246585025268,-0.5753209910925685,0.2628912777044114,0.20267491784186675,0.8401423293204069,0.09008787244562255,-0.5590745684182735
600,3900,0.8921968471231623,0.9339663491567376,0.6116984573060918,-1.4153011831437645,0.2562793935794994,-0.4053580480853753,0.6431495804282369,0.17749246506063962,0.26334348856694895,-0.7327185201530019,0.21568392207732723,0.39857163984010197,-0.09086471566266656
600,4000,-0.1373657559727217,0.9090419255126534,-0.2732789885064211,-1.5645042885424123,1.2166472171726084,-0.06469790522756036,-0.046690620309522035,-0.10312265448819205,0.649683439123785,0.5244786836726868,-0.14737984444609112,0.5035176584589405,-0.9052028265495655
600,4100,-0.6959610286983876,0.029147959685842748,-0.5702561571651741,-0.44368808229240575,0.37199392072025905,0.9449865959482289,-0.010874530308633754,0.3744123347956346,0.7117112872664432,-0.08747048071402362,-1.1025637361823561,-0.29041072008876,-0.3682077022816611
600,4200,-0.5789433914516035,-0.6493346862751656,-0.1984717140082394,-0.39684317890596504,-0.17991410867438323,1.2894737777394976,-0.32210146272005813,-0.37778845760760615,0.8513580813511135,0.8671482990247259,0.043320976787282396,-0.04584779139642345,0.20871794576377728
600,4300,-0.1188743005635215,-0.21411119467024037,-0.23273890153729118,0.7493816699321161,-0.2320199397181037,1.8831960704140611,-0.4391396603542387,0.23548020234205508,-0.28585294286033924,1.1772069967261591,-1.2872848818652294,-0.16717223320444213,-0.5471436816091779
600,4400,-1.2884564221617203,-0.12000709757732184,-0.01106200759317519,0.2679294109261111,0.34794911890752905,1.5072278947260238,-0.5346052942891605,0.49004097174472366,-1.4762551143198708,0.4881773788922799,-0.8646880434732619,0.07933047229894465,-0.5708900358421628
600,4500,0.24011722137980548,-0.3546232980974452,-0.46695894247005837,-0.1649309963530011,0.6212735530655452,-0.42747227331649507,0.5918621738159485,-0.6021611923578839,-1.2209668601718497,1.3151490202723901,0.46663549475523447,0.11481624928468231,-0.34342684634871956
600,4600,1.3124431163110466,-0.9512764176377556,1.1982118522333527,0.02603584197144701,0.9869647191157599,0.4423251004092987,0.3348780033135145,-0.4160802632963282,-0.8825236878572279,1.2401876374057712,0.7412049055577423,0.3513510657687258,-0.6419983107735183
600,4700,0.29787602666260815,-0.7261256104385635,-0.6374951048505978,0.6506923332252117,0.7027679842880625,0.3362907848082274,0.1372369253874968,-0.2289841444049464,-0.46989332967447034,0.6386976774678801,0.32153813946848636,0.4375679492285875,-0.3802240195364555
600,4800,-0.2215754973502497,-0.2919327337314484,-0.9808739788273777,0.7866810713576547,0.16400667353214057,0.9567942664411495,-0.45899208914161443,-0.6417145987346766,-0.16011164087782848,1.4330513738994453,-0.2259877063162921,0.9432453761782303,-0.14931458446081106
600,4900,-1.0088949897857407,-0.6094661414768742,-0.8610685336199749,1.0811161455229117,-0.7449306787821244,0.5677783969122279,-1.0449517805757684,0.15342145946656824,-0.7235207534098376,0.48119890392119186,-0.28678788109724923,0.861612286167101,-0.5793789016699495
600,5000,-0.36948370857569895,-0.7490757443579144,-0.4873655385379552,1.4469561629432937,-0.18836333070282607,0.7879008346137403,0.21285764491565531,-0.5930726473970925,-0.7465107806703012,0.3771528216366222,0.18453934889923268,0.23132063666344746,-0.6555404036726187
600,5100,-0.6497335623595447,-0.47070920575137326,-0.8917666585785716,0.7298719794908909,-0.7735721163463051,0.7447872407228131,-0.5012655272516663,0.42866267682526144,0.1620931998680217,-0.6367267067983401,-0.9179872037348844,0.15945419560235038,-0.3217251753116475
600,5200,-0.992414227519313,-1.225220206840954,-0.44118465404084656,0.9928984490289905,-1.2325609950885477,0.18761416789422808,-0.9481764543482918,1.5187578990198718,-0.9885705353738652,-0.9495020641204636,-1.2212959889949087,1.0395271124121856,-0.8207616117368695
600,5300,-1.0971816501638862,-0.8475838229691548,-0.936593754816299,0.4407722302582646,-0.5755070376753744,0.7817487375317569,-0.738810129520892,0.716981728787971,-1.2831412228475088,-0.895249408196908,-0.8618650909971693,0.7613695315452481,-1.5879555896419422
600,5400,-1.2913295211580673,-0.7762149071013577,-0.5574003334711036,0.7230767732859467,-1.3999008163951812,0.6275814284708275,-1.2023976643605752,0.6440177570951985,-1.4597090870947165,-0.4932472426029239,-1.0589119284649158,-0.3957410564810017,-1.5317229599351052
600,5500,-0.9318299020959862,-0.7519616763220388,0.021390452676506373,-0.04102726716366133,-0.547730001605006,0.9345435202992286,-0.7375205317155554,0.7854170598154736,-1.0317313763456133,-0.5311421038901168,-0.6686087020537417,0.790665082986471,-1.9306206638488868
600,5600,-1.1247254498833368,-0.1265256170902687,-0.5930230486318127,0.8203369863812519,-0.5264930580759581,0.4015428223347411,0.8053850885986531,-0.3602387669581113,-1.0550712485958182,-1.5561196104621782,-0.9811350076225799,1.176887340934416,-1.44784017185796
600,5700,-0.004595656193903923,-0.8876014928065826,-0.8609810061967264,0.7446949761351699,-0.30713891834178747,0.48429293936090356,0.4844734856225642,0.0033881435978719223,-1.6371394708209845,-0.678162575878824,-0.5238801092710261,0.7782761042608959,-0.23304492957252806
600,5800,0.44342836831447624,0.1176671767218518,-0.9947436145484232,0.7807374864536052,-0.5950299734552893,0.163645277831491,-0.05960729213268811,-0.4740209930022999,-1.1600691525501858,-1.1411126805704703,-0.7219754177947075,1.1714217813126013,-0.9072900150067584
600,5900,-0.7395900451580959,0.6266072295055394,-0.10326482434695318,0.4262773720005367,-1.416880323289528,-0.8000910004408281,-0.604080174157149,-0.09535821585311365,0.44111746769977145,-0.909274956618378,-0.6976778126062602,1.0029078378521417,-1.113547071263658
600,6000,-0.5183864598004215,0.5622056232939314,-0.9343492011413674,1.5733020718877384,-1.0029059751925264,-0.6290207136529845,-0.7963237625624929,-0.07784472749035458,0.7558142665283442,-0.849446970149308,-1.2473189654956234,-0.26941295796848214,-0.390116604495153
600,6100,-1.207261552054116,-0.5860499869324912,-1.2790439492686243,0.4949311619941702,-0.7507972466190457,0.6951369185364668,-0.4520151666079964,-0.23559398296757275,-0.784216929198924,-1.3417250549068982,-1.11655340340269,1.265901296125003,-1.3355952885169715
600,6200,0.5436615484986337,1.3749949709345348,-0.5032611233677673,-0.48418236099900885,-0.7009016934769591,-0.9943254814391843,-0.08436858867327542,0.7284886788817181,-0.3244999769640569,-0.25819344300821734,-0.22124771249197445,0.9439254146981697,0.624497956526746
600,6300,0.8357849694780637,0.9034647811471844,-0.9566825788056081,-0.14244208041252007,-0.16081521580245933,-0.12643780847906239,0.2774542953370787,-0.2754199757917439,-0.2393667312150427,0.05819337062014136,1.3585205211629563,1.593862938858295,-0.30141898234912534
600,6400,-0.2613949752736651,-0.29757100305723216,-0.8306700409481209,-0.017559388041266544,-1.246947517680506,0.31874573348134916,-0.7406397216993978,0.754733504899417,-0.9325326769201062,0.7300809284994978,0.1199001792942528,0.8501586077295141,-0.09323145432159265
600,6500,0.6691175041564462,-0.2418991651944814,-0.7174582011680463,0.7502061931428943,-0.36938081713296167,-0.6350592067532155,0.3631829739487582,0.1862046007180138,-1.1352737149435885,-0.021268085219013293,0.4250622992255367,0.44408193684617414,-0.8870762779244775
600,6600,0.22084448514024677,0.33907341025529975,-0.92014251574955,0.12070851282265704,-1.3990811448152345,-0.17541390514914476,-0.8410946423651374,0.4943723632296968,-0.239661885305502,-0.5016412552368734,0.007707422204435929,0.8774274145542533,-0.40044451549765925
600,6700,-0.4057712259661904,0.7611795405029204,-1.4558288831660227,-0.857027258569373,-0.537926657763582,0.48864800845966083,-0.9312348208128612,0.9799762329326674,-1.0969363379098385,-0.44586326152372857,-0.18206971944673586,1.252764516258959,-0.5889008923777704
600,6800,0.24087644636720684,0.48094366807205313,-0.4159594824787165,-0.5592261581297138,-1.3519722379876193,0.853831409152892,-0.16654012480511826,0.12422234310901581,-0.757043934235008,0.8702429475104442,-0.3210975110688818,1.1514270781426823,-0.5345677558894066
600,6900,-0.3349194733474481,-0.5880327608256961,-0.8525718638785836,-0.4704940287081538,-1.192773903746262,0.6918921934156796,-1.0887280661850949,0.041659553513809525,-1.6999087763774796,0.9409513756296847,-0.8565932943252396,1.497998743859066,-1.0804490305870165
600,7000,0.03299789207270349,-0.07550394610161415,-0.7512602662987147,-1.4765911502575797,-1.677837784559663,0.3988358469498687,-0.7607089234405056,0.06336486923601041,-1.5160654849159723,1.2583978427487825,-0.36093668198612255,0.7143832475302792,-0.7515876714016908
600,7100,-0.20995119423897612,-0.6906540500182412,0.06677008791624435,1.211957363467648,-1.1801348759956856,1.7695125804501854,-0.24573842535863336,-0.28995506177445207,-0.6623625289839398,1.1555084540607428,-0.7267742582414222,1.175112087953586,-0.8199568995832092
600,7200,-1.38023033747291,-0.4487905552531245,-0.3273802385861635,0.5647402379402028,-0.9005318222029457,1.0806268919553774,-1.0841664798087427,0.3246424317496244,-1.1783073178850219,-0.203316534807969,-0.24289109494356653,1.9373247702712366,-1.1804408675802387
600,7300,-0.5827572770178129,0.12243375119743324,0.3744920398583123,1.649575815916623,-0.8570925106783015,0.7643491046158728,-0.45024807214179796,-0.15994905476823598,-0.5294264163134572,0.40886399713798266,-0.6809099290323483,1.1668952515436368,-0.7278669713886499
600,7400,-0.5232026443813377,-0.027442627870015418,-0.011301448633911968,1.619894592530862,0.19402608326988785,-0.2904246657083763,0.12107400142064703,-0.5031669724802046,-0.32862736710578555,-0.6637846541562965,-0.03369759564367478,0.013140058648419125,-0.6600993615285246
600,7500,0.37443498093257593,0.7894903721774172,-0.38272710708124563,-0.2804790567704887,1.2300547846169827,1.0583893035643221,-0.031613888127169976,0.3925164269035786,0.36961376697773124,-0.2820668793045541,0.5570171350315011,0.40349191886080105,-0.11009882514092048
600,7600,-0.334252545918399,-0.475448310778773,-0.872102035271821,0.42870798270515276,1.673406812547883,-0.1796344702100279,0.1662119976832946,0.17808657665590888,-0.3967779551186112,-0.6812878274727698,0.800841773743387,-0.25043261205867967,1.1101834251428664
600,7700,0.3275666840379032,0.45395026265014915,-0.8403709270246591,-0.21390815397647295,0.9847988430251743,-0.3700323500866805,0.1901865639012246,-0.8957112839735994,1.2424832837533555,0.14873014647191526,0.655925186098255,-0.8434574867779905,0.8127964808759535
600,7800,-0.08550228259189865,0.38675528873390336,-0.12148583287878623,-1.6042448742046278,1.4512395806719942,-0.24977859924095236,0.4657209827198305,-0.3518776342317919,0.36619988778277673,0.05377462562704614,1.408902067619318,-1.371595152673831,0.04670101332888159
600,7900,0.4976665942811753,1.4118678992105644,1.1128742535597902,-1.418845619140539,1.0250465745042,-0.8459084075573304,1.5950115290729485,-1.411774653873911,0.7252948981026813,-0.34809572817944723,0.8068227525242383,-0.9797159200240837,0.9289411405213381
600,8000,1.469970037517135,2.22928588236175,1.3001111148296838,-1.303635626900728,1.448363006787384,-0.801078433229513,1.2380623034699254,-1.616735075625156,1.8620406156370353,0.7760220896591057,0.5308984745139036,-1.4640453200178396,1.737457204591585
600,8100,0.93347687460168,2.100105355252653,1.3866950325157181,-1.286738504954513,1.5610164571203402,-1.4194765480324347,1.6930391763428556,-1.5307510258267567,1.6895658358706098,0.9871690738914648,2.3749464304624737,-1.7444726070740963,1.7185844878284748
600,8200,1.693769921601128,2.1395664884386663,1.725280274644907,-1.651872815939461,2.3063910441567805,-1.2362628282937478,1.7189538211935984,-0.788833967315862,1.6791206417476803,0.5603345289488375,1.7190171336529942,-1.57953743394681,1.5115453371010927
600,8300,1.530652429442147,1.754335480860563,0.6072601027563098,-1.4199334996679398,1.7371165226229195,-1.1813630460924671,2.370036058555289,-1.4354721058457782,2.052967065562411,0.73974754140179,2.0576799175230662,-1.5381172585986576,1.4530048684564396
600,8400,1.8008780844010288,1.660872809086632,1.4202821593438992,-1.6046103976130568,1.7214271649164854,-1.603625951654084,1.7712205932378497,-1.2223355590824245,1.7451404560280201,0.6749029539774345,2.0040960445331115,-1.4706291714578539,1.8559955712832277
600,8500,1.1428692320811717,2.626423072427615,1.6539848551070786,-1.3762591451197732,1.706115241593802,-1.801003955047816,1.7274815218464248,-2.1576577323311623,1.691697105401733,-0.07790068579264481,1.7969419001628886,-1.8092392878556887,2.0910776176039922
600,8600,1.7935508798570186,1.7881443163845885,2.018255440268833,-1.6712902852475333,2.7230028536470385,-0.8430286757482309,1.9602079896473026,-1.4737438066774748,1.9438625915764478,1.2586039309726442,1.7204652549364132,-1.5403973838109921,2.34140126028861
600,8700,1.449824189071266,1.606532588680623,2.211750626831694,-1.3105515380354293,1.8145054246351695,-1.3254213903411731,2.3016283975687712,-1.462010741111646,1.7114137703287051,1.1632390746927963,1.6716886797805999,-1.6420355148571277,1.6398258927805924
600,8800,1.2711514448189876,2.008654215125466,1.9632776465376818,-1.4570540105960326,1.792170603097724,-0.977524474802893,1.9696569378528004,-1.425254037577214,1.464959034620314,1.0447079088157911,2.057340823987223,-1.5334161016075223,1.406503396203802
600,8900,1.5286489525696014,1.0573128415001798,2.286644003382112,-1.6150868717720397,1.132632025845879,-0.782010557055642,0.8267711426217438,-1.1957863050918758,1.3691459162252313,1.1642782437826025,0.9243788118298094,-1.386996650043031,1.7634816767451191
600,9000,0.5880453206919858,2.046302204661811,1.261038256720189,-0.6145644412754948,0.2975469399623835,-0.25297103392386333,0.07332541203959674,-0.7672532491355633,0.8587126022895226,1.0359989534678575,-0.20895327414207993,-0.853204315033595,1.1252108023103666
600,9100,0.0713953704563058,0.8157398011157483,0.3525150370057482,-1.4468135096977284,-0.7955135351918858,0.32432296547624934,0.032279420344609296,0.08437125874231934,-0.342069007096057,0.4912419912129924,-0.7544154176945905,-0.5721689587822654,1.120660161211423
600,9200,0.2998168013202817,0.34607958042221637,0.8479155945839307,-0.928596584535233,-0.7293697502272094,1.1522004998516473,-0.20450316020826872,0.7168128760936114,-1.3906447057300206,-0.5468676355853959,-0.2270463542950167,-0.6586821166009159,-0.297593954075698
600,9300,-0.9751323180750338,-0.6359341402372531,-0.5724045374164068,-0.7404329368698788,-0.8972455795409636,1.1502310847184503,-1.2701288745733483,1.2767603184730814,-0.7284560134987196,-0.284072436789417,-0.8090690992037611,-0.9405683565947153,-0.29597958748832615
600,9400,-1.31483023146766,-0.9162723761980636,-0.10140278952674465,-0.7756604093948788,-0.8976221342040334,1.217006119156669,-1.4612440503184505,1.8906340499065912,-1.1706634190923664,-1.3140094880382902,-1.3575520186380126,0.8271507373516622,-1.0763699929079698
600,9500,-1.3485461091838773,-1.030303885037854,-1.5233229448453716,-1.3226990234174882,-0.7647892650087862,1.588015171743518,-1.4986579273445946,1.8320983854175281,-1.1483655393581158,-0.47747012743859796,-1.0211154968632343,1.6605658105831964,-0.8791637705730553
600,9600,-0.6697727363347273,-0.9490428815364242,-0.5809521136151875,-0.7977806253066652,-0.8380258817069987,1.1791546031678881,-1.0019472189854588,0.7901010328494422,-1.2410085221514309,-1.143805672886864,-1.4619083725166953,1.330730455849567,-0.8636971295268804
600,9700,-0.9201633574275868,-1.439211018248397,-1.2210501807413285,-0.1928981774114379,-1.2375871712515958,-0.11944049398397585,-1.4994374168763074,1.427720742869737,-1.7774804687189072,-1.519579929226123,-1.1278998107431648,1.897860687086149,-0.7260869235503937
600,9800,-1.0699790856212006,-1.2176963972464787,-1.2567414257855403,0.23511375002665236,-1.2642274283558457,0.6137675398266116,-1.2240789517145731,1.2937887765470928,-1.2366294172388712,-1.81130708832691,-0.9523879117945365,1.524393990104676,-0.7423493965112989
600,9900,-1.0748465590015668,-1.2143901710610783,-1.3824162932780968,0.5156908767756181,-0.9980551164801368,0.7749482950674412,-1.001993385649214,1.647821074681125,-1.2634454251677076,-1.5776469900387449,-0.4706456405957849,1.362642654088228,-1.148504044058454
700,0,-0.6977995973786726,-1.1474052802290413,-0.9645944268178752,1.7551895725083715,-0.32390469475510697,0.309798181887372,-1.1552688031969545,1.0740335863162813,-0.667200027170649,-1.0057182227229369,-0.7905801414440217,1.4849704943163227,-0.3737132237282575
700,100,-0.8680443025176765,-1.1867758667776191,-1.4369199667423354,2.002129137065798,-1.2589245346659779,0.48537985177034826,-1.0083997815168453,1.104840570427666,-1.9235642417494965,-1.2736652466104377,-0.8794486159771847,0.4356835103050749,-0.35553438175719826
700,200,-1.085019598777038,-1.1477439667946945,-1.2266158328472887,1.0112288250588672,-0.6497386299792098,0.24385040577479347,-0.6084703875332113,0.6951495187144326,-1.0885188563536483,-0.7709636622847745,-0.9442531143649624,0.625484129518991,-0.6317458400936484
700,300,0.21274335343940295,-0.6414427611201787,-0.32218698607425794,0.8451882334548779,-1.0982714276155412,-0.21772285462371813,-0.29055042478153725,0.5219521112206648,-0.5535914743772758,-1.6413457006011516,-0.2877838273648258,-0.4513622082693618,-0.13690660988497616
700,400,-0.004811391978331967,-0.4215546240359159,-0.4412338065634747,1.382473846919796,-0.3647815504738071,0.33426765816961346,0.7033768820175131,-1.268347708371835,-0.6607282244914021,0.002068806403047842,-0.3012715486540561,-0.13653029708207706,0.36020713130117304
700,500,0.7269824652565582,-1.0871978689802215,0.7697046376683031,2.0554550126902393,-0.6571610971745495,-0.019107614405374274,0.5913764471497954,-1.2300931795430792,0.09408415694086925,0.28425875669543543,0.5835381726772702,-0.31698059201171114,0.396046750288543
700,600,-0.21910323068850798,-0.34704670639610774,1.4171796409963173,1.6144430799582006,0.9561636048452264,-0.31578482907001065,0.11675238935422631,-0.9843779290429594,-0.265495988929502,1.1612098606863224,0.4118148529217677,-0.48539076466635017,0.947902889283487
700,700,0.48017040468747113,0.1323422202160995,1.6915510878623707,0.5795501400927308,0.47034195386883304,-0.6057288911604799,0.7544683000040511,-1.2469063808696408,0.37977549167330144,1.9845491407906806,-0.3835533402437802,-0.5973667444824432,1.227256463239831
700,800,0.7269019215510936,0.8744790135138125,0.8705323320909291,1.050030278367503,0.27384740382265893,-0.18300876777450048,1.2648210763678123,-1.1168903788070053,0.367328933120871,1.5470961994919272,1.0681099858841767,-0.1386148363423919,0.6888457156339753
700,900,0.9384272445678088,1.4785273821974676,0.19037771830099756,0.8592191384717793,0.4117272646991635,-0.8118924625935003,1.1605510577902538,-1.1777094776038983,0.7293333725063254,1.8493365507807553,1.098427350592618,0.09226935480853855,0.8545417337638699
700,1000,1.3789570807356153,0.4824079997353408,0.9767094334368884,0.4093531169894544,1.8679142067588501,-1.3665482263523108,0.9785286878171738,-1.0238703944279912,1.2233906195137032,1.7615378367160734,0.8884520061988657,-1.0434557895707166,1.6857581704433064
700,1100,2.041625418968279,1.4676282192367496,0.8772172141404662,-0.5222096612238883,0.9258668920029651,-0.9499908459752378,1.341232794110632,-0.8783296855090555,2.3232257489799846,1.3435795140302702,1.2486199266573954,-1.4500269020460734,1.8587067710708922
700,1200,0.8641750300164109,1.4349731567657418,1.318268432594094,-0.6120781017353454,1.201473649057088,-1.462208237695032,1.1172064713740446,-0.49794149801178406,1.852477963411953,1.343504364430156,0.8975750618445518,-0.492609636426678,0.13325279150328695
700,1300,0.9865245442100844,1.9673254253343733,0.6333753261420688,0.4245506989835525,0.39538372756984635,-1.103486144197668,1.5649895901231312,-0.7595110142681097,0.7050012344914504,0.6158905765266811,1.0050270487035855,-0.24079260723114573,2.1936005736935487
700,1400,1.0138944625379391,1.4292151626228269,0.7360719958126707,-0.6490788619385685,0.26811585228583046,-0.8694870603365518,1.1102193768461404,-0.680894359187966,1.2017276436993785,-0.2283346917122659,0.9983758309157359,-0.8613585136077981,0.6392498481242398
700,1500,0.3055988138283133,0.035559068951444346,1.3955775723922799,-1.1631641142842504,0.32715740763873596,-1.2273285199879407,0.5785245632635508,-0.8730700119085031,1.0864096747135077,0.5998516927492007,-0.06539205135745153,-0.5236575941345767,0.8303901898218171
700,1600,0.010264236602980446,0.3053084711605531,-0.17535092763703786,-0.5596084444739345,0.5992365495992656,-0.6623449656143032,-0.20891478892597695,-1.9434334449254032,0.5470977700344154,0.03124950382805794,-0.1494571789216579,-1.2376371739523075,0.6990130170284555
700,1700,-0.3018987080147361,-0.513977924377586,0.35030220549641483,-0.7805299270044382,0.4510026524088949,0.6739938089478558,-0.8677867667191883,-1.6585074727376776,0.8430283900658689,0.11447625833033953,-0.0167490400807382,-0.931454724193651,-0.12136529853007931
700,1800,-0.30850189736059214,-0.3823727098985396,-0.24166885203453345,-1.0465621787591226,0.08218734430444377,-0.40242552273177,-1.1387092906970118,-0.1616955157044666,-0.9075522686413501,-0.6300178838539188,-0.8499127680837354,0.45755682716067536,-1.2645816393875298
700,1900,-1.0758746721202592,-0.252794132651835,-0.3784636615625398,-1.2888653783046193,0.19376744732768666,0.39002015263774387,-0.5649747809805217,-0.8695014823155345,-0.2421093288547511,-0.9977472290624091,-0.7119929444568835,0.48907166182350725,-1.069728333346819
700,2000,-0.614024218578292,-0.6926918222841615,-0.5474197192472786,-1.6896534007964494,-0.01253502829572207,-0.22152000066792785,-0.8909779974038838,-0.22882931360685918,0.9019256104664051,-1.0639957021043087,0.07553598062290717,0.6713587195818238,-1.0973072521850251
700,2100,-0.9231032881861609,-0.6952136814358584,-0.5012084790334805,0.08602745737794491,-0.25042290181872195,0.6111396856133997,-0.47411975129661144,0.389055079092768,0.02297081515803522,-1.2960145953855196,-0.8526847629867,0.06398480103125234,-1.617434202111678
700,2200,-0.03033560833434355,-0.4128052637371512,0.12162434025883517,-0.9635501657125485,1.1012301827523485,-0.07331160825340356,0.060639826236514004,-0.23513736508626767,0.4171190455846711,-0.5580214823301967,-0.3850491137840299,0.29789360600197756,-0.7072917205668429
700,2300,0.25877921972777335,0.5170358131092603,0.6463606610394166,0.2995548490180982,0.17078459020052827,0.5906746954049165,-0.5858153258868696,0.11486209392260643,0.47010948453323853,-1.3365203297358148,0.5801949644940714,-0.8069991711835481,-0.7648870293883303
700,2400,0.4657099172149533,1.25216867471663,0.5427356670078881,-0.9203236563736207,-0.11361112669038845,0.3460488359989923,0.008344536058246784,-0.6908917286578525,-0.025230004762784714,-1.1962568293650144,-0.3332071699958514,-1.083366821917716,-0.30505734317126193
700,2500,0.6341313496395539,1.7564727908583222,0.28568824870123716,0.8318117916762463,0.5266027047838576,-0.8757181022755929,1.7268800647735532,-1.2214905978176596,1.6078253555125204,-0.7862972859498926,0.9099834499831336,-1.3841415194393332,0.25666946621845976
700,2600,1.0682952812818867,0.014340500418319586,-0.5889105961882514,0.6240171059346538,0.2485670160023987,-0.9492611794898248,1.3050586562201278,-0.24210081238232062,1.127983412638683,0.013197187935700981,1.670374741655919,-1.3214575649139042,-0.28795836202468844
700,2700,-0.6970596148799659,-0.7212017814893247,-0.542774003988692,0.37224159000207335,-0.11192603427308424,-0.12746626495772664,0.18708520779775667,-1.4245417575229735,1.2252180882689443,-0.6630203380668109,0.1682867112750969,-1.5028000097713627,-0.5914568522341654
700,2800,-0.15285856205603945,-0.15405679550312468,0.6593547169199495,0.8658050028191524,0.3235893832620803,0.373484605040049,0.44418317503769456,0.6607082671145794,1.302301624327226,-0.7953929591060112,-0.04503698537048843,-1.1504957565558045,0.10217115136808483
700,2900,0.5258841626234033,-0.8246497706043424,0.7484733526474854,1.5819839485864526,-0.10814891360405098,-0.2942799773883347,0.39450484814081144,-0.21933649514152462,-0.10660064722446796,-0.012489524557833613,0.9004079289199066,0.25241352305196324,-0.3448505740779249
700,3000,0.011562590494955925,-0.3695005588800432,0.5176410081256309,0.733166069091427,-0.8684278923200284,-0.43885710850731174,0.03511725954302049,-0.45994622701632554,-0.25698690853154926,-0.17024366816908587,0.09325570602369795,-0.9314198067840368,-0.1846923603030591
700,3100,0.03827114147643318,-0.36729686713952,0.22630836006175525,-0.2533162866033146,0.4596062528704081,-0.26809514530694717,0.20848557695548658,-1.3031431176470565,1.0438800544411568,0.6474612063244282,0.6492771657635038,-0.28158887448917047,-0.7008451683378051
700,3200,0.7655665392502872,0.3492739727139144,0.866096169873651,-0.9755809276797225,-0.33428519699752746,-1.820401426368114,1.3366588482116006,-0.6081598482254498,0.5900875098963076,0.7381706022142898,0.3641427033513048,-1.0774204605942872,-0.3074478987251384
700,3300,1.2445344340142905,0.5312705287263484,1.088492937878102,-0.6709109871922514,0.19049508193316084,-0.9548149971428386,0.827757446853706,-0.33683185558488327,0.38776207890000675,1.2707715422179227,1.1860282133727487,-0.7990769246948981,-0.09928517774845341
700,3400,0.14941532966696627,-0.24879435679139622,0.14050967806367773,-0.7162698812012284,-0.8640677103027729,-0.04878449814321514,-0.5519612203524282,-0.47363734426340426,0.7333441928754442,0.8286948931502088,-0.04905946201318297,-0.3348576439015154,0.0754610892661556
700,3500,-0.05277520751174582,-0.9319755201396569,-0.4509483400646494,-0.703668869084073,0.4301401857424633,-0.21061229018026872,-0.5169347077139796,-0.11684932535762947,0.3621477296564352,0.18929142489211956,-0.026815771708743136,0.3633611549212928,0.6231254828664751
700,3600,-0.006883590258929215,-0.24559058008213241,-0.0662884979264856,-0.7711809173063433,-0.4032792305252029,-0.09384297702512592,-0.45282063476399476,-0.28953844787839805,1.187301306404539,0.4643175970709454,-0.4577730913952781,0.5590931511872543,0.76881711253411
700,3700,0.1031460991606146,-0.41259573589891424,-0.10655034153917722,-1.0889112256480384,-0.2612295553425179,-0.34105524236479884,0.21546906301839083,-0.05216701732602393,0.39526280415975684,-1.1806542039523378,0.13467585214675504,0.3090501043835265,0.4882954916188777
700,3800,0.07018169740406677,-0.1752971696078991,0.04539437972415735,-0.762604834372658,-0.5854588503315911,0.1683084108736466,-0.039273228953919805,-0.18942798602834438,-0.41717018834250286,0.16591151663006712,0.5145627483189086,0.2883520887899487,0.5025210222015634
700,3900,0.9001910837313281,0.7942087320225818,0.41045154796510724,-1.4293822181200762,0.7288157855916023,-0.9030487111427102,0.28529379216529666,-0.6832056896886163,1.0652214460676053,-0.7649774309128997,0.468488428276316,0.1136776509198388,0.7206841812363567
700,4000,0.023104408751749538,1.0212295781792964,-0.31784624458693234,-1.2727431916733132,0.5730713575118679,-0.2234730285485179,0.2612944395541439,-0.443449431281386,0.5290554550887875,-0.6247760937893277,0.4607711777409091,-0.28573988904185277,-0.9590256803370152
700,4100,-0.048223357059608674,0.2226266815187342,-1.3607573092311374,-0.21129978858933174,0.9295869140951504,0.6939467444159381,0.15506376315813675,1.111789246951462,-0.2244772206532894,0.0575755994960143,-0.40257337706646396,-0.7055777029878288,0.14077740640640155
700,4200,-1.3556728897528494,-0.3268534513120783,-0.34329524974314096,-0.1821846794675801,0.4220988165987317,1.2710980907889529,-1.0646814668436937,-0.579608825409054,0.5472692596492899,0.6981287843821395,-0.724383116006214,-0.39855582467119594,0.9088569343379539
700,4300,-0.8571235630377962,-0.14100849732175563,-0.39098464178335174,0.3737879297744838,-0.6137714722273215,0.7060593616928964,-0.6143332128814372,-0.34448170002360573,-1.0839192118147862,1.10105899014486,-1.0753294491499712,-0.9733262825705142,-0.7319473768985139
700,4400,-0.828812183255715,0.7970314587028178,-0.48104690732439226,-0.8556052380722986,0.6468602992337784,1.0954064618956392,-0.8458294659007269,0.4410033992710506,-0.6253411091024055,0.5717844693274922,-0.6087845713072514,1.1402974033688826,0.10981044435928135
700,4500,-0.4893715847301548,-0.5022899931179275,0.21429323928622102,0.7965421431684545,1.1646892819535428,0.2951675928678624,-0.653403357369081,-0.6519051417709136,-0.5065494723219038,0.22125956864367433,0.07598060725309089,0.5163591754149947,0.31124657057702426
700,4600,1.1880803341109798,-0.4817939304569182,0.3370236032812008,-0.19751672860959252,1.5414469582125159,0.11762842440009158,1.3384616999382657,-0.6910873182764118,-0.7160126682748191,1.4649840254934625,1.109738381617545,0.27506258773680026,-0.5393676166706017
700,4700,0.5984338845410422,0.05757355124080625,-0.5389655815460855,0.4146926430803057,-0.004185254694766939,-0.6952927575785609,0.44036428313883674,-1.1035398655890238,-0.5436957569633137,1.3392968984017692,-0.17833474362030124,0.22990621419868332,-0.7094662516286904
700,4800,-0.047104658558582126,0.07192566703923166,-0.31604738174145613,0.5107996761714065,0.621925499494323,-0.1230671960741044,0.22898712103253077,-0.30079983963734763,-0.5793958980573923,1.5123412043215594,-0.20262572248701272,0.529492042814735,-0.2880190772774288
700,4900,-0.4126359947939742,-0.2859289803280884,-1.1295037545653321,0.06406728773262133,-0.159544175802356,0.8318623946568146,-0.41189798660300453,-0.5713347264974148,-1.201265474956332,0.6687522469730415,-0.6975049487887159,0.33449602921222793,0.03542165348098142
700,5000,-0.18406707176198955,-1.3547112951632023,-0.44661770404620077,1.5666502629902526,-0.29348262509132944,0.6304857720092074,-0.3810525159004248,-0.6308998732525763,-0.34333130401352685,0.4525929658105593,0.09526456221155453,0.6256438113582585,-0.09116152006755394
700,5100,-1.226509504922436,-1.1353276219555108,-0.5449449708546279,1.249885131874169,-0.6119730796802546,0.4567780609967092,-0.1406743296637375,-0.35431449001288434,-0.3533091560993949,0.03924162587200141,-0.7941504502514579,0.5025611717275056,-0.6635355209874453
700,5200,-1.043074551435079,-1.7117045416607697,-1.1925793507901525,0.8851460496613257,-1.1436299212744787,-0.2211603513841865,-0.5238984094562182,0.7819464339575272,-1.1082845539024857,0.0641751930387649,-0.7143402923297296,0.2635817346763359,-0.1669604205543762
700,5300,-1.271439827500511,-0.5664747777724171,-1.1509342979845996,0.6724254541247463,-0.41656640879533885,-0.06845296326639118,-0.6926511972994881,1.0124823671366003,-1.4415690607178588,-0.9772802590092009,-1.1651382016984764,0.7432886756714081,-0.7771873118823659
700,5400,-0.4601619653532508,-0.9988661651556036,-1.2524606020764517,0.5016476248203182,-0.5483244680306162,-0.3824653947865056,-1.6612700956448652,0.15659575912107723,-0.9356534101070427,-0.8191028717965113,-0.6029423737273124,0.7287092268447397,-0.8064702356540537
700,5500,-0.4736131799304898,-0.5847038547262442,0.11056787900916018,-0.07908646033696473,-0.8682758700278818,-0.20910426146647368,-1.244529830820233,0.2037294893157258,-1.0916173961606717,-0.5272481712145589,-1.1381206585162864,1.302462524906637,-0.47312344761705055
700,5600,-0.7988768693020203,-0.9585307385437744,-0.1482005117945668,-0.1787578051966209,-0.624927490235842,-0.5949623436741738,-0.26551594299384235,0.04417933295891589,-1.378977308871887,-0.24013708808959983,-0.362158545647967,0.5976482744386772,-1.3606520517141705
700,5700,-0.388040523961701,0.6926250489325658,-1.2739474095972636,0.5914511364650363,-0.7063006342194279,-0.08862970645260118,-0.30768037522894504,0.3772652855049736,-1.4727678988527813,-0.6732390815749232,-0.5915137448589852,1.2520447416845408,-0.98273919530698
700,5800,-0.62526152973412,-0.6739623940144953,-1.105172726024617,0.5325237853042886,-0.9390498645989082,-0.1631244646564871,-0.5532007645861333,-0.650299912749771,-0.7929651946002132,-0.8056035695782409,-0.97349774281608,1.069186576652443,-1.833805008412901
700,5900,0.3540616460479621,0.029522594791797314,0.17834420971665038,0.07132532457283958,-0.8228211812726511,-0.27634984764119574,0.09477615943972482,-0.0533773797202953,1.0565912007748994,-0.4075517021967567,-0.3016280590276426,0.3464317051713195,-1.2227019660834813
700,6000,-0.42463854929099426,0.12570832369499962,-1.2938535000869242,1.0978482406736407,-1.223626713756628,-0.5417859150817846,-0.9901715967462018,0.17171510545918803,0.7337737753174751,-1.1152553785353039,-0.6439475995059495,0.41262425646869993,-1.0884055700472675
700,6100,-0.5576976389486873,0.26622253682680336,-0.8569973074190432,0.305859169410634,-0.12452355839970822,1.0341507715766165,-0.7052720455396327,-0.36873615103281804,-1.1286566629742207,-0.6101187974476683,-0.9784097324435345,0.31598507986702445,-0.522205874347126
700,6200,0.051871845563164376,0.006838397668994214,-0.8925433685826862,-0.1756403846749208,-0.6519005189884934,0.07589276422191261,0.0007818113684279437,-0.07879130023383005,-0.5950067769804902,-0.49735744819451994,0.04585353855473482,1.0048756395487097,0.2327311935585331
700,6300,0.3367737412457233,1.220561009134564,-0.9930647680780279,-0.01096356714139021,-0.9598644525365154,-0.5144899521473797,0.748897167791132,1.127994663743539,0.6093456393766832,0.3607770319503671,0.09703454209467802,1.4258383767828835,0.01644829800311182
700,6400,1.1969133865767003,-0.05727526765784514,-0.861715655341353,-0.38420077498924954,-0.7465115948136068,-0.1305001707250446,-0.06625633163744138,1.3228261314999354,-0.24202563136366761,0.6620339293143621,-0.2362705244933007,0.39531166935802375,0.06438834327391595
700,6500,0.5122269425603758,-0.18164194047741003,-0.5276869949083628,0.8904329189811577,-0.49257111577242724,0.2451599662735449,0.16360505561126928,0.27536448933433705,-0.6552654048785312,-0.08474398640227102,0.10684742038435344,0.5161712246428477,-0.24392369935205616
700,6600,0.1699642871173773,-0.53801632066629,-0.8175376780401833,-0.28924479180210466,-0.907947738188321,-0.17180487545815387,0.4411584609550194,0.35636818428293615,-0.8611842642689466,0.2830043965901131,0.3932823261520535,0.7280552302268253,0.2193150609905233
700,6700,-0.4265779729819409,0.5177945097095832,-1.1613128911431114,-0.4494744011390525,-0.6119305779288595,0.927502209069396,-0.17347727094295562,0.5653905220904877,-0.844707952327803,1.1876032831486278,-0.8618768890885323,0.9990603010270426,0.08418561601780554
700,6800,0.5161957872550221,-0.12950509379519473,-0.9382804276546927,0.6459598790475982,-0.7011460940829786,0.08465662577977491,-0.8898491450623885,0.4202027340456395,-1.162948420323387,0.9132279364732735,0.07552410746665585,1.6446895995661723,-0.8297077399933461
700,6900,-0.05863723142653411,-0.4380877516144121,-1.2316005372518113,-0.4109740611767729,-1.5273888496655328,-0.24131258398505495,-0.13067105627071512,0.3178109782097126,-1.0148188216741603,1.5132601666901804,-0.31255731531622905,0.762526739107062,-0.859570946797171
700,7000,1.257993865262912,0.45626986906639855,0.3535311167776364,-0.5481057921354843,-1.0383474909372394,0.8870088019322154,-0.15813468091966212,-0.575655251332411,-0.7002980049707863,1.2487955316817323,0.4013200204815642,1.174741092316914,-0.27838380441010296
700,7100,0.13025063121740071,-0.47272131357998476,-0.05213239491883275,0.40516792501012194,-2.0738208435178946,0.8690016646317792,-0.21973967154975574,-0.09763737770092609,-1.86177308659702,0.6738521785263538,-0.20689628587076475,1.9372168761263304,-0.6615893346292018
700,7200,-0.7787735831142805,-0.44411212650119997,-0.40950047449677796,0.920656262690743,-1.0672693160367277,0.7409358127899918,-1.1759462249589367,0.1536713818651256,-1.525511520176941,0.36682737047726727,-1.1313843331793272,1.751216824238602,-0.8774197529445418
700,7300,-0.6547710561542147,0.8595480711319884,-0.3588860977107869,1.5343213500823218,-1.3049884378757335,-0.6248528948858283,-0.12087859063809091,0.2901137542731372,-0.8602275050167222,-0.37760455166954265,-0.40764600308661536,0.4173304479688515,-0.2593258066252239
700,7400,0.8980705386908535,0.6940570859462983,-0.23883682528383737,1.5449320779676101,-0.6403839710757325,-0.08856063160043957,0.8288096687423887,-0.2120531626744061,0.1483524196592488,-0.28388603474506224,0.6934262158003324,-0.40800469714500404,-0.38409812330942006
700,7500,0.5324110223567955,1.1375408218453191,-0.6221474650607257,0.5433625910430105,0.7284127286387421,0.5662007495246791,0.8425200552986892,-0.8032927802977788,-0.2149864965791613,-0.30854922531978185,1.2153174186445768,0.1275305599506183,-0.27193279824715877
700,7600,0.19544844668248632,0.24978565789914742,-0.6472452138797944,1.0902321213084476,1.159571739342635,-0.37096662235065464,0.12921815933847505,0.291844407332049,-0.8108658105851183,-0.0035849385902367707,0.7603096203103846,-1.4542343644246696,0.6415939897550135
700,7700,-0.2005741899260973,0.3597717696527429,-1.3184118814293178,0.28916720424476405,0.9622485010558434,0.26610066270076355,-0.2655353784481171,0.20906872542239677,1.3091165682286365,0.241210245925162,-0.13934309595118075,-0.9690680402318054,0.3588838460581589
700,7800,0.3597013825248202,0.9600575820708295,-0.011042674063263019,-1.3247079715548367,0.9974031447480896,-0.2772301672953708,0.10386499700049136,0.035091693401251685,0.6917661339794451,0.6986360790228637,0.38584938149326237,-0.7470414384833964,-0.008861037185703179
700,7900,1.127217578001533,1.161133053349642,0.4623677304567715,-1.7070429111680485,0.622900318171389,-0.40129137589287156,0.9695513861806959,-1.1307800749801828,0.8418685516199719,-0.2769721146480933,0.9053491329344913,-1.5364147467643476,0.7079492378317797
700,8000,1.8459820944949674,1.355121777253487,0.45430237295113046,-1.2273224896682589,1.7370066809587466,-0.7675326053549009,1.770259446426439,-1.4007339639369496,1.8291285714691143,-0.8179790456883687,1.6199551880286849,-1.9089502819792863,1.8205211326197173
700,8100,2.218222469672618,1.823126572977883,1.6503385192969844,-0.7983340957888233,1.4542233153158237,-2.0320168415968043,2.2553819658186383,-1.3004164296000325,1.3383136239270712,0.8089981163846075,1.8130077155591073,-1.5052700305222444,2.079950127633022
700,8200,1.7266597306059355,1.374900067720864,1.3997261067839595,-1.489590895665992,1.9713473130592067,-1.421829247075943,1.4921244958839348,-1.6124341977760623,1.599953282598655,0.8788952860440163,1.779703999532935,-1.4439451381040884,2.036192443941325
700,8300,1.9945125291456198,1.6306898258669265,1.477266597037919,-1.4363560015766323,1.1994696418027533,-1.2096488447261557,1.5241137377332405,-1.1396985934898922,1.8793255586831148,0.11709825471233648,1.714813786410946,-1.0351322220573607,1.8495824263100984
700,8400,1.5502995467447171,1.6321529934341688,1.9596894567441148,-1.0328409399042082,2.234608613411802,-1.5282200770876933,1.9793382934119133,-1.1824439516156542,1.3247312405452547,0.32389508573949055,1.7349291587792777,-1.2046677006090762,2.3118431985146897
700,8500,1.7884799406701402,2.077420348350989,1.5201326545070268,-1.391105514242749,2.109682136793492,-1.8245963870719775,1.7803876341667293,-1.9132540290509126,1.182944031553157,0.2573027141775053,1.8454384885243267,-1.3727225589910754,1.879559249567082
700,8600,1.2372277200384239,2.275233695774578,1.5149946358845772,-1.6686502894761093,1.3258209803940197,-1.8541659433473803,2.0708408795882205,-1.3631914781580476,1.6448736570054987,0.7138464699661664,1.9234921887968697,-1.5670394921957689,2.0316525218251003
700,8700,1.4288241132377038,1.5180896324351825,1.7497122459730048,-1.5147392239514763,1.2705760803699384,-1.4062414251406539,2.2334953982314016,-1.196147572816156,1.6222676481705256,1.6827007260092703,1.8993921769949438,-1.5967461481200804,2.169922987346226
700,8800,1.65761857430268,1.8043266965469602,1.003135738963115,-1.3018282469218727,1.7368155099159166,-1.7052356081221691,2.266230888695656,-1.5258903660424132,1.1651322999933256,0.7070264377040464,1.7584810745720987,-1.8481417207798003,1.6430694179487038
700,8900,0.7552380776432446,2.19615354184898,1.8871118051035785,-0.8063378991499551,1.4926264343938187,-1.030456850911943,0.7186214184542136,-1.13958921000781,2.0211993745681176,0.6437676580745552,1.2127263512948625,-1.6712123635693348,1.7127957852098668
700,9000,0.4401688599282795,1.2810633311194966,1.9098201685632323,-1.0633346405988624,-0.41533258141065726,-0.815389007486418,0.7671955604171746,-0.855237836900175,1.263497022044914,1.03790557756704,0.9642733109233358,-1.6783151335031157,1.9005484062770985
700,9100,0.1470509462498777,2.0258407541800736,1.5925854245911482,-1.8883086842958559,0.3571931170185235,-0.1492592532758275,0.9312899458986994,0.4093177603160589,-0.24659227507690826,0.4310615156790653,0.40575217327059354,-0.5104728577384281,0.9412457137829281
700,9200,-0.28339449094145397,0.7153907350168626,1.4984227605980893,-1.6520053797080847,-1.3439275098021666,1.056905255627884,-0.15737679376617442,0.028003211333001626,-0.8686250372271332,0.5555737981291584,-0.43684233524926286,-0.8632320204722181,-0.567333627020917
700,9300,-0.07281114855020146,0.264543154404098,-0.06266349389830657,-0.3030698615334926,-1.0880729357626606,1.8153067394749591,-0.8175771522705124,1.4507327871348956,-0.8805038597312278,-0.21727401797819976,-1.2075845635235931,-0.3240993649495055,-0.5129555473733639
700,9400,-1.245590373842966,-1.0693814931943415,-0.12260289435031373,-1.7172890667190985,-0.13757235656744451,1.179128074075652,-1.2386735827852484,1.4768987965118676,-1.0087866982514067,-1.1971257767777717,-0.9013697912945773,0.20086656325288277,-1.527992971441256
700,9500,-1.3103166118601732,-1.0533049592213226,-0.7014623996265272,-1.2304262716609464,-1.3088209960394328,1.2663553566188932,-0.5680331210549977,0.29819722600573295,-1.5427313881009717,-1.146769812655894,-0.7431128869725573,1.0999963571296736,-0.9230523901417923
700,9600,-1.9923812833410863,-0.7422874245379201,-0.4009088949932213,0.06973899553086302,-1.113726000589398,1.5438922046037318,-1.3631883336510542,1.4040525343891248,-1.1664738371793493,-0.864367361692263,-1.490769235460855,1.314732555515009,-1.2429619260620013
700,9700,-0.8883062733260101,-1.3244445150356399,-0.17871354635353834,0.7727689533997791,-1.2476957508376885,0.8385660635572416,-0.9891345146693935,1.016333943222602,-0.7514340850310448,-1.152319573352835,-1.1649996938373022,1.6839209188752524,-1.1337842480652869
700,9800,-1.0690720012160049,-1.105630168635995,-1.3432225510038367,0.8648017993495857,-1.5268639995657882,0.7296905860827797,-0.6160131123758942,1.3257290866210296,-0.9091526470420032,-1.4375113028608697,-1.550408761241485,1.6096814477313055,-1.4748079498995872
700,9900,-0.6887167551195202,-1.187118445421461,-1.659523132361144,1.3634580278831434,-1.28024418547795,-0.05101036252257908,-0.8964556497621566,1.6217136950269961,-0.5604064002958876,-1.3271150843914128,-1.1569570413383181,1.4832172652207942,-1.2897779758239565
800,0,-0.6232473889911264,-1.533430466935417,-1.0551097238944755,1.5224364146162972,-1.204149872076287,0.2365641840771954,-1.0847148065147114,1.2408899685834118,-0.9238064396894896,-0.8039350532858497,-1.3258972508499618,0.6033833453703601,-1.048599007733124
800,100,-1.6105818990799337,-1.939368038683576,-1.2655467531146058,1.415621090086037,-0.5650613791704601,0.63104951536937,-1.0399942237244701,1.1934970516187617,-1.7583426195835643,-1.3801605321864936,-1.3992025989670165,-0.07610813999814174,-0.10663911381237781
800,200,-1.197836937791557,-0.9050434241602938,-1.1990798899018813,1.0596425280290676,-1.0994620141974303,1.0302574895152874,-1.1940530503036606,0.904364556806675,-1.0252936798932506,-1.1265089650830997,-1.1770102942790788,0.7821644061244322,-0.7806754159643007
800,300,-0.9458630787170142,-0.8335182741085062,-0.41744965963367414,0.0761236482909406,-1.0118388511745808,0.3520562109816312,-0.04801242583480521,0.4891632057242698,-0.9138563204062286,-0.8553056087165416,-0.8605715610725001,-0.9742184487196166,-0.5895548408454526
800,400,-0.48457069493508614,-0.8244296326112168,-0.42287958780369855,1.7340382634464986,-0.6055599932711087,-0.07422758814979366,-0.1730395432291974,-0.20978159735221558,-0.9243875687842651,0.9810728264985633,-0.4831505518223541,0.3942302519457976,0.5819030238150535
800,500,0.33168764001310724,0.6764891521623403,0.0589411551285996,0.8879212652691247,0.3661484233140011,-0.7545898122553448,-0.22135679434388725,-1.1704150213244793,-0.1556155520429494,0.9242288636131054,0.7518477740043635,0.8937727110578254,1.2126963465307303
800,600,0.5637792311598887,0.029102962499733657,0.7833128142862748,1.9794232237568723,0.5444258868140744,-0.6588897517823792,0.280091345819209,-0.5953142157470135,0.04381158382034048,0.47685497196837234,1.0045411398598147,-0.8039898821392182,0.6188732381661392
800,700,0.7110622797643384,0.4332160195317257,1.64156722505858,1.567020086091147,0.4320356029022048,-0.3725532275614798,0.9533931103776332,-0.24446565692384983,0.14111527795979398,1.727313318058383,1.0790369304807559,-0.025862109466907503,0.8210920157528191
800,800,0.9978677780101387,1.1032469740035744,0.9804148082260746,0.3614139584250665,0.5544833967629366,0.12349042589364641,0.8620062802452313,-0.5963949755150711,-0.76755666707322,1.3430105588583108,1.1187773033316764,0.04208883917284325,0.7098563742275424
800,900,1.2686169506122782,1.624930685300836,0.33078425914201504,0.9432512625787628,0.5345139364168833,-0.04022971394383118,1.4744317666964075,-1.3090588092926827,0.9821801595302012,1.3379326534121958,1.5900399108149499,0.04027011208767936,0.33921116085181396
800,1000,1.5891727922812362,1.8165126577584654,1.094286716577474,-0.030644717512147972,1.830213225332966,-1.2231384311348392,0.8757523228474422,-1.2278454935178789,1.9763866123923912,1.1160926251067038,1.288224674596429,-0.7818667476066918,0.6485706411999961
800,1100,1.2471209396289649,1.861278844028263,0.9124869015514279,-0.2160149340936418,1.7623278064762091,-1.2460709396139167,1.416526203800694,-1.133763418938873,1.8071429144214675,0.9845705050878274,1.6624531704216554,-0.6911547066148878,1.6163101070391361
800,1200,1.0437890040033637,0.4334871119237379,1.2123437888146453,-0.5986718851383318,0.5249573508016062,-0.6935596020745876,1.1040454958627057,-1.062776437573163,1.496229430183514,0.6711890346941838,1.2233613278862923,-0.32577983113647946,-0.01201182346934197
800,1300,0.9178153907313633,1.2093699604128239,0.6365279162211004,0.3032795032989977,0.6034385227334914,-1.9706473391948087,1.346195916766538,-0.6471722924959765,1.2947336288404927,0.9137350144046961,1.3008491674710452,-0.5292703233048388,1.4396697111111803
800,1400,0.9696212914795955,0.8831997525518328,0.27809665590530036,0.6764041961038322,-0.08502912490795779,-0.9388154307162465,0.873472084009645,-0.6275413956956132,1.1086426182917526,0.25019039702598905,1.6651389960996674,-0.22725682328444732,-0.5963275329788242
800,1500,0.6057892759239812,0.2630049013832501,0.3988161542639263,-0.8319316234356975,0.5333781014644503,-1.0574476920591291,0.5262749732255071,-0.5665229160013571,0.8899165986033506,-0.11525076025193094,0.6334148517209962,-0.37216498438305584,0.1768290224021821
800,1600,0.6755216806478608,1.1167606573159437,-0.8085465436848492,0.0631365962583132,-0.036942124347442346,-1.5414442345972477,-0.527482346715308,-1.1928665664049418,0.5106265861887109,-0.4204534789710624,-0.18121908952348945,-0.7783342537284894,0.47642442488257253
800,1700,-0.4522453952492601,0.17561253762856288,-0.2809838017431409,-1.504528772212226,0.23124081475311056,-0.03640082692541754,-0.3920497360034612,0.0048768250148801115,-0.18627963351439422,-1.1385459747116542,-0.3547048721512651,-0.712061664076454,-1.50827427726791
800,1800,-0.3252805877979336,-0.4863968730151132,1.1500170724084997,-0.5267763376264255,-0.13242619693467503,0.20680829048211471,-0.2722343442348401,-0.2593230669157103,0.1979755081517265,0.17589515963466046,-0.380534114033686,1.0076589367691071,-0.8956869966444403
800,1900,-0.1931879433583815,-0.7904451282486982,0.05552650669866268,-1.6317110553256609,0.2855075746087456,0.44548244619528676,-0.5600973875153464,-0.5229767416962722,-0.9202996690697618,-0.638654987338636,-0.5031612470478001,0.4905780880105855,-1.3619082109934069
800,2000,-0.5482652737096049,-0.9015609762275315,0.2759184510861267,-0.7285958363232051,-0.15114190450489243,0.4531472319036668,-0.9421677216927412,0.18320805992682243,-0.40495587477791567,-0.8320506145993499,-0.4347026717967455,0.6332493254758929,-1.4842614319790084
800,2100,-0.7590194724844883,-1.1253620275083334,-1.1087525831627016,0.4908469763244669,-0.3020724745886555,1.4022320156756596,-0.3464835879390943,-0.20385031995697067,-0.5092567218488887,-1.3387188685880964,-0.8321250937131236,0.7976762995872042,-1.3153083785839437
800,2200,-0.7483612468753286,-0.5560246573823451,-0.22445696631683357,-0.39594167928501095,0.39929258614539465,0.8729679513818075,-0.6377377294715667,-0.696815175322925,-0.7231553838365699,-0.9739659655383764,-1.1074281154148022,-0.29751656312948926,-0.9540442071450931
800,2300,-0.5685677685385205,-0.5434282668674202,0.17601155614449077,0.32405167539742236,0.0623665352118143,0.2735800585014194,-0.10001206548070113,-0.4360935096999293,0.15934230121564055,-1.0130028289832596,0.45578956655587316,-0.5326548594654303,-0.3579234485863414
800,2400,0.668368460945057,1.0567275662918074,1.0837795130018437,-0.3603094414070569,0.5468728313671424,0.34406979779334007,0.8610208416419437,-0.2600661527605993,0.43513390615410374,-0.5005056016984082,0.5711165850023804,-0.7732386538759277,-0.16255657995005332
800,2500,0.5305867918524152,1.0188466787978812,0.6668619826719989,0.9748305004954693,0.9784842513657784,-0.20976704623737988,0.47893325044403173,-0.6844451685294087,1.5965691571946488,-0.5502606532390003,1.1734496416288431,-0.4389598496212408,-0.23148646143040813
800,2600,1.1426506051042227,1.3374414641708336,0.22965612979294298,0.4036049534931831,0.3351423920297914,-0.6008509508865278,1.5913154995812169,-0.22343678532162317,1.3915793020900862,-0.28923442749771217,0.9684286228360484,-1.032025366742964,-0.21604252279045488
800,2700,0.9763388387510921,0.30573242057593697,-0.2936990681071842,0.6351421170763882,-0.1693900614634064,-0.36517721891879457,0.5883644158341468,-1.162469899166192,1.155051581856261,0.2878367756144477,0.42957969735440316,-1.3877075339209965,0.2096383181754806
800,2800,0.400784739783516,-0.11722376675614211,0.17737220281847696,1.0327954688011702,0.44252076177869315,-0.039345115773714946,0.7161386735326568,-0.9698440731861616,1.5296844594915044,0.007674845246173451,0.7523216047080762,-0.5723710854922507,-1.0102557301505852
800,2900,-0.38074551987973515,-0.005475154869119193,1.203267218305811,1.410009706469095,-0.15235631618145443,-0.6115046321214341,-0.548202910585421,-1.023746390627906,0.9872502295483967,0.512531120012845,-0.14915887004762218,-0.7887044048713986,-0.1550340800018954
800,3000,0.047180073910210625,-0.18692062609244253,0.8903861304951303,1.4761591948046016,-1.0162432745072172,-0.20666179231192122,-0.6503706189129306,0.47747053181727267,-0.2123494264199932,-0.1492293818418993,0.3524939853334051,-0.29575401270905954,-0.039730454515907544
800,3100,0.4639353609385262,0.34721859405449323,0.3975657042074781,-0.5658601204015795,-0.14442141427902627,-1.06704006193633,-0.3277214085718335,-0.7118516829085283,0.6959104227996649,0.7281938528372649,0.8358971615305005,-0.5800149185843304,-0.29469079752971467
800,3200,1.1304561111594402,0.4937591031471657,0.5509375172557455,-1.2782028328304975,-0.8335682651824523,-0.5692328102228063,0.4330772932100806,-1.0426113294379726,0.9836887921946372,0.2758286954632182,1.450166454507783,-0.5834352302283327,0.22229606376470823
800,3300,0.5680510508339816,0.9969228301896268,1.8110515222776313,-0.3657086592889134,0.19969866095950123,-0.5098025126106631,0.18167178130267736,-1.0991683920850357,0.790836429617749,0.5843729630961455,-0.06985751419197525,-1.46959430912603,0.5747465173595525
800,3400,-0.23805815556658783,-0.037971010444712724,1.003760703530403,-1.702455280329472,-0.5505170224634129,-0.4958374758127054,0.5231653103463235,-0.6774506705553552,1.3007074768673017,0.7096146940775492,-0.359174394330493,-0.8785624890332977,-0.27225169427988666
800,3500,-0.23647178307265002,-0.1991725246613172,-0.27278273843756723,-0.6581455813938232,0.30928380446560666,-0.9675416947602323,0.5419897160891656,-0.4127282484957924,0.989851033710214,0.4219881326262195,0.04124778947337429,-0.4061366913953592,0.2708684502442702
800,3600,-0.49809346990100406,-0.7029350313974259,0.37063850964853706,-1.3885056865110015,0.03802787970781711,0.048142733161917806,-0.38377792414306505,-0.05227814156113515,0.7560710324758422,-1.092417052329758,-0.2546925236225706,0.1532691699928026,0.4120517475694734
800,3700,0.14196794006193492,-0.7543335610644926,0.3512194161206026,-0.7965078782712048,-0.1358686709543974,0.12859412964368883,0.13025968998597975,-0.49982182472101355,1.2486399873523975,-0.05356872881953166,-0.12591865183396128,-0.16289763798549892,0.14677051025920268
800,3800,0.5988324582986473,-0.5513358180641658,-0.06708483422920646,-0.8849321489602052,0.15414370612727932,-0.29141763742140653,-0.25861973470300115,-0.5694175399842486,-0.6229780329002961,-0.7099597789247941,0.35010349208928454,1.1928494338042108,0.8425263137253891
800,3900,-0.8025601822023695,0.6343147947446004,0.1261157676943655,-1.1053330886525294,-0.031980454055223734,0.03615248321177728,0.45928223728817014,-0.49649362126129104,-0.011855260672319764,0.19186008171643038,-0.15440434353142393,0.48873056072873683,0.04431674483014299
800,4000,0.8311805240736164,0.12830895098964326,-0.6132731568279856,-1.3175753412806845,0.6024283119443106,0.2626572609443428,0.013148155630046494,-0.5244375447759719,0.48511359207590926,-1.0299492987174448,0.42639407685565034,-0.12955828250138082,-0.3434254673310981
800,4100,0.4119677137660843,0.0448797953973534,-1.4881720770757674,-1.3916981661488466,0.5861145393917597,0.8771635237319908,-0.05509307067324427,0.15576980040379718,-0.8111844019069828,-0.6282510881665786,0.6934221075826561,-0.981645224642085,0.5406975487430196
800,4200,-0.08716728048027633,0.5994542739352157,-0.55410862826524,-1.434873093990569,0.09736522070331222,1.2395737066684527,-0.5744038705144472,0.2510121298076534,0.8041365441803763,-0.035677933997100814,-0.274451617064383,-0.2758998462447428,0.16518415365534
800,4300,-0.5650685036823959,-0.002806212448251369,0.2140907328721535,-0.5730289465192091,-0.4097808653805166,0.8985688358276969,-0.49683402438702234,-0.017442073796623922,-0.3228487661978269,0.8792017774861677,-0.9412669918033124,-0.014786572718527529,-0.4374203488769792
800,4400,-0.16314273201088497,0.5996396793286113,-0.5012469557209566,-0.7628002525948564,0.3571148270857582,1.1773482822873718,-0.21172875971797941,-0.38299321886830523,-0.19713761546243105,1.2469888704917536,-1.1077241026284421,0.9402102760964098,-0.5416748316949855
800,4500,-0.15639554759074975,-0.2617525548298325,0.3416443732447349,0.19457753899386088,1.3574116222368364,0.5167033980159333,-0.07206038613033337,-1.351256636755484,-0.29117912697142334,1.1776799961090514,-0.12198897790162154,1.6844465292995707,0.5147571587865309
800,4600,1.2245445344441717,-0.24166872541925286,0.5981992740821207,-0.33299799556448584,1.0763079868524288,-0.27230729645747775,1.026971145755228,-1.0659200009956717,-1.0293380522583295,1.1619825002749498,0.5133175484520066,-0.05275532825389328,-0.12059327052484892
800,4700,0.7117309120475155,0.22191632257478797,-0.20606847049657176,-0.1088857024654752,0.6312244980763997,0.11894873485780076,0.6877363346600806,-1.102400894864204,-1.1594062111210526,1.8290430726586144,0.09225918860834295,0.3804061811900314,-0.5388036139972103
800,4800,0.4998216378335311,-0.6633375486019109,-0.1764950997029711,0.12909206403782328,1.3079604624068835,-0.05056091472544284,-0.11331709371912514,-0.9720004917785185,-0.28713196237302374,1.027394282298415,-0.4991982000270819,0.580062056415681,-0.3513374468101769
800,4900,0.5867214219950058,-0.7402116347165926,-0.5942772297692976,0.7732029438574829,-0.05357421276743695,0.26620404835683453,0.5426521056236191,-0.7017084338711538,-0.5057038277548672,1.3870731136977275,0.042482138087644,-0.773702884753092,-0.28366025793183697
800,5000,0.5665799894587866,-0.6035262669827924,-0.6073516299018521,0.7071875951004186,0.3254934530563399,0.5923132751962391,0.2735312838993133,0.1525926461761001,-1.1636336080147702,0.06477477329731075,0.010454023269293603,0.5499908930359341,-0.974226701839594
800,5100,0.15344049649781313,-0.5028773869804077,-0.5463522138413339,1.2331021267164604,-0.005652065109856066,-0.3438737269841289,-0.47804738333785923,-0.4906549711130212,-0.3400783449714336,0.44032959834705954,-0.6970533800658922,0.7344955789127129,-0.5562012762166828
800,5200,-0.8216333100129372,-1.3038839466689884,-0.99942497498737,0.6477733544852957,-0.8454542600225262,-0.6462474524443058,-0.3916254322571268,1.089922843087626,-1.1522374645982607,-0.27170960860364124,-0.6637921779296464,0.05484560012114421,-0.6843182564550756
800,5300,-0.5164614385567636,-1.954145711297713,-0.2186583366171594,0.47577169043528483,-0.5484543923318151,-0.20699423491535648,-0.8374686073650347,1.5964934698520912,-1.1687255430022698,-0.16801150824970454,-0.9812172877822264,0.6693882116375285,-0.6641530351538594
800,5400,-0.4015600355511108,-1.418468658739984,-1.129397228440141,-0.15347287715720823,-0.5253845296774212,-0.33116156942013014,-0.6282002419437716,0.21404813321879865,-0.9429436525935478,-0.5763159718402959,-0.6883878588998369,1.229615073623584,-1.0722921377190668
800,5500,-1.914329228579718,-0.7170936632742457,-0.12295245274815715,0.13707165084918835,-0.5568901423070778,0.4089320723803867,-0.9041271001226424,-0.32810047410802207,-1.376380738843958,0.08433577290647797,-1.1140800842469205,1.0281441764383354,-1.0513131861995142
800,5600,-0.016515039331900995,-1.4131201162158733,-0.07375137006240967,0.49139591477588995,-0.11828491148986603,0.12159566161487725,-0.8589555734715458,0.4043862831185334,-0.5327675478742913,0.21299003261849228,-0.9768515964571125,0.3399398308563833,-0.8226055915850001
800,5700,-1.1951239281480455,-0.9712666482302033,-1.3150321399099514,1.0540162384550364,-0.82681317866083,0.5135953103238853,-0.9879117488084777,0.567029253713618,-1.6290092503898277,-0.6478834712277709,-0.5169941000562968,1.4808754336684424,-1.0378142684364426
800,5800,-0.048579574684245515,-0.08565485310210624,0.27348968140806557,0.2534420897333149,0.215134864221876,-0.30707881938280807,-0.37488324478456975,0.21079650380236406,-1.0475456245284478,-0.16451819022203515,-0.9022480323066662,1.5406359737298638,-1.4069777874094374
800,5900,-0.030241531081799243,-0.7180558085446545,-0.10193061090190134,-0.18266483789323437,-1.0179340551436438,-0.6939408400890984,-0.4107776200261998,-0.0890668878962253,0.03944072428882854,-0.6206661609814076,-0.16264259878215187,1.387652721665663,-1.1800444569548871
800,6000,-0.5576166228292079,0.5045239345774061,-1.2881598646544412,0.8836600072808846,-0.7923156841569249,-0.3902102432064296,-1.5349160093528824,-0.4581831759272664,0.1165519718730898,-0.6932370413747612,-0.4616165474406867,0.8960999467980169,-0.17367228769287787
800,6100,-0.29107437238073197,-0.590815654412736,-1.4597455609160752,0.5038894850087321,-0.7746278991506088,1.053154708989304,-0.839093370934337,-0.10194919172963972,-0.4851083661915965,-0.7050486344662532,-1.0300142380113166,-0.10011719011638318,0.01603343385680063
800,6200,-0.02836847378842487,0.4231402216597735,-1.4033004311097583,-0.0871740210391778,-1.1738422265533943,-0.49408642650798656,-0.6020251412910721,0.6715658440130952,-0.5695830932520579,-0.4355034070804999,-0.909847136972703,1.0846704723119571,-0.32227834400682037
800,6300,-0.34471711402013605,0.10339191920150904,-1.2178410334565295,-0.824397410787227,-0.9088805319550743,-0.5731755611097352,-0.7548012020088763,0.23985525185490073,-0.4099711383862951,-1.0708455416509832,-0.566334309956101,1.073562334613835,0.25736516268940157
800,6400,0.28154117545798757,-0.8238925417872793,-1.2927891937126008,-0.34557521047748385,-1.166259741361185,-0.3552129079423986,-0.398081278372251,0.5640663492496123,-0.9372791645572663,1.193733852764535,-0.2705388095938726,0.9034812384192751,0.37065150943606984
800,6500,-0.19463019133431303,-0.05231952795595825,-0.6409089557720572,0.41941856626829627,-1.2734410816077268,0.31753289969134807,0.2766783872934431,1.0944038900856148,-0.35056854184411285,0.6210313423334031,-0.23211320824022796,0.926800702667043,-0.9542869464616056
800,6600,0.4173549179356949,0.16754588206398416,0.05082416348044482,-0.19419655037609346,-0.6350564885130098,0.6892918814770822,-0.07403954751895574,-0.08048877990761652,0.37803596659993594,0.6254033813765688,0.8883148963479928,0.48936737808567815,0.05507415606313075
800,6700,0.10147042450196012,0.6247132438330777,-0.7552911179452841,-0.7291160510956325,-1.096849498622175,1.047291337214395,-0.1616693677860851,0.0973047609104111,-1.246900715722433,-0.06243504213534683,-0.25246792408870145,0.21023082122886297,-0.16235447370902717
800,6800,-0.2922608207085065,0.6065730501207209,-0.8969109176469894,-0.2408047473731606,-1.0462694530722931,0.6600429718740326,-0.6280638979838062,0.22128993027258595,-0.18449782865964803,1.4880643535257594,0.12552694617793014,1.099899785068268,-0.8049688820943998
800,6900,-0.9089163928151993,-0.17247108571134853,-0.8844225161140445,-1.22951648218197,-1.3293237808770835,0.4895523611794135,-0.7616951116465194,0.12681712338748383,-1.5118397498907161,1.4831381697512727,0.23007373497213637,1.2343233578932509,-0.8070807196543379
800,7000,1.1336289061901195,-0.36255934398630885,-0.06394090484015426,-0.9879600297051291,-0.8152086640600736,0.022837828954949017,-0.11691592589692174,-0.029142635461724287,-0.9689897975424048,1.9012254842929968,1.148254108199541,1.035044830211024,-0.2675529636049185
800,7100,0.46693945878481247,-0.3969303975498383,1.3513683779542274,-0.7110605986456661,-1.1034634077174486,0.9198782353458641,-0.09588978157306849,-0.47502321991128116,-1.6397519032398813,0.3667862568955054,-0.33454102705202443,0.9830424475925552,-1.0263779033140463
800,7200,0.025857511942336812,-0.3248099839882266,-0.3305158732847204,1.321354298230009,-1.4211225476971021,1.1439580261689095,-0.6867280158936562,-0.24463593828606764,-1.2569880466552925,-0.4186327981208137,-0.29056187713141546,1.3949066664525935,-0.6476287693037782
800,7300,-0.44787896744535444,1.038570597950603,0.2186222160036931,1.3819031627132417,-0.9938030367028965,0.1436102805465476,-0.5375761673554492,-0.252374062207164,-1.472278075173505,0.14362447213824173,0.20656337324799537,0.5042454212649439,-0.41780038461797386
800,7400,0.9353593141131052,0.5189404975481875,-0.012090492668132795,1.6180942193656496,0.3641885837607739,-0.2868547081424056,1.0984766370789159,-0.732723249868353,-0.5624936001134293,-0.04039366366281723,1.1852245173277198,0.2543715132127689,-0.1479407531802523
800,7500,0.6963467572466141,1.2515343620552288,-0.6823102548205956,1.2726247009635385,1.356748340390563,-0.7852811955471019,1.6131779131194954,-0.8953670207684877,-0.24280690114481798,-0.1458256571828403,1.3129868588586757,-0.6016583380451992,-0.02676825239844198
800,7600,0.6955002344826392,0.0004422507077721722,-1.2930381658436652,0.826323188603495,0.6534858063266782,-0.8750903813743703,0.5286065560584894,-0.8942386304580586,-0.22376005854319578,-0.33420528935947097,0.35888820804228655,-0.6681474793501734,0.17872098484104032
800,7700,0.7743116600742228,-0.18571021961242615,-1.1032978198511698,0.3871497312088086,1.0290491392432857,-0.11034856771626272,-0.19917495977049884,0.6784919653955434,0.25675823816660526,0.30943693844095815,0.5379400820398866,-1.352213592683253,0.8211944892468903
800,7800,-0.031367912930176066,0.5484651773187769,0.5639449621031257,-1.1044459191571174,1.0579089180466001,-0.5047756339088217,0.4819173409017901,-0.7875598765797137,0.9670371481982666,1.1596101623530553,0.18618889714111203,-0.23852592054136787,0.17489356189155847
800,7900,1.0510704371479986,1.7499011378358909,0.409045366209175,-0.7734549994001196,0.772829318940451,-0.7310840516380129,0.8471221082055014,-1.1524917490602522,1.2278460185365014,0.396795118753291,1.2239407221148648,-1.4248023171859148,0.5738086839329163
800,8000,1.9578217780787608,1.324029361753106,0.7365557258679313,-1.197485710209766,1.5253732500741135,-0.727695819825382,1.4789964658792425,-1.8184961882849813,2.1225938174556807,0.01707499217318433,1.7229020023975439,-1.5247163796448013,0.7129733738203767
800,8100,1.8402098857679539,1.831570995780759,1.5159480558172116,-1.342246738460621,1.9348077123399188,-1.0219385432506662,1.8538132570119539,-1.9425545604071242,1.2548415702661877,1.1063733567526624,2.3814319726644415,-1.1904925740454544,1.3990399721003528
800,8200,1.5966015439456323,1.6242192507794528,2.0125215004743295,-1.5268407803603676,1.379301998537033,-0.7985103826238295,1.438128755331104,-1.5122533738570014,2.321010446593255,1.202224030308144,1.3556336212735856,-1.677080013841035,1.4433365893304064
800,8300,1.9899898088858934,1.2445454308165522,1.2757047408719657,-1.894102285872012,2.0473222013852,-0.7592467173301451,1.1153707270319757,-1.5724252210831233,1.579041211635233,0.6858070732288442,1.6622507918876865,-1.7041495789284427,1.7407189695521614
800,8400,2.092489124864512,1.7209615133463445,1.717161530011875,-1.475822913891882,2.1377503084027913,-0.8149547014099645,1.2912713763621875,-1.3138753430994268,1.820311721327802,0.9069156716750866,1.286843732428387,-1.394740525245666,1.6888359859790627
800,8500,1.9675487410824044,1.5432069409379376,1.6329111617727374,-1.8702062430659494,1.9717686426821237,-1.5663468211649623,2.767318299100222,-1.508261726778637,2.0003468946684584,-0.12545009631474205,2.185231356247655,-1.5255585892124917,1.412132230681446
800,8600,1.7625808103360323,2.0569252116460475,1.9096807080708953,-1.6269118009370342,1.526460812228997,-1.1411689839337456,1.7741226072591505,-1.399187646910075,2.045088858214189,0.9002267243708185,1.3170938727041221,-1.5171679495567274,1.8504679248569718
800,8700,1.423294501874765,2.110369218031888,1.596802785605123,-1.366959148722171,1.782529000247632,-1.3916127047788946,2.1368067081671476,-1.7089792055855144,1.7789799581243935,1.106156912234496,1.9737646777691293,-2.0698659497327117,1.5958205208900689
800,8800,1.442824218580189,1.548946054451354,1.412401780077026,-0.719361703617199,2.5850890195532115,-1.4117475867119373,1.9055291839773243,-1.0481222458618258,1.0365505678704794,1.0505157068224031,1.1598784609268449,-1.474150479736966,1.0299329835473434
800,8900,1.5925707297793652,1.7954469029161924,1.9571223089228322,-1.7037526136231478,1.2998451983363182,-1.4327335317034529,1.1784533314562273,-1.620169619020592,1.4779330305815421,1.0524859193273526,1.3714031626891405,-1.3739487148292016,1.7015169290926802
800,9000,0.720922956765487,1.3572694485696628,1.0655705029813578,-1.168587529886284,0.7951727078097227,-0.8364124600133123,1.5466341746692958,-1.2841190794808548,1.1559092452672846,1.4488272425767512,0.8718007680073269,-1.2998388016579177,1.7172824252028267
800,9100,1.168997679770763,1.4295294632633673,1.073283293355228,-1.3748574885689888,0.5229392194820867,0.27472827467994865,1.1138963328718297,-0.11052921305851408,-0.2711623790647517,0.6025287521391127,0.6717832755509592,-0.7500897179632083,2.229744320755836
800,9200,-0.15167191258098928,1.0139171377144733,0.4811536756834381,-1.3763182988318283,-0.25561750916451276,0.2838194579219704,0.24073645245558092,0.1570884940006057,-1.068334864046054,0.3728919720715228,0.10500128633660023,-0.2567513226168509,0.11049161018878512
800,9300,-0.9544726525453996,0.7455051671430397,0.45175380396932757,-1.4596435627324902,-0.4948801958225283,0.914170722847424,-0.4270297531837637,0.6886798012261726,-0.4678375952491517,-0.33198501523487445,-1.2596125019969238,-0.05864285632465178,-0.12614916849443514
800,9400,-1.2714409800173494,-0.6631174556548602,0.29494611314204333,-1.9718882770450854,0.03068575920832395,1.5974932819355379,-1.340698087266215,1.153842934656696,-0.769254366412398,-0.3667397032723655,-0.9251275262972072,0.46704045294879054,-1.0166134996362612
800,9500,-0.6913610284974665,-0.8326680557044133,0.09096143075482144,-0.9201620890620019,-0.964426792563991,1.5422827139493158,-0.6576353900626011,1.2358426416408395,-1.336109565307224,-0.9411308954552694,-0.9364842115312658,0.8312046796491354,-0.652547233135056
800,9600,-1.3169537695706244,-0.9243433365462331,-0.1344447353097148,0.6072893186383034,-1.7514150005127174,1.4519620659015635,-1.1784703211858665,1.492881232774548,-0.7910236651498564,-1.4548411807659385,-1.3621270920480417,1.2320256361841266,0.3363196030162125
800,9700,-1.0161473562667178,-1.2694612909720258,-1.352862468584908,0.29973762254855174,-1.2144903342493343,0.816698455466846,-0.7924629069765037,1.0914445370461237,-1.2379736341375518,-0.6231925011961006,-1.2885428708045117,1.353245432854312,-0.9490125214338928
800,9800,-1.8215143397583367,-1.2964897772239157,-1.010547692855759,0.34810417989553455,-1.1076792805550773,0.37151739067046263,-1.214066170165795,1.7131394495503702,-1.1695081511352576,-1.0469781209306992,-1.4824803053025308,1.238232359601484,-1.0622456631622321
800,9900,-0.6091929824817435,-1.1466923269222955,-0.6501931804160265,1.3035811493037324,-1.1412493781491897,-0.006495496903418323,-0.41924025772484785,1.803815272491054,-1.999976824284548,-1.8378169592144498,-0.18686970500626005,2.0660474393789903,-0.570702128229111
900,0,-1.366348760783695,-1.150811207684509,-1.2360046719284825,1.4493813718592996,-1.8466265404458382,1.1337875769882944,-0.7062050421230047,0.952362197819791,-0.9687275124884049,-0.8705290200920093,-0.9605762128018225,0.9196914989220426,-1.4200776199129337
900,100,-1.221747456692345,-1.6858267317792077,-1.115930812338178,1.5329700585939239,-0.6718096690759126,0.9568538762849476,-1.4199607081784187,2.1781203583321,-1.2479611965328545,-1.8437289996843254,-1.2302879563752194,0.6579103765005316,-0.3108480937760748
900,200,-0.6813124416858591,-1.369584379725039,-1.3739013264437403,0.9183376325780181,-1.347956951734835,0.25442348631157896,-0.5245191124878049,0.8078734329073114,-1.4737929346824088,-1.2686969462495408,-1.0524016225984132,0.6719257598318676,-0.4824347790569573
900,300,-1.1572238151997931,-1.0997687084927674,-0.6597954491090742,0.9447694729101527,-1.4437127255870745,0.4616614964566236,-0.970554457305385,1.2037883042732522,-0.7759024803012766,-0.7581292637868308,-1.394142781509232,0.47896459527001867,-0.41918926199890627
900,400,0.07169380067559833,-0.1317492149006577,-0.41015103510562767,1.0645818613969644,-1.201394820208074,0.1352253102353053,-0.6725554840942807,-0.29082763162201036,-0.4013446708242953,0.10317991694488376,-0.3281591852240057,-0.22892853530789514,-0.7744485821892331
900,500,0.23514875274421446,0.016473087277791475,-0.5004997721284102,1.5561984758372986,-0.3316313196025878,-0.2242316083107474,0.15875701137696577,-0.7488483573889572,-0.9241578439785617,0.10196702348275352,0.6601149464109951,0.622957639707354,0.17892987084761583
900,600,-0.14221313228577434,0.7333577441375451,0.7801216201949576,1.4315565199305462,-0.07531841011847866,0.10949660769392391,0.36030029185099327,-0.6139850903222639,-0.21812163593006192,1.2058712148443929,0.8344040824874813,-0.5156075507037072,0.529048714607011
900,700,0.6871624640835886,1.062627514488703,1.4027942596719876,1.0726735834730943,-0.010900965987177122,-0.3319079867706206,1.280810224978308,-1.2338023463607573,0.14070971300402263,1.4400855495945177,1.7592534073565382,-0.8272224959041135,1.0168333723788028
900,800,1.095169628674743,0.8505258885883566,1.7105475121684626,1.3599463299753571,0.7821389294649698,-0.22962104769126732,1.0612904583994787,-1.1429634395401478,0.12694347991633229,1.4378193676745976,1.3552437948368796,-0.09500509752001132,-0.40502744064415935
900,900,1.098334799897334,1.8331804902380318,0.8874390186771621,0.14864901762458138,0.9303301514827996,-0.750868057365075,1.1187140929346169,-1.2179351532437714,1.2274647378253527,1.5636660653923034,1.6509973230983528,-0.052807245974501864,0.9413920570484071
900,1000,1.2086876988032782,1.2032568746945085,0.9823364407028429,-0.009894776176442735,0.9489832590382891,-0.7120077718826837,1.647138014441783,-1.3307272233499812,1.191308302072555,1.1163675601122396,1.81783019654266,-0.1939042687969572,1.070499764891724
900,1100,0.737532259433699,1.4880952494749184,1.018439154884958,-0.6283579821029989,1.6970319223272825,-1.0347553964330685,1.4854254805097977,-1.823818756801748,1.3977204301064001,0.839909417529952,1.2092048256196497,-0.25882035131896364,0.31140556127946134
900,1200,1.4609027999622233,0.6652161494010375,1.0536222832706954,0.06896427140400133,0.5649780136916843,-1.162762127686156,1.8255256545484893,-1.1493451063857543,1.0387092319858127,1.1338655817297707,1.39700889686272,-0.34554574670548044,0.8139537555525131
900,1300,1.3497929904003954,1.284363183379105,0.9149633270328097,0.4024559760046337,1.2796153943025856,-1.7165837362793135,0.8383539805621102,-0.08582731266794817,1.4560161681179677,1.458049566479948,1.0603489301574085,-1.1091346386415428,0.759780190819737
900,1400,1.126362246883628,1.2235358465352861,0.8835465255100864,0.8498363323166369,0.3235474369526143,-1.2800334795406585,0.785701072659948,-0.5380178578355674,1.0754357183344523,0.2412043323070175,0.9990794247524812,-0.36559422385715856,0.17983570209434305
900,1500,1.0555526851364132,-0.4781484939989236,-0.2522231413948005,0.12987482541909992,-0.5818880658661595,-1.3905829416639512,1.225306938646818,-0.8061394713489867,0.5428219422246852,0.6464283976085496,0.6488493686633281,-0.3879653008070513,-0.889542135885972
900,1600,-0.15580121433540164,-0.30524771879962825,-0.5599767903131425,-0.2886028041114224,0.4922850271778196,-0.8126346092450599,0.7473903021563143,-0.3695404662846808,0.8040938611029183,-0.17367794078094767,0.054052760950630066,-1.0066508867406543,-1.2965174016221153
900,1700,-0.4423550300750394,-0.19480005706721162,-0.24323439176379977,-1.1840852843444287,-0.3245651859336368,0.46732563095746066,-0.750396266843676,-0.5383882723112147,-0.2734969381676242,-0.36537746326072706,-0.3074785118660739,-0.3591271386945461,-1.2143654314698424
900,1800,-0.34193022216328794,-0.45725493871664596,1.1213380384870233,-0.4236886054525293,-0.11523816080192287,-0.07846420770346892,0.10828789923885555,-0.5705434382730586,-0.32752878324380774,0.10852979330661561,-0.5066341954053857,-0.30196623047591936,-1.0443706970433708
900,1900,-1.2353917908554968,-1.0710056181017913,-0.031719582573530115,-0.5471039502636795,-0.323288949089316,-0.03891585317960265,-0.24066386541158433,-0.26011431978022226,-0.8004935528471958,0.022963039506412094,-0.7869502945402496,0.3143680846629877,-1.269762908903677
900,2000,0.09798679156069662,-1.333254319296215,0.27304160517236326,-1.0257041543053338,-0.4113545001447164,0.5258100864104883,-0.4287570371274739,0.0082682142343603,-0.5522441941960174,-1.5578439786351246,-1.3614159653086682,0.5441381456260594,-1.1011582632224426
900,2100,-0.6097660672180817,-0.6134246760957,-1.333716036121898,0.39495686519472895,0.7263017569905178,0.9016424680589397,-1.2055717235551393,0.38734998994425207,-0.4886749138972824,-1.0842393266344845,-0.15771050185184848,0.13572552179054387,-0.6411747897659792
900,2200,-0.9581862877664716,-0.4020807441880672,-0.4986876170340867,-0.5561768539361871,-0.1038241243992613,1.2799216122417136,-0.6626989640967146,-1.1723041483243875,-0.03122381022257877,-1.044673025318224,-1.2508161426069646,0.179424310164392,-1.0455018303952917
900,2300,0.8848599597929001,-0.17377142958946243,-0.6169554595488542,0.40707981808353194,-0.6092397254947741,1.0425031191268759,0.5007903384371364,-1.258788583797101,-0.42947598308017726,-0.6989798085566672,0.12701107496245154,-0.2679041433449022,-0.8224916836012446
900,2400,0.5870387765585121,1.1841451327220376,0.25643940883454164,0.26189700586754433,0.8310532657477256,-0.3167402729076619,0.19441808198042992,-0.7341692101783637,0.8511855531580083,-0.6320969615074806,0.6283617860335801,-0.6734118335791229,0.19637665302618462
900,2500,1.2116229592688894,0.7799092152555174,0.2727837182739893,0.8458515287813843,0.9691528435992581,-0.3133965944142078,0.2765483091370575,-1.443683851455111,1.4379202593508988,-0.9409760236973344,0.9759274055944968,-0.9119904564681826,-0.546780853647615
900,2600,1.0243015521464909,0.8280410393571342,-0.775043115585891,0.7752892694908733,0.8387455001145379,-0.5571356709793932,1.497721476601576,-0.9172660237867422,1.0044901568022588,-0.6153670633063729,0.9864696541944421,-1.2127586983599419,-0.34199442047166
900,2700,1.198577438244415,1.2767166510126702,-0.38031499120170875,-0.1984959198070412,-1.0364637330507387,-0.37266356901428266,1.5583109536434687,-1.0942938637106692,0.8419204297053469,-0.6913698301833021,1.311677229422043,-1.4721283129872615,0.1913140933933344
900,2800,0.6214752395504844,-0.721624195565776,0.2530965530961801,0.8261820266739844,0.0750732980729812,-0.387814698783071,0.4175104763979089,-1.0812525899823586,1.7870014122416766,-0.3173517460590936,0.8063885383252262,-0.8233248125010753,-0.26887568763873576
900,2900,-0.19591159127485958,-0.4080703514971535,1.455340872512177,0.7893066173467363,-0.230309905648964,-0.3914206566501975,0.212449782395275,-0.9673027641289508,1.4176835668223768,0.3871069757985958,-0.20704778428646162,-0.6604361528700313,-0.6686211053299576
900,3000,-0.4194734309871051,-0.40895729383973206,0.6723978340947511,1.2253948916485746,-0.6288627025014952,-0.4858098496509486,0.014219032852300343,0.28785705704599107,0.7770582992737285,0.9552211881625634,0.4491072680487324,-0.4895294888811581,-0.42916087349840754
900,3100,0.045803734085312416,-0.4557990437412104,0.14711896174742506,-0.46410113007288195,-0.6143689117502128,-1.0360096144646682,0.21863741090431077,-0.9114618368622793,0.07632123024309226,1.2002684859315331,0.302354530042482,-0.9769138395467629,0.09547670488663215
900,3200,0.6624647705328581,0.4741267486965317,1.4486862989142284,-1.2465827574885315,-0.22375051366075993,-0.9706586804372869,0.9801001766882822,-1.373740644271486,0.6825439155071923,0.19526645649553814,0.7455651266986011,-0.21038011457632255,0.7503493957701274
900,3300,-0.09224962181715762,0.48814656462037975,1.598815313054883,-0.9028089355124063,0.703233854850989,-1.0858528608782936,0.9147797139160756,-0.5004419369684032,1.5421616021241764,0.3189561195642531,0.5779014021633617,-1.7647976948520803,0.06793608468530278
900,3400,0.5072503676318083,-0.5712756729632767,0.6788389045970656,-0.953202503159021,0.026789972301867283,-1.3426261042577798,1.206832117763646,-0.2008849343173263,0.9674162269830127,0.6549609316745019,-0.36228478388871826,-0.6054416938031145,0.22634194793311035
900,3500,0.5956141627338812,-0.30672431920748305,-0.4721570083228736,-0.5041665081524174,0.6271338009207386,-1.0257587653679365,0.9075948254722349,0.1008068296947661,0.8164798268163004,0.7319358249782262,0.6250790350860986,-1.1627692626957997,0.38795675356658305
900,3600,0.03300603844114072,-0.6390103872597865,-0.14083826006064612,-1.5740104502970629,0.33511530442803616,-0.3315020332667769,-0.022598718280653806,-0.20663315744844823,0.5853507836816871,-0.8405013897464128,-0.33788397932306097,0.3145429758740567,0.7888097666119749
900,3700,0.3738291712641644,0.01863688218564933,0.32761264632526815,-1.2095323549205332,0.4300872001194795,-0.3815885309300649,0.23495226399339567,-0.1561315081384279,0.9431519696556903,-0.56740563780617,0.7825481472136446,-0.542286844171125,0.579010890970654
900,3800,0.2996441023152223,-0.27644974776504666,-0.1136005406611566,-0.54977007100166,-0.40843724621335015,-0.5818487755616103,0.5578741405410402,-1.2640260333310849,0.46259666741682515,-0.6244460940926377,-0.37198700660946077,0.5637820107398045,1.6976050556833293
900,3900,0.3991593806112512,0.8405603642620552,0.5988707463909245,-1.1730853856640002,-0.18219785690516607,-0.49265473270493837,0.7925862430609621,-0.8544385807585902,-0.7716568760082819,-0.42513223309412396,0.7954856281016822,-0.008125115569960003,-0.03747330761229106
900,4000,0.5033988094278982,-0.3084758802924987,0.007775109851731085,-1.4441000650940674,-0.25902086354261566,-0.7310081267723358,0.7176121818010655,-1.0836254339847835,0.5243316199323415,-0.21481972598578902,0.868474314237641,-0.3152237287552077,0.17778147713005996
900,4100,0.21924874130649688,0.6275135583452466,-0.597901078098522,-1.8832344052339545,0.5375542358788078,0.0369307163530937,0.5072457120501735,-0.46132132401102,-0.2549908079175505,-0.5088504691502442,0.11444725009280035,-0.3066391047920526,0.2340944840384284
900,4200,-0.16799905058930542,0.1984953113202096,-0.7379575612187818,-0.9463124680329641,0.22149263801912333,1.0741085317020833,-0.1546695635076186,-0.03959191641980516,1.2304917689800898,-0.22224138660147494,-0.09697588916488953,-0.15062673398489654,-0.6764233141909678
900,4300,-0.5873490704583293,0.4175578120012475,0.058829973125163026,-1.0881383913330092,-0.44419784878467444,0.46123392067693686,-0.4885242199032881,-0.27006517598474816,0.11705397309246522,1.491390731922453,-0.5132739386047326,-0.43251285535854683,-0.3278484525282895
900,4400,-0.2823629255766009,0.6416403194278721,-0.6242718251713489,-0.4664231276431055,1.0126009859644018,1.1192854058838944,-0.11112787662791507,-0.5579922895981057,-0.43717335760817416,1.1382546841561751,0.566363499684326,0.2966568870313344,-0.6880363218115254
900,4500,-0.3652517352652469,-0.2422395135688206,-0.26478728175014093,-0.17611103040782022,1.3257965992922691,-0.20777820474340805,-0.047919041655875495,-0.6889893217140763,-0.3112785461628001,0.34970893887382803,-0.6954656195718957,0.43787189170141855,-0.48074382685478356
900,4600,1.0653733477508298,0.11768595930858629,0.32589700054153264,0.30786907019196424,1.1641071137970131,-0.28626132460888143,1.1077510912374742,-1.1385298391607952,0.017841342198043675,1.1805508631416628,0.4524169437049673,0.29409266517005805,-0.5969937842778514
900,4700,0.7812121012923936,-0.2068924908493392,0.4563303127203594,-0.9905077447113331,1.0717288726764642,-0.25579868285518464,0.1955220525809998,-1.5188210986271544,-0.3820629607989974,0.6284558025213467,0.06112170717824633,0.5337350396553396,0.11456317099831555
900,4800,0.17205729581102036,0.13320179453394546,-0.24326773492348888,-0.17506208149784797,1.0955793022104727,-0.4126097196873525,0.5041834080013522,-0.5617229488456903,-0.637466173809569,1.4793809015631365,-0.07687924199209271,0.5593802368036928,0.3583462761263486
900,4900,0.9170722842735634,-0.19345343145676228,-0.5918738705269055,1.618085591890128,-0.22937876036918403,-0.4217509594286644,0.0689590562304062,-0.577254210965236,-0.7947322973878448,0.9960994434255388,0.604126070102179,-0.18000483180080698,-0.3926545019297802
900,5000,0.11455555223796333,-0.7765970985556182,-0.5883119481795425,1.2317976109269493,0.1277382809603878,1.161584498831771,0.3187736049412264,-1.2265942575593933,-0.8947533624267568,1.4728339028235318,-0.1139304174438936,1.1000133388860123,-0.08219923434918135
900,5100,0.3214148510372375,-1.0402564176372444,-0.17626742725505612,1.0740927984951736,0.5822634760632341,-0.38798133729869644,0.3265896423907671,-0.750412590351758,-1.2997409510370905,0.4705880441926242,0.25274114160588923,0.2531462873390697,0.32202911573016996
900,5200,-0.03810791190595493,-1.087461707065245,-0.4397595327284277,0.6542236179936494,-0.22953699017430385,0.3301417278071978,-0.9301445550765209,0.950310327875047,-0.5603285704774995,-0.01623630303423393,-0.5012088316594722,1.1823443579629414,-0.12363810937773977
900,5300,-0.8018150070918225,-0.9275319838586112,-0.5591820666811715,0.044916041864830406,-0.9757735456658818,-0.25774679041526116,-0.9066921211729463,0.8280012619539345,-1.2128472494248814,-0.6106458832737801,-0.8957074227743135,0.8607372768036615,-0.22520911170405494
900,5400,-1.1489570234441644,-0.5446308948830346,-1.365987949442778,-0.31403641160819207,-0.6682297414385852,-0.09925740225751771,-1.1750292667453384,-1.0398928159627463,-1.3258477469398318,-0.14747017561904316,-0.9076578085325429,0.8415178648078075,-0.8047289666023854
900,5500,-1.0032225132163348,-1.0368712880137951,-1.185135183256405,-0.2731026685516786,-0.6318370476321735,0.310701270896882,-1.1035338446710514,-0.1243233515477304,-0.5737814139517206,0.98636777323147,-0.8977749622000313,0.7427105560874815,-0.4918277598445746
900,5600,-0.5119135432439305,-0.7314261491815647,-0.5581682570629709,0.21120544596020072,-0.6165818910958083,0.7857416970906467,-1.1004821254594401,0.7522461338137589,-1.6713093978161726,0.7208696339876284,-1.395530536641538,0.7724890445216283,-1.3634236915128186
900,5700,-0.8955331583748923,-0.33261413897158887,-1.209335817670662,-0.11738393123161163,-0.34411192117153117,0.36644106557730816,-1.1333709979221938,-0.03983563889669562,-1.181737128952063,-0.6189638696666717,-1.2883618335023528,1.0983267902898455,-1.0993634517847455
900,5800,-0.6671443576223305,0.31528416954900124,-1.114193328696808,0.4594223105534125,-0.7164457373965516,-0.16475170892716726,-0.18187166076240588,0.9087801209411976,-0.573755012220556,-0.09333571875810395,-0.4654585571077737,1.296742222064537,-1.3387198995949214
900,5900,-0.2283031272485215,0.10738414591576192,-0.8314731888173573,0.364921526925349,0.10791969283205428,-1.0780707642655327,-0.026116144695363296,-0.3703926337604138,0.7621940234057071,-1.02628625307225,-0.09718865028490815,1.3919930425515112,-1.455433601498487
900,6000,-0.8937345839162262,-0.4067112982254114,-0.9317017131863197,0.8979190646539736,-0.7693650453547969,-1.012285606537771,-0.30166522571179444,-0.05254961422602915,0.6011168603365495,-0.3323117587506246,0.15952310287174884,1.0957620071457057,-0.7324234056835572
900,6100,-1.1517941650622558,0.048812306083506216,-0.9041495868574958,0.8295282455727278,-0.9477094669741399,0.6733285852154564,-0.998339031762642,-0.27871657659234766,0.6441189703747343,-0.6197570733349648,-0.6991998978233954,1.0053312508736485,-0.6116778883243159
900,6200,-0.8497964634227946,0.7143330762001139,-1.1976763897696583,-0.25580565473340483,-0.47530411112100457,-0.9246265517695851,-0.5678354494613369,0.22307954492464865,0.054176775882504996,-0.6550091778131432,-1.3208669021135475,1.4104735596078823,-0.14231325753894888
900,6300,-0.6695505360706371,-0.21644494698880254,-0.46332675256814293,-0.8056270907307075,-0.509856492388356,0.5735618116908523,-0.4286912985186123,0.5197046714797521,-0.7083021572020837,-0.8802684318265663,-0.39664312853029904,1.2600285626824006,0.12484156098899683
900,6400,0.141867394874147,-0.473427171443978,-1.0702818729952204,-0.9238092583147469,-0.6660060033658222,-0.4626608340446366,-0.24279800421528086,0.8489078324965728,-0.46502330064229125,1.2553839596681062,-0.1467243688619023,1.2750523930362068,-0.10738056617612475
900,6500,-0.4678823550772729,0.38844535401162217,-0.8408202136238889,-0.35604602337225566,-0.8079104623515423,0.47991155368391797,0.4072327255845871,0.3637441588385614,-0.9648779543958134,0.7086575308616879,-0.4284723259650967,1.425117960833046,-0.9146773271495764
900,6600,0.49662563511654945,0.136078441821795,-0.591911873482706,-0.26978358016896015,-0.9791141309058878,0.23981705367732806,0.5807981686115921,0.6629604870978685,0.351157490201102,0.5850657350197157,-0.030871459835760437,0.8358908086324118,0.33323118211745595
900,6700,0.2703807133945197,0.8110675479550585,0.18834170078799242,-0.5787263354431056,-0.713174180913389,1.3403194228308895,0.6175978301945279,-0.4103061020775733,-0.7226947017866711,1.5108989825108594,-0.3949383465824345,0.27715818699018696,0.3211577323375011
900,6800,-0.021404228990336074,0.7186384104795777,-0.16802660860031812,-0.9726285514036559,-0.504427543828007,0.7601878759431422,-0.26553217950112884,-0.804179428373882,-0.37593404716138773,0.8044842550346188,-0.48641360801731226,1.3022594369619247,-0.44988047001540693
900,6900,-0.5069065222512591,-0.22243651921499427,-0.8343825987080636,-0.6113550336877565,-0.44428179986507765,0.6220887645666292,-0.4615660622904844,-0.7415368573489138,-0.5953514947397542,1.490932214971747,-0.7628470939399576,1.4149476438521422,-0.19463000332000535
900,7000,0.05737645893948555,-0.5205771037749075,0.07648548971112389,-0.5704188594882664,-0.9535645581449185,0.5005310594270728,0.9179055970086545,-0.5448809969769635,-1.0664921980050786,1.7431256521874563,0.6244366841801711,1.0957368838132204,0.8725222534278761
900,7100,0.9300818493619348,-0.8252936096462653,0.7383650698361811,-0.0414369764367059,-0.7644541895446685,0.5053166487927406,0.5977136110674327,0.038073911335277454,-0.8998251234227096,0.6281187052195245,0.28904369127305324,1.4878070939812316,-0.8536017116241364
900,7200,-0.5615951014994834,1.051635036802355,0.4401444493131198,0.11314475625777815,-0.9600088341759705,0.5968713867847119,0.30842764702217246,-0.7539188178542232,-0.9094125665464123,-0.42789208499679304,-0.05563279671721726,1.3631640468704485,-0.7754519968059341
900,7300,-0.4512958975881242,-0.13979567576188218,0.08698363126375791,0.011829439082769592,-0.4352992911234655,-0.5920041523092273,-0.7789029744648288,0.18851743569897741,-0.5698330335962023,0.10096903704055253,0.6126283454020275,0.8212490220316653,-0.2647298777925428
900,7400,1.8153262697375177,1.3889422163021186,0.447613673139981,0.6310256426488693,0.7148558468319712,-0.7072229690777911,1.2904025467620357,-0.5623194123278724,-0.2503196576408573,0.651957737343856,1.7348876485065046,0.010650453175976921,-0.13949813580168985
900,7500,1.597838247301957,1.254767890897071,-0.16140700865506288,0.9196720688243909,0.47155592472559293,-0.3748502356963462,1.504206824282882,-0.6925762629386761,-0.6189140223318632,-0.4526660620102168,1.253831310363122,-0.29947207411618826,0.6695698202406568
900,7600,0.9376535156042897,0.6125384350412653,-0.6307602142961957,0.7132316711646599,1.3816800891390182,-1.224953420103637,0.9372760122615141,-1.037794640291004,-0.11226028604175671,0.2783648749097566,0.5325212378355416,-1.0842753739982536,1.0225742366856152
900,7700,0.3125682093320914,0.5872543889246378,-0.6739926014812933,0.6534289861821707,1.3872781878376421,-0.5090047616404455,-0.011762166586330256,-0.673603727983814,1.2257380523559978,0.7646306527789085,0.8222672882551323,-1.7375387290547895,0.19029780203988308
900,7800,0.37084753977802865,0.6389009303812119,-0.2271133885240943,-0.9547643457064526,1.2107009700577336,-0.4298051548914232,0.37873085482672253,-1.4880186915371032,1.1510987012194525,1.2047912610144547,0.30347144410620225,-0.8074978099396624,0.6339551183193647
900,7900,1.2153335382498611,1.1711410048026352,0.8186297564521281,-0.8054129418552549,1.2933871160828196,-0.5555418433504821,1.211857711232381,-1.6332117511996598,1.601410297061813,0.7718781869997046,1.1438723061623588,-0.5394163406450312,0.6074024528868692
900,8000,1.3029047049130713,1.1028308322360654,1.2743137630110108,-1.7605594089587069,1.638037685337471,-0.5265141925095739,1.8344462756305138,-0.5910642222686028,2.067924817604508,-0.7100897587488387,1.9663506536701738,-0.9529325155701132,0.7510466809982187
900,8100,1.2613496634772512,1.632123126449462,1.8421820562586648,-1.3941519413435621,1.6193697054220655,-1.6509831355434026,1.9007275710768847,-1.2132467676122531,1.7942261611906387,1.6077149845773702,2.2026529852063357,-1.8734706851662888,1.4382010095037345
900,8200,1.2944196455853818,1.2720074714092848,2.8272966301548292,-1.760861025766584,1.5418801769383723,-1.245136007091384,1.9279345968904629,-1.0647226313335074,1.8727126551551831,1.1242438074717735,1.7069351352844693,-1.6421266898745897,2.0307792376227805
900,8300,2.1485645931553337,1.610885052262146,0.7762609975211199,-1.3750611200912446,1.5007807599255958,-0.6920617060240591,1.101133646853714,-1.9151869666581334,1.4146824949280061,0.20600428495223774,2.144603747240747,-1.44205223642673,1.5358009807748945
900,8400,1.5429112493525226,1.373716866886869,1.1009512069348053,-1.5460495118972202,2.2992572927806316,-1.0660482885597062,1.5898060724165892,-1.7282660415557678,1.5827114764410188,1.1064234570668845,1.8997433947833182,-1.3504593749431595,1.9565676355893167
900,8500,1.5878235930836124,1.8446380808071505,1.7886124174981566,-1.2305144077874337,2.4918683987097014,-1.1570836688219026,1.929202091885034,-1.41557976576204,1.5590100267679696,0.5811341270314332,1.9173950789959635,-1.081068295041101,1.63814552791877
900,8600,1.8466462194959816,1.651505083806669,1.8013824700522976,-1.4708945982893196,1.8508530804196133,-1.6520068589010224,1.6580879893705087,-1.9922207497467301,1.6507557137660684,1.2490664677185632,1.9631945010778715,-1.4125768311339533,1.4501155712750426
900,8700,1.416653589690997,1.8381803010054796,2.3614415115582483,-1.2929963833851217,1.6618026537740764,-1.1143956078763302,1.488152403565378,-1.25718667128673,1.845536137513104,1.4625220473922027,1.9096202882640283,-1.1504079389543103,1.153868671258192
900,8800,2.284370693930498,2.111809641748153,2.0103588170612174,-1.4045299775207105,1.2607947921763067,-1.1803997049290038,1.8059995893605625,-1.7272447779952105,1.1805822532305792,0.46395339911441774,1.5465459781317337,-1.0810742291379511,1.6412176133120826
900,8900,1.8513725247456165,1.6788125832775125,1.7518503796041305,-1.19430697121216,1.0988154003232602,-1.3824547345339335,1.4923873139936268,-1.749460976858003,1.0463486396000916,0.3347828857114913,1.0290372101878347,-1.8857235432880484,1.946055693320787
900,9000,1.09913290251602,1.751159261020327,1.5951083333128568,-1.7660101176295948,1.0948089114573514,-1.4996270531628457,1.1598020507441806,-0.852641769947294,0.7813768812109884,0.6200221806226092,0.9448622367829304,-1.3767632948234136,1.1284920323915195
900,9100,1.2513087057294472,1.944388504643432,1.2696345364333825,-1.3713845662932898,0.9638897608693724,-0.2339650988334824,1.007747373990239,-0.6401640042604715,-0.2612893966401614,0.6416725874603504,1.45959404642873,-0.587002862029476,1.6931807214644752
900,9200,1.4969244442597591,1.0089824941496146,1.2724794922897615,-1.5336294207714802,0.1705927523260787,0.47749173907970566,-0.12457943795390224,-1.085210093027673,-0.8480446763290544,1.3341333110175964,1.1565859477403502,-1.0487148147262808,0.25606735135478276
900,9300,-0.34413807472288344,0.7449334270381994,0.7279978325105678,-1.262899454203453,-0.8558923198125917,0.4001567804911269,-0.4454465817287227,0.23984213060720508,-0.9740881381175223,0.7036117976826658,-0.20226210260461458,-0.8694637936762517,0.5561044659303072
900,9400,-1.0368583630001074,-0.48077077180765515,-0.09015821300665633,-0.9696320252249946,-0.4819057987865531,0.9885328992879041,-0.47268585410119923,0.4046069906307817,-0.9148135275857249,-1.2445673714308796,-0.49147338164560456,-0.1917075145587577,-0.5343728090587534
900,9500,-0.9194192743186147,-0.5885448597494181,0.6668190334795665,-0.8338471935908431,-1.1533466797679004,0.8911758702443608,-0.9089522739411989,1.4931860214000283,-0.9041991532112131,0.25447906812114146,-0.5596018935869885,0.5849383345457143,-0.3252556151848794
900,9600,-0.8649467752341188,-1.2486903109748053,-0.47813596030958583,0.7804101726032412,-1.0921389796390637,1.5799325481155082,-1.2947412059353438,1.4190634648861227,-1.159386487595612,-0.4641586925058474,-0.9327860541455669,0.9792935948256561,-0.7874385378502475
900,9700,-1.5377881666868147,-0.6226360210380457,-0.615755140905368,0.1738951635406695,-0.9492072749452143,0.7420220860521178,-0.9756578510421391,1.3036257000135367,-1.4343963343056527,-1.2531617339270094,-1.3478528374083578,1.7457772997640022,-0.5518384921230808
900,9800,-0.9666404635900548,-0.5956476473795356,-1.0204183176007442,0.6828468557028379,-1.0613640281609484,-0.36019537504652577,-0.913457515237083,0.9561397102016488,-1.9853632068105682,-1.253848270621162,-0.7054267796051138,1.8202641371738852,-0.8188897419301635
900,9900,-0.25677088934132636,-0.6489320587205246,-0.6614084218869772,0.8102491106603289,-1.116315032400569,0.8340211690731801,-0.3817649981117249,1.3801925523780523,-1.3339027433305606,-1.5313211472342876,-1.0417330450009177,1.853381491257182,-0.14352389912551866
1000,0,-0.9192645708179858,-1.605483468248219,-1.0233911613266364,1.9000647799271988,-0.9822082869228188,0.37237758317453207,-1.2701281142732601,0.9243760197201085,-1.0830433045233971,-1.6532007208411617,-1.2655976949049206,0.8813510357591635,-0.5926751580946211
1000,100,-1.428877756641136,-1.489869400923068,-1.3642108144688996,1.6533002938954289,-0.6255254844411982,0.8057123079854475,-1.1247030041199184,0.8262947306320315,-1.2346225219776013,-1.2784306163439307,-1.2090897456059853,1.1644575622249735,-0.9883606403460303
1000,200,-1.03092098417826,-1.0408157319848226,-1.6442668348854215,0.9696210421131644,-1.1061825995567949,-0.30576676998147706,-1.2720988070274495,1.092497485992151,-1.3294617917777087,-1.4800049541677047,-1.4879221395134798,0.9892889029554828,-1.1254460681660718
1000,300,-1.2108485827956448,-0.2386519517094474,-0.451846928765029,1.4963342267453625,-1.1939335865758642,0.08173280183195623,-1.3498435267703452,1.391745100283674,-1.068734061779718,-1.1004538338628287,-1.321131696635997,0.44646387071980365,-0.5849609353518684
1000,400,0.05969172242532138,-0.5285713086287697,-0.7905173663759381,1.1260699431493555,-1.213800770201614,-0.6823296195389235,-0.8393504663625597,0.6071038317679243,-0.15639855827329233,-0.32746944661384003,-0.2243066864929795,0.6870817755980755,-0.23379882032818292
1000,500,0.0242379304040156,-0.2056609653165474,0.12490226339618327,1.5225235615165829,-0.27249997502736445,-0.7112023815569544,0.4276279356249112,-0.6886831298622801,-0.13618609686384434,-0.5733617019477595,0.048111141766598114,0.6793626755278601,-0.5271745072445359
1000,600,0.8792158389313861,1.8411139987735021,0.7923482575720873,1.7003722871285534,-0.013004476911784605,-0.9317649907306357,1.3489515829427017,-1.558637900229162,0.09910085963005949,0.6376257447015665,0.6041144219063147,-0.13341095111017384,0.48920712054173726
1000,700,0.7585788164253242,1.6432341306199043,0.32051782260149636,1.2651991552008328,-0.06134043526174386,0.0510754859464507,0.7655889174806704,-0.8087486879734895,-0.3185453499001177,1.4719629266210228,0.6468692808021932,-0.5551543616173124,0.574028746100164
1000,800,0.9677549686955412,1.0104638970164668,0.38254439955373026,0.6883833703931879,0.768140775746857,-0.9775151110639934,0.9352553785920669,-1.103258306025592,0.2158631162912878,1.1755544866009566,0.972738477907026,0.6393285663066444,0.4373306884397218
1000,900,1.3304783652827599,1.3631752134995305,1.1398008017331773,0.5274243347873784,1.0190826147211598,-1.5041875476379025,1.200287791747924,-1.2149582005552457,1.0459858435905942,1.425547868063867,1.5185820233630278,0.9104243971008514,-0.0568398840306645
1000,1000,0.25031499026767684,1.0280362345385368,0.7097622938063249,0.05323417390004616,1.4017741432736284,-1.1038511138199647,1.3091950760368516,-0.9403569970499713,1.6830886594601564,0.5875183139022168,1.489991778122757,-0.2034782576324865,0.07806335098163643
1000,1100,1.3123320872165318,0.4524333835231636,0.033245526524397516,-0.641278666698582,1.5651428259215692,-0.9902774336117006,1.7166301341172248,-0.5981636567253439,1.3614816429671346,1.657894517890363,1.4781791494386038,-0.7208385512685147,0.6593711616218668
1000,1200,0.9149637588343927,0.9277159129416516,0.7906299841914598,-0.17279332033368497,1.1076670659253964,-1.4114761646003886,0.9302065849108132,-0.977937611036995,1.5956779077543053,1.1523808851111756,1.1168732420903114,-0.2682783231101973,0.9028171554602169
1000,1300,0.2680294769941696,1.3022467559784963,0.9635331265202578,0.15779118899816627,1.1243904286060604,-0.8454280315992165,1.0475122035634306,-0.8191974124744732,1.1999255958587078,1.2640115707710617,0.7383217484849778,-0.8184474212674376,0.4893962883816899
1000,1400,1.3215893756412964,0.002823673041445911,0.9425443694219576,0.9075238454405308,-0.1947618523005236,-1.2668351706079268,1.6893754286388665,0.09940312078518554,0.45036817565935666,0.520311894808538,1.1774498031884717,0.5170226051133471,0.17104200543808387
1000,1500,1.0994502993702733,0.19055175280417203,0.4475138409841022,0.49186625928462296,-0.0498991544634769,-0.3933534734856356,0.012171867413313074,-0.3898163069190144,0.48293426421796515,0.053339480536749063,0.9060977731615611,0.5329694055166089,0.06709037287270089
1000,1600,0.14611694633388297,-0.020087239173379796,-0.40197414101329937,0.6343123308126144,-0.27011087237054143,-0.20526022115001297,-0.3359608847051053,-1.2264115672597105,0.3351683451279458,0.2347998824755793,-0.14768595946888471,-0.04198699845302425,-1.0154499075831518
1000,1700,-0.8722266077778433,-0.741086845019245,0.016057917368832903,-0.7444888905078368,-0.2346256353335245,0.6252212234242308,-0.7650423760889168,0.08153331964636251,0.2712317910805257,-0.1525370253620597,-1.545425472815386,-0.35550395233923743,-0.5182632137790215
1000,1800,-0.6460532868569285,-0.5371805605074812,-0.11795557465407484,-0.690761559650507,-0.22310315925361815,0.5216886730474551,-1.4280151651247723,0.5124074811733055,-0.021751593805427866,-0.8446352570393777,-0.8995924623631026,0.005561420081763658,-1.1822227900386728
1000,1900,-0.38873732486465373,-0.8572683170653063,0.157907354797695,-0.5963798711486886,-0.2705156022765377,0.204430030991728,-0.15731169854883031,-0.3824454436878909,0.2897263125155666,-0.7984502734926784,-0.32303957790747223,0.2149447459006089,-1.0337628883210326
1000,2000,-0.2672863262395866,-0.9878117865165646,-0.5593652900690066,-0.5226015346336531,-0.7928695480638764,0.3092561552044894,-0.7370510799152393,0.6189364742853769,-0.1993592847240749,-0.9351410598649907,-0.7072650844640371,0.5333750733796352,-0.8341046712258546
1000,2100,-0.8333805961912694,-0.5179609156421875,-0.44565734018297554,0.33122598583138735,-0.06851636839340558,0.9060785294448339,-0.8235146067209086,-0.4526845206969397,-1.3955106920343598,-1.0079673711737602,-0.7947052922524109,0.17444471265348974,-1.0337669397653355
1000,2200,-0.6096057136979487,-0.08153171783032795,-1.0590228516892395,-0.40012294532571874,-0.40925028458679696,1.3273854672753096,-0.31705173959874694,-1.4616047647315331,-0.4673747609864607,-0.8341220920121147,-0.6983964221249954,-0.2399819256652597,-1.2332543976103665
1000,2300,0.23138613626602664,0.09723994781720438,-0.9163774846699964,-0.08942015689369351,-0.6040243115657832,1.0131338281027278,-0.8701441312047629,-1.3089010625577449,-0.3437405449320666,-0.5453928246819475,-0.233112735934433,0.22667299494073673,-0.5528143001188468
1000,2400,-0.4290894124516338,0.8965275641975339,-0.17669117266873444,-0.023446041488916238,0.8043717933494224,-0.8837578460367355,-0.35664170247755217,-1.2817857266039436,1.0516921582774057,-0.13504079086434095,0.38308031154782135,-0.9339058953480558,0.5676308924138652
1000,2500,0.221442500291096,1.4367592869248398,0.2966740636406633,0.6862466502603671,1.8515417601786015,-0.2523379472247727,0.8859551209656779,-0.7454598159520225,0.8821110368948798,-0.43087213733096597,0.12553115176409974,-0.4576739285987211,-1.1630130631331144
1000,2600,0.3785534571413509,1.085176622264088,0.23673953610871482,0.9261279444712184,0.5291636788647612,-0.5470398144171683,0.6225993871981734,-1.083983059933409,0.7665499767668944,-0.6407836170242667,0.23144262688361358,-1.1522739639479007,0.3139878822103151
1000,2700,0.9528890338389213,0.5954095082018266,-0.3831674015836522,0.37126011683098803,0.898902739890005,-0.5541750813828781,0.831806442176012,-1.031226197703097,1.8023786051641464,-0.6461431276718108,0.8040906215703107,-1.4112466269461856,0.3138074650560167
1000,2800,0.4924214808386257,0.39348049024409465,-0.05996695113656967,1.0762003565520923,0.44605067483915384,-0.40832105876663705,0.8110736710108042,-0.3871385421620384,1.453398486413666,-0.5143072903031918,0.5828010340197513,-0.3456945826924373,-0.8362569003052518
1000,2900,-0.04004074521238761,4.4718780494597407e-05,1.363167474037109,0.3062306213078989,-0.2656657147493443,0.10077468971292806,-0.05483619268777789,-0.9293256445432624,1.016090212374302,0.2570253916485308,-0.3186833949625654,-0.580030601773879,-0.06439787664673448
1000,3000,-0.04455200767699479,0.4967890153596923,0.5299773246505683,0.677225913823685,-0.21564387677014327,-0.7371598772092951,0.18511085015625667,0.006709806756978569,0.47924898457142534,1.1590761901672266,0.20191170869897354,0.3355916136241712,-0.1680345617628759
1000,3100,0.018062276446360315,0.2597861501140774,0.6126151104525925,-0.8384639029338425,-0.030626513817317742,-0.533146796639295,0.3372394499401351,-0.6206953879370468,0.41015139084571295,0.5217558648384312,1.2959164369693783,-1.0233172226090625,0.47197309388930714
1000,3200,1.2505864238689337,-0.2023991506065924,0.410358163275292,-1.2219076133545523,0.36681044762040266,-1.032716138275948,0.4668400649925794,-1.0622772481644265,0.9993179856508162,0.6098136174396004,1.3090784206243025,-0.9308826294774636,0.7146723198622
1000,3300,0.06651677914436911,0.5059137366373249,1.1434615956457905,-0.3393176033743255,0.4849034082944945,-0.31555755576083905,0.9735969929683833,-0.5412430395757323,0.9844717060339141,0.5362801627768818,0.523485011820853,-0.6366854674764262,0.1679117160444311
1000,3400,0.529310377862942,-0.4728689250659922,0.7451253944965023,-1.120078661627421,0.1844443246231399,-1.0039476800967564,0.7106455391863525,0.4421698213659441,1.4083376500390208,0.6375682980783761,0.22189072500665227,-0.432466455487986,-0.027212831856487384
1000,3500,0.84902083013334,-0.3405871335148826,0.0526069372717068,-0.9274760814156812,-0.2753958691643128,-0.6177241154379696,1.0646447554968388,-0.1902581715543827,1.1558259482998927,0.5415967250103894,0.2022029501163441,-0.4618861189961597,0.40515927302799654
1000,3600,0.5431306804442976,0.08706630732843128,0.4313620561915791,-0.9647219465451002,1.0955839334346678,-0.40198398258026924,0.5136677288914085,-0.4583641131170718,1.9196623854903747,-0.2908092811743276,0.7458097329758442,-0.1974296479589054,0.49144985567785754
1000,3700,0.37282469215492736,-0.5605702026905158,-0.005403660834648191,-1.2454173191650983,0.7091160975191669,-0.853883154328897,0.20608667116130297,-0.005346438578822039,0.8611558153888961,-0.2371304659882099,-0.44419486215740894,-0.5967123832764719,0.5255554213586189
1000,3800,0.1701080072727167,-0.6210331990382336,-0.31827073284257135,-1.4071871041146904,-0.11497396347635183,-0.24833484028676897,0.8344260031147528,-0.2969107835650187,0.06954929615773546,-0.5925094993361453,0.31152527675539204,0.07489616842932133,0.8857019897645044
1000,3900,0.5820920866932818,0.8129221348061075,0.3515169341642191,-1.3616337976169046,-0.41253329339222616,-0.18549801900294827,0.9130664590442197,-0.6256988770820969,0.11223184413377542,-0.44245180255507227,-0.29472899985885626,-0.42628032061135196,0.4204443349900925
1000,4000,0.5835352505527485,-0.040665189553752534,-0.41946603400084254,-1.6474988307029093,-0.243231409119742,-0.31557713924505637,0.9608184165460221,-0.7953836664395189,0.3334079553278388,-0.6042523989420923,0.7153047221272463,-0.37020287051618517,-0.8370177941674055
1000,4100,0.6293266591626485,-0.07507224334469982,-0.20147785743809665,-1.0778754097809684,-0.3390466686243979,0.17934563272949197,-0.17288355622504942,-0.8099596958854983,-0.9992699558450172,0.43407176140646886,0.43512409155182175,-0.21626448617324606,-0.46750858633614606
1000,4200,0.937377694123824,0.7640661434754199,-0.1077287122814154,-0.9399326227907326,0.6150043377961163,0.8022120546573072,-0.16648524130924597,-0.46839606348767093,1.0674333592887368,0.6222537690072446,0.5634400248784406,0.16605272908603205,-0.5568874304510862
1000,4300,-0.4360321906681659,0.19549328896618495,-0.3682289121456085,-0.55401734217263,0.05464391765545302,0.5369144916627685,-0.4842088563032218,0.21153717442453404,0.2692009848309139,1.2473754016830705,-0.4778004658381126,0.16002666545488511,-0.768356025001221
1000,4400,0.4396670829513186,0.2505531059532098,-0.3231903236254551,-0.32549282931763285,1.773165309192852,0.7331768978780193,0.056089460154557354,-0.9984435069311743,-0.2582236950427857,0.89876563877528,0.9674368082268644,-0.13254911329675106,-0.40723374672168305
1000,4500,0.4053529635230131,0.7560440264301959,0.26248273785052273,-0.22281677691608381,1.2726475309105942,0.1833108170454914,0.3311239852394061,-0.6317731926785081,-0.12104343849823133,0.024804505313283234,-0.04070772426508365,0.9338656757142854,0.11197440005808897
1000,4600,0.36462055145325345,1.2428784430040096,0.7177227886098206,-0.5791267240913248,1.4517020329636077,-0.23094564530049144,0.1814052203783502,-1.1491397315109384,-0.41390604641705153,0.863638893962537,1.4343749467425966,-0.22907358465145608,-0.7254521760911508
1000,4700,0.6165670870650716,0.8469867886724546,0.4330165762500357,0.11697412293198653,1.2807549346168359,0.3152745320422014,-0.07085356940101561,-0.9321203049053667,-0.9358151709463081,0.4911926474475624,0.39971068460471726,0.03090356109817288,1.1676753990489501
1000,4800,0.5060035429889627,-0.17352946322200885,-0.3031938747651155,-0.2219529580666017,1.2760224438489984,0.2921307723561859,0.3365838331751007,-0.5325746912872992,0.3117314287983639,0.7992112223192867,0.3987150327980317,0.13267594200027708,0.7177957013867663
1000,4900,-0.0846706344976648,-0.7173035397122088,-0.12371190898610226,1.0454638846117918,0.28851861706283183,-0.10087265937071618,-0.5681952330072066,-1.048214261636814,-0.47251890792023066,0.4732081044576228,0.7259258365126762,-0.6200808267968607,0.6059314734554057
1000,5000,0.5291977711439101,-0.14678599896819738,-1.1925200384110772,1.217631793068492,-0.05863853468777689,0.5583217432033197,0.5237140378759223,-1.1520153744648371,-1.1319015287331524,0.10831685526576837,-0.004477712288226253,0.16513328072732805,0.6403001572367297
1000,5100,0.39409247721594665,-0.4459424879071325,-0.7551602170243367,1.247641340003308,-0.211568538522451,-0.2847050708007013,0.4333871202476661,0.0903312235021939,-0.8279416601457532,-0.8686417248119874,0.03138369599853701,0.36187328732638785,-0.27123042667221875
1000,5200,-0.9819494059743956,-1.0694632527171957,-0.9441905238135629,0.6683959218274981,0.23886834157591774,0.882814015691421,-0.3984604999430038,-0.2123525482091974,-1.1177084808785835,-0.7225615393825279,-0.6451282420230761,1.1376519791264608,-0.36233583908231737
1000,5300,-0.739364560681281,-0.609169007197816,-0.6051582449874741,0.13342462052803175,-0.8463717649222867,-0.1280893938414631,-0.6038630060394912,0.6254274991939207,-0.8711951420718744,0.8854723393024114,-0.797174876216506,0.5284941786176528,-0.45899951314165505
1000,5400,-1.2520502444109995,-0.9267195389719644,-1.2538897325706504,0.32939875240020733,-0.47878981988939817,0.5713171654368235,-0.7667864722680862,0.3452057994224703,-1.2926103231207364,-0.10839016704697467,-1.084716252174104,0.7474225116911071,-1.2132409343464527
1000,5500,-1.2531320966124657,-0.9889764245207442,-1.1699015978235152,0.4827720739295687,-0.5500803606699518,0.3525200059154171,-0.9573867602379595,0.641456325989314,-2.1538116786945545,0.8245229652906954,-1.2886426871022518,0.6145062003016795,-0.6540859324506957
1000,5600,-1.564878782308104,-1.4330061433331671,-0.3344168530328909,-0.23691165644726722,-0.2367257956863127,0.2560471152075359,-0.6268882897111978,0.6794593199324367,-1.0433847730037886,0.01544037355528636,-1.0079597840736136,0.566606435802725,-1.2209718693627736
1000,5700,-0.39264433779295566,-0.7745469204801323,-0.180532387165393,-0.17898193728920528,0.35780700125990417,0.039575471048681705,-0.6606462316096762,0.521961165651464,-1.0030191450689638,-0.6822378244015171,-1.2359758822355678,1.2601010362024607,-1.8162593606154969
1000,5800,-0.30139948809319883,-1.0145917933378574,-0.7580030924954219,-1.1697394466800128,-1.254864715763709,0.15367459330564973,-0.4224843824333117,0.030018682683044556,-0.593407284491833,-0.6729532677686005,-0.8593012813873838,1.0427797260785048,-0.9133837902003692
1000,5900,0.4808253371413091,1.3226181789090847,-0.7503791877189868,0.27062286799270724,-0.05426102420062778,-0.2651719494243084,0.20601556219066386,0.11616629724517998,-0.17450616657098297,-1.1805027705116315,0.8051890266628213,0.9756521844705589,-1.2858750176030858
1000,6000,-0.04749753110330597,0.5237706860582224,-0.2633877767214829,1.0759531407478675,-0.14948612615660298,0.10792779803508132,-0.1556502912324026,-0.4968986193628367,0.6611463475163245,-0.6987050154134059,-0.3846805260728489,1.6636629876224316,0.05447255556401779
1000,6100,-0.22771325607524062,0.15812243937303386,-0.9739289347368252,0.08227059567918334,-1.6086078328207798,-0.6561989712443259,-0.515452861204737,-0.3107193267202751,0.9680864501015211,-0.9101161700281384,-0.4018814878524345,0.9602591377895331,-0.2549424976735284
1000,6200,-0.8810965791327146,0.6364323768594277,-1.0201820756284021,-0.6050555618428335,-0.7478368891041437,-0.7373976519427293,-0.11244732167959103,-0.010662218507434582,-0.45531756762486375,-0.8701130997920942,-0.1935683450823542,1.3061990734070168,-0.2373249683947266
1000,6300,-1.2227408877719887,-0.21096923733857537,-1.1885965599934625,-0.6195231377443277,-0.19915500963828858,-0.03559244472848678,-1.1404960362237935,-0.08319117112821212,-0.8864942735629584,-0.4231586135290243,-1.1899979778457004,1.6423547863010948,0.11119451092282366
1000,6400,0.009243696744328955,0.5948024753171658,-0.9472836125128812,-0.2692381172017639,-0.929348581082603,-0.7564647983703883,0.5513989829676932,0.3988253895355949,-0.23669740813360118,0.9324180530214571,-0.20691885830963894,1.2054990373733028,-0.9939812099473094
1000,6500,-0.5749963167071942,0.6153475385252657,-0.304094668736416,-1.224932701697396,-1.2470862625700208,0.21951800440793784,-0.40699717537471414,0.4271264515968063,-0.09487933552328667,0.2646310774598597,-0.7125911694814642,1.3677494377736719,-0.574904414619557
1000,6600,0.18923051856687703,0.30354044787351747,0.015696523545450192,-1.0081466227351699,-0.2580573873413173,0.546876227142191,0.34078910448423827,0.3535205910746976,0.17545313252507172,0.83401577741911,-0.44110246433104044,0.34283904714888214,1.0946411750100253
1000,6700,-0.9693167387844069,1.059504637214526,-0.5204354133655471,-0.9284198529892848,-0.614258982089329,0.8471784602112654,0.01654177061629664,0.3243320011355706,-0.0956575840609007,1.4231834534653829,0.288474704271619,0.25682597161754034,0.07049412469888089
1000,6800,-0.2938012638746237,0.6820692797637549,-0.5189544499806661,-0.7165704771186678,-0.38368434030685916,0.48221867469169405,-0.7035870032423014,-0.49738927310038966,-0.2129968625003956,1.601527381437217,-0.3350825136860495,0.7610528043597953,0.20723384153031985
1000,6900,-0.5602512381934979,-0.14858015417823114,-1.2408920876705256,-1.0621836588959672,-0.9878390545403877,0.34788720482044555,0.3120324410596538,-0.3902071519843697,-1.646991296143717,1.3788655247113795,-0.29197169986436944,1.3696596635860308,0.11262977190631675
1000,7000,0.7000681270908208,-0.647212227362831,0.4213189177259021,-0.6738416360773353,-1.8308753816067123,0.012178774313816148,0.2996822364776662,-0.6286207549435882,-1.1868698876840225,1.6202348599206786,-0.1156925740683077,1.1534764305729643,0.3844870574253997
1000,7100,1.2586057016793768,-0.4602038046934851,0.6155812408752848,-0.7602336303356665,-0.28513959702803043,0.08284188607639871,0.7352651665979744,-0.28120572765472074,-0.5632095038202205,1.198320904550752,0.5722277878931487,1.5518856314637706,-0.4809723849673757
1000,7200,-0.1832734763822083,0.8558456546309894,0.7314814276401803,-0.0586677593376077,-0.38123876755827485,0.5813988257226022,0.45222482698127403,0.17995732240309198,-1.3411399961896133,-0.7224672832499016,0.7703644022017787,2.0829904107011794,-0.10424511746990214
1000,7300,0.6496487291232738,0.3717518781237091,0.2179107662605728,0.40550507538155967,-0.09532762915279654,0.14311800978003242,0.01937086962140337,-0.20829521886464675,-0.8693725790009629,0.4951371507442161,0.06782773080020212,0.6066448636808162,0.204712599706601
1000,7400,1.815591333243422,1.7471701811246672,1.0294090070140969,1.07664870085658,0.4858294326121624,-0.6728272427801583,1.8793756741321814,-0.9720690653492947,-0.20746999919925602,0.9998705579292466,1.8974544417601316,-0.1973270490468003,0.5892480928930837
1000,7500,1.175726731947695,0.9880092866719372,-0.21877891520220283,0.24691522701010762,1.382741392825232,-1.538654099741109,1.1757856999649337,-0.921396013476072,-0.5223139243293805,-0.09555446919759343,1.4493814138909242,-0.6449488829313439,0.8165639045097992
1000,7600,0.849289933613338,0.9903991382018611,-0.5741978539662778,1.1489637955021075,1.7193207711559628,-0.9583205703254191,0.9520238595401805,-0.24362640491801602,-0.05649847437410383,0.8597897359051149,0.9948762607416445,-1.2807630437705304,0.41603858229010454
1000,7700,0.635325691277936,0.43363752630824454,-0.7827404493551461,-0.0015492511288060147,0.6973741965829598,-0.5218495927866572,-0.17955673688466098,-0.5190203807437966,1.1292360864560096,0.21482152348488356,0.6023844547077354,-0.7721794397543064,0.8711980321993212
1000,7800,1.076822738158193,0.4857984135006138,0.6134005450357272,-0.3689088897137001,1.176205729571231,-0.3727469699345267,0.870170848775217,-0.4509206671923915,1.1763485342407898,1.1613192859370638,1.041243081350073,-1.0284842748933853,0.23926862307659685
1000,7900,1.7875780065237974,-0.0588660379527437,1.7355341372265884,-1.0058685393767883,2.102378527471667,-0.6932296209237925,1.1262672638242381,-1.915629421408698,1.6289807911330776,1.2305418983330036,0.9944631516745306,-0.8153537819704368,-0.4874265408844399
1000,8000,1.5664444417755983,1.401492682542159,1.2151356561275928,-1.70924928166674,1.860521784173701,-1.5277512037019658,1.4138313670852651,-1.0275320406068609,0.7086562001210018,-0.4204244254168322,1.3841257367601618,-1.534682479379427,0.8587432227603006
1000,8100,1.2373894865478197,1.3268892408862212,1.5732709208317255,-1.1504844864053636,1.5985804927617466,-0.8929361312171791,1.6455944869187038,-1.2666064315032224,1.9237602683307036,1.2951695019866,1.6227656903981824,-2.1936929639037483,0.630193486704868
1000,8200,1.7862206906725564,1.756383130849082,1.7133355144595128,-1.4776743000265127,2.174479821941617,-1.2833870730241963,2.291418392893716,-1.4885039643930644,1.9117782892966646,0.7668425286746409,2.2816044419816928,-1.3704462768994568,1.9632444693474778
1000,8300,2.2117364755181437,1.7433934780498548,1.4213616229205974,-1.3352173406537402,1.7902133284233317,-1.1704133080606793,1.7256578759471473,-1.5650463597929152,1.1864179600239269,0.9128312756568491,1.40745910344202,-0.9750320975602014,1.6524795134626402
1000,8400,1.4496540205646966,1.374766811180141,1.2060606982745066,-1.3876612366848535,1.942871086462464,-1.6243882623545185,1.548971129580263,-1.0564849492585546,1.0140638011102556,0.9041671617663664,2.000429966545361,-1.3875359975746873,2.116708047598717
1000,8500,1.9897796104694385,1.6629288038860326,1.644204484266994,-1.6397130378936642,2.0083558564948953,-1.2747929635216828,1.6630549189248973,-1.4410674146747693,1.6245783390408768,0.4413555327892927,1.6721284077334542,-1.5638962334761835,1.4919227897699656
1000,8600,1.4772870275712338,2.2275941637924355,1.5566540344787594,-1.3130742131646356,1.8184073214816274,-1.5007385309639067,2.010946787842124,-1.5856089866181224,1.452788633154948,0.9761505455733753,2.0212670890360434,-1.5205982285506596,2.081118210226369
1000,8700,1.6314648883441851,1.771711552777531,1.3972630442665464,-1.8545404163390176,1.7395433679314598,-1.584619106370928,1.539972380024778,-1.7098741279915335,1.8149774070574425,0.8825634182923778,1.5630009923274923,-1.4982936773175968,2.2036840635510475
1000,8800,2.026665711531366,1.6052618157678713,1.5791161682905515,-1.7434122482876526,1.4813114463517756,-1.7734096714140901,2.0637136572228507,-1.527669922725149,0.8848777932951237,0.6806235995773616,1.5428145307178134,-1.2023490667418484,1.7705522335933368
1000,8900,0.9795680056112821,2.057007260187135,2.205320582476107,-1.8677171460745388,1.9490048000654714,-0.8781650697457586,1.4460633248344856,-1.2493989557559668,0.9386150049495239,0.6781282433505355,2.0306690771572073,-1.415661261489627,1.560076046398028
1000,9000,1.0328221228764083,1.813415518620246,1.6669297383139514,-1.351588320641248,1.9284108469951087,-0.9792021702160998,1.8192692864431657,-0.8900246536823567,0.8320057842925156,0.6125819168176299,1.4427341419098767,-1.600927201438153,1.8003471681629934
1000,9100,1.3445501337652472,1.8336848713214555,1.828357575822119,-1.0810841719942865,1.2424582999705938,-0.1468493052215692,1.1836134739085007,-1.5829002599443391,-0.012633709402053616,0.6462723831580295,1.4373920254012855,-1.3544501760504888,1.7904561440913989
1000,9200,0.4623761392881706,1.5291286624280214,0.46261021958442616,-1.88575508037197,1.0181419624186139,-0.0015616014724596757,0.8136410346239042,-1.0739993125488592,-0.6158385303100482,0.6181647889041957,0.8414494793224773,-0.6395507625334715,1.662687609352085
1000,9300,1.0200299422044805,1.894447298366929,1.0729500322255956,-1.2840918582916652,0.9613240167214016,-1.042148097342137,0.6503710807685155,-1.2424041297403483,-0.929428845040743,0.8100357557037439,1.3988436104794681,-0.1436762403209231,1.6188439635404024
1000,9400,0.6454380715305188,0.23896012806731928,1.0174007653601855,-1.2777521567163803,-0.339111008562415,0.9831204519754002,-0.609363024788884,1.016400491484629,-1.0376865906381805,-0.6380876123378536,1.0317062145390277,-0.18887832136158575,0.4343832130943154
1000,9500,-1.0492645193242367,-1.3792951056787683,-0.15624552183469215,-0.7194610851953509,-1.1932842151724241,0.9773345882506486,-0.5266486681943147,1.3004166325739777,-0.6924533036195947,-0.01845550031566103,-0.5198488516009219,1.057258317500027,0.34411115539481363
1000,9600,-1.0240226100359102,-1.481013187897233,0.21532285551682742,0.780509276731095,-1.4939805195867886,1.4719794690526709,-1.1312556209658717,1.4052389582179465,-0.9544651292465569,-0.6203491588913865,-1.2456278636126246,0.5162858620110835,-0.7104463621579721
1000,9700,-1.3893647001458336,-0.8545529516315085,-1.1934757267944516,0.15096787758291835,-1.2849700781652322,1.209424421105512,-1.1820427453273534,1.5376500321254423,-1.3931946799559853,-1.5106894195505605,-1.1215284336770968,1.9965136265704677,-1.3502418990724516
1000,9800,-0.7962844141054101,-1.4911343748033221,-1.2295597240667169,0.205061501496359,-0.9761008477471383,0.16507018387239936,-1.1506782930753425,0.9249598918833659,-1.224789197932139,-1.2304458004577148,-1.1475899097641065,1.135944190539559,-0.4382750120859403
1000,9900,-0.7042602825658296,-0.9944574395214851,-1.5622191010499276,1.0396271821978487,-1.3287385594372616,0.8973179643757343,-1.1135702613545277,1.0012664935881628,-1.7754801680803984,-1.2881565629794964,-0.36417672090231884,1.4960130223381953,-0.5187906585080293
1100,0,-0.8214627580331854,-1.638264528395945,-1.3826843234424802,1.8992391816997467,-1.329598308770279,0.9635641405106322,-1.0373546540135903,1.4199468035623322,-0.9531460161059667,-0.7030992075097677,-1.1630872019344556,1.055190155585181,-1.0077741721120481
1100,100,-1.131945649347593,-1.388690779425258,-0.9750167060039414,1.6563350836063215,-1.1248089482737367,0.9923358946191166,-1.409535819682898,0.39369520576091915,-1.3339113112877807,-1.4280492179683475,-0.9987853115497254,1.4892106124100428,-0.9940185720705694
1100,200,-0.6417710323080201,-1.322035677887498,-1.3246382220240345,1.513524585541063,-1.2739332757240291,0.4778788415320137,-1.3258164611661125,0.48501426513853985,-1.0294492950182272,-0.9757435266798741,-0.9438192876967595,0.08542748183048507,-0.9676842306317088
1100,300,-1.606685387619817,-1.6740587479830276,-0.8264350253171235,1.2517550179645471,-0.8928590052762674,-0.30342987765971463,-1.494849803900122,1.353942815483638,-0.8574383123007788,-0.551285098509802,-1.5141288914217772,1.0040640641185707,-0.9915759714127098
1100,400,-1.0127174865297726,-0.5645189587572077,-0.2942822044547896,1.482039765171217,-1.1707300971052261,-0.8538078043630998,-0.9889476976343741,-0.06372954818801632,-0.10437010559240666,-0.2731956802970572,-0.7554468882594666,0.2883808108238497,-0.70497847890203
1100,500,0.3208673939386052,0.6598068880709432,-0.49768881192907677,1.2621571149892827,-0.22739029931658813,-0.1489094276241962,-0.21893984053991325,-0.6988298014566025,-0.40502037681347475,-0.5766819363041127,0.5016138678524417,0.13746043216046508,0.15771425001319211
1100,600,0.6825600528578897,0.8966940421751305,-0.6821306956850883,1.4112285481097444,-0.6609962766442059,-0.06311604202125387,0.9620448708195734,-0.9856455847892628,0.18660952584977927,0.07471307448153536,1.4057175413686782,0.16280060845213662,0.22703519949126705
1100,700,0.3399445523351903,0.8440910083676776,0.1325185231462143,1.0405768318114674,0.7322131757553636,0.11878818968057217,-0.25528297164700703,-0.6533780470339116,-0.24441717798191373,1.2332080698148427,0.1071392199344271,0.051894524371516884,0.271085167610655
1100,800,1.1806781221056064,1.329308184158981,1.0521352642594606,0.8172851278598244,0.8342216486835015,-0.654394611425396,1.2860216116370857,-1.0048288455242969,0.4100941432967693,1.258202257701233,0.892077285025562,1.1149011741548356,0.21462405930410192
1100,900,0.7747629896097051,1.5316262748701215,-0.4216490943932294,1.0575960257949935,0.9631492663696439,-0.7184139602693763,1.0546701121132553,-0.5809935883221164,1.1488589396752622,1.2034836863302365,0.6834312431797529,0.5511409579851906,0.9482737176899086
1100,1000,0.9628882544001794,0.8365650773922207,0.22025666794298426,-0.3522392995184373,0.9253980690512056,-1.2927472967304465,0.5205940285224584,-0.8603478872788457,1.5495979825704453,1.799057120189629,0.9812215774714396,-0.29338136637475803,0.431269575146133
1100,1100,0.9609033878189384,1.4509808647911033,0.06976866714758788,-0.2295964695537727,1.0862045117659909,-1.7188250653925512,0.8470424647969917,-0.19532092701151624,1.4785448400078647,0.9694360131686968,0.8147648012089422,-0.13877806641938523,0.46755776542051247
1100,1200,0.3132898042610474,1.5998395963632353,0.4336252282059472,-1.2636677649521046,1.1346946403970177,-1.1891133747071294,0.38118212053752,-0.8721334679446406,1.1291030049114028,0.34231536276153773,0.7027828196975174,-0.536570943493001,-0.01961770637305274
1100,1300,1.3297252724881405,0.8028552153637313,0.8717517917436508,0.2607366438472046,0.3198805291416909,-0.8192840495620985,0.273729034439578,-0.7864576673029083,1.045093450657581,1.2276933864152437,0.6664005726434149,-0.8015103442493279,0.2002679609985832
1100,1400,0.33290161907461463,0.592872224019438,0.5779235697249415,0.6563365143645972,-0.06850378825999914,-1.0796060828901726,1.062439411551006,1.1443933795264207,1.0311657480723981,1.3845848099014892,0.03217915241787851,-0.7487631387993362,0.09828983434382721
1100,1500,0.5313115352134119,0.33339805337430717,-0.7574390131800199,0.6485546063105998,0.13652480586110471,-0.5858422262563671,-0.6202528872306863,-1.1524777846486027,0.6274190306458874,0.05886239324083761,-0.0685236082662097,-0.1698198762253457,-0.48781432750577286
1100,1600,-0.8948973133501512,0.09990069801991856,-0.4930435166901639,0.47947678091243934,-0.017670542543455504,-0.48437941660456996,-0.7144877974771068,-0.5185138323359951,0.8007385573164346,-0.0013381412489634054,-0.9090883432080727,0.4805812333403348,-1.1971685604884927
1100,1700,-1.2840194386354864,-0.3950932799936785,-0.2268787874180836,-0.16307291265826324,-0.34165251739675756,0.6835473753948288,-0.8084895591235451,0.5426975646670316,-0.20536087692052413,0.7808285194059976,-0.9669369447066694,0.9132428437286938,-0.6119601073350667
1100,1800,-0.16580659418095992,-0.6286647242960173,-0.10426493519255327,0.15485271721634467,-0.18688270386014086,0.8450031433807191,-0.674095368183108,0.6419715983567252,-0.5782324193994471,-0.5305022400469459,-0.26903799546293133,0.15325068334219907,-1.4572165517891258
1100,1900,0.18118470871025263,-0.7462570827941274,-0.2215152835444591,-0.26413504567977547,0.01706553460245753,-0.25204604648866774,-0.18930684519565866,1.127471611744135,-0.6363078799661299,-1.0519235718754805,-0.912907989599889,-0.2075348713087842,-1.496139319957286
1100,2000,-0.4984316979816188,-0.04863294158220577,-0.4544664630708266,-0.3166963883805769,-0.4912518090243837,-0.33056920663119593,-1.7365003031038968,0.17126141314701226,-0.33064848147718695,-0.8011810849222205,-1.0443905883155569,0.04416171258448205,-1.4157949235904792
1100,2100,-0.6892581349801807,-0.9651498329182042,-0.6120371824326735,-0.21252597092376435,0.14429317924134982,0.8316616061652032,-0.8577071791115619,-0.06178086390175863,-0.8554700387351843,-1.0659418700173522,-0.36421806665041406,1.238695432932978,-0.5198303232765754
1100,2200,-0.19575866110622406,-0.26626500657780305,-1.063050901906897,0.14376723230306382,0.08481962588336096,0.9377248610256415,0.15672219780012925,-0.7244295222165184,-0.3238524091449709,-1.6536693419064439,-0.8499979494310039,0.3719873105821528,-0.7344566463262518
1100,2300,-1.0170597567834925,-0.3141083035073822,-0.7981685938680186,0.41700482747915435,0.11791522864989476,0.30726026633664544,-0.2241633571916086,-1.4278330955750747,-0.49149442799139764,-1.0719591336165748,-0.09861635631699572,0.33853137636698694,-0.8777699561012955
1100,2400,0.693248572379143,1.202429773353967,0.0617994277468107,-0.08810926103601982,0.8410719603713402,0.6543098807294464,-0.36341536804070074,-1.0402122346169225,0.19784626708002523,-0.3098532778224452,0.47862153400465146,-0.2201760745588203,0.5701886256911115
1100,2500,0.33607024775176125,1.5207266390853724,-0.22006483802632595,0.9758998539836083,1.0587974361476735,-0.1216992319322273,1.1829344422111325,-0.7766819808910697,1.197257464378637,-1.2053614451509458,0.9102033070812845,-0.76242940974401,-0.9495938743179274
1100,2600,0.0027783136315495554,1.0210685501176822,-0.30342845465969076,0.9203751818338416,1.8082343577685405,-0.6190559973644214,0.6385189156492886,-1.1410035903057927,0.3620848635979906,-0.4542203493315069,1.3490194561606799,-0.4728889634856062,-0.35272559688026855
1100,2700,0.9270383433309378,1.145664932004372,-0.6615948578406279,0.451007152170137,0.724062337157866,-0.7264151555106516,1.450570548165533,-0.6359846615348891,1.4170897160052058,-0.9550120291592725,1.263328482179331,-0.9493940913975223,0.354581268747887
1100,2800,0.7521882222336151,0.15943936368359798,-0.4157654159086043,0.047850872629345016,0.47497148870670186,-1.4041991542872678,1.0600627593247371,-0.11745099547892816,1.015339706212456,-0.35661177927368853,0.6814804275645946,-1.0889309367210398,-0.3432921774584573
1100,2900,-0.23146629384160203,-0.9104399752634851,1.5580979717888042,1.1933433842781687,-0.35055010811175424,-0.08971401755622953,-0.11240438093999466,0.01813811001644517,0.015381927994649615,-0.14881201403311448,-0.06637435868497372,-1.1325964304718672,-0.3022694055537563
1100,3000,-0.3859007115996371,-0.26013497110511324,0.2645509652896094,0.6899342568834275,-0.25712836856092947,-0.16970811041482511,0.6717446677131113,0.43732380556119366,0.8422759420676997,0.14520474501724107,-0.15296339188369076,-0.5121322336960862,0.530237836417049
1100,3100,0.050268783833978745,0.37407038396292974,0.612981362811596,-0.49948427681479846,-0.30913621426956883,0.351696074292085,-0.2508365260815914,-0.8704016301946742,0.28187086172038744,-0.5338482143727474,-0.48070551645567045,-0.901861185651389,-0.2329881890801486
1100,3200,0.16779394954218596,-0.3538870840057593,0.5156847138866393,-0.7061416209163119,-0.466761424021183,-0.6871911478451352,0.5647785355466975,-0.8221816534306167,1.1715113947678553,0.3848552964779748,0.7505138566596629,-0.2417288224080791,-0.4587098242951522
1100,3300,0.9304034676486918,0.1790516630415506,1.366416605876581,-0.13840404874629786,0.21347932807006198,-0.8103535868394586,0.8284844949604854,-0.3921961680030001,0.8636468808217842,0.8028000253973566,0.570020873821436,-0.7929401106774338,0.009333194967917673
1100,3400,0.27795343681755774,0.1487300273498847,0.5549601063973421,-0.806704744560024,0.19772708157099125,-0.4952564191415034,0.3569010134303999,-0.2620211809181604,0.9772771679242201,1.5041593973624616,0.7943128726185376,-0.33326837380628166,0.08957930496005136
1100,3500,0.30789750176821806,0.06243140750490696,0.6003698074288885,-0.6688766356094432,0.5999563970014771,-1.123412134699185,0.6194278966266329,-0.6674558182289073,1.010751995119504,1.3153999291690486,0.8783164979240217,-0.6196295830555694,0.18039516319810864
1100,3600,0.5325177144095857,-0.3333229377843572,-0.21129893014253517,-1.0168374031967626,0.19235584726436858,-0.36684997801286306,0.6150868587750328,-0.21831100749346105,1.199818348830706,0.012109808963988286,0.8724032394694401,-0.6269114793223859,0.6142845159629858
1100,3700,0.7659012749495391,-0.2109868915863271,0.4181485457231409,-1.3656999348463188,0.08899233782911269,-0.18186376012833938,0.72123199851589,-0.5813921403629199,0.5593315410756505,-0.6583590670386155,0.2027548400049081,-0.8993785124053568,0.7407912574849835
1100,3800,0.29979838034213563,-0.1846240368478483,-0.13868288222922864,-1.2739295550602328,-0.18124673363559685,-0.6637826097901708,0.028923956807402347,-0.86255101478873,0.20403995581588102,0.3990879105894529,1.055353315665693,0.22440513684924798,0.9912467675062013
1100,3900,0.659184461731741,-0.20183687637385883,0.7616052931652743,-1.7498217486337675,-0.6872518216835444,-0.5840501087949647,0.48641566869601766,-1.1887748141285381,-0.31634750627520497,-0.33740117712371553,0.431079356213705,-0.9702536441180749,0.3211238708125262
1100,4000,0.8745616699404233,0.22800343154239158,-0.25313345853481073,-1.2848403374226758,-0.6195025985262691,0.09076535238608867,0.2234450736040293,-0.7137917896869166,1.2621714842848495,-0.9574086605715579,0.22438468662090486,-0.13132910753819424,-0.30261297787905744
1100,4100,0.20846582159132623,-0.5943339271079051,0.6300582671808269,-1.1686288328712373,0.21144945964939374,0.18664721780897484,-0.502336630535467,-0.26446821160300027,-0.11475503149939419,0.7714893160144409,0.25540622616489134,0.6708306113622422,-0.4831617244232184
1100,4200,0.646741513221396,0.21599631669329325,0.5659369851924815,-1.2492570666538518,0.9838274700438746,0.28484460683991797,-0.014442797266659752,-1.2049726065939539,0.47430915106766863,1.601284264415854,0.8339240258281094,-0.11337975230637892,-0.47728301118798383
1100,4300,-0.21258243413401454,0.64950961689684,0.256949577658996,-0.5989233195762014,0.7208737628907784,0.18784449865165198,0.8021221180800666,0.14957802587345212,0.08009855229199159,1.03573773797455,-0.05472481446080399,-0.5204642056487204,0.0917744314355349
1100,4400,1.1305309879003356,0.8726878841837798,-0.255366050671443,-0.8581447805583563,1.3270079148693399,0.987529302586779,0.37895847558308365,-1.111992810738702,-0.7155532227257712,1.0172303907699292,1.094603857481672,0.7199165466375805,-0.029345737938879558
1100,4500,0.34027720354444563,0.5406287764754066,0.13030039415085928,0.16468206531738028,0.9728847101254194,0.11509125466081321,-0.6512115562838916,-1.150508360855919,0.31832043970973906,0.9386024886231811,-0.007245758958291228,0.13624430804326648,-0.29118049827121995
1100,4600,0.8323216213823168,0.6324240995838271,1.394053881653727,-0.0351094897393779,1.2363358581998394,0.24776806028661524,1.52390878975426,-0.2855355018044446,-0.5370318564379976,1.0174914395385648,0.8338405784338414,-0.024719748589668994,1.0605645909328936
1100,4700,1.3035023516574542,0.26256232657326906,1.2320727624921841,0.48700137524407366,0.8637121635436831,0.056601018531435655,0.9056835614732895,-0.9049864102979521,-0.166866771170518,1.00962323034747,1.2675852941175845,-0.802228865169166,1.3272375625006545
1100,4800,0.5154944837824735,-0.0813099777023434,-0.8305887705463157,0.7897503030111234,1.228793430379157,-0.05073792493515626,0.3932384334433521,-0.5615036285552208,-0.7271521117082659,0.9001468921549727,0.4254929385227693,-0.08846181515737414,0.9714624404500942
1100,4900,0.8053745340152569,-0.8979423637239343,-0.2251219428657382,0.7568765299337291,1.7712582312649914,-0.27645273220457445,0.687093447486613,-0.8934811116666855,-0.3490923171340523,0.024871049345960766,0.15655977661465525,-0.2732718887693631,1.2258033640436878
1100,5000,1.08082467133234,0.3925950651870856,0.20549211933856998,1.1415034392150234,1.1397378050236229,-0.11346213436241402,1.038828705803951,-1.075732047217132,-0.4772591759223339,0.045039129035721784,0.4856181727961214,0.6742842375232265,1.001476013199997
1100,5100,-0.055411246928217,-0.7634268850042202,-0.00033804178772475383,0.9455767933137494,-0.06300078103383754,-0.39477618008809934,0.41914224996933613,0.2732096478720882,-1.2035798993729074,-0.1865198869067677,0.044037610428784006,1.180610659100146,0.8505199467100361
1100,5200,-0.5780359124424612,-0.867603351392015,-1.575128579930903,0.24132330441454222,0.5839658798894127,0.15413293307131512,-0.37838575426100574,0.4352161468036748,-1.5722101061276181,-0.12926565682809524,-1.0716608896097057,0.9389906637012301,-0.04008518480963394
1100,5300,-0.7040080140138267,-1.180284338503817,-0.5392000490853719,0.671984286015239,-0.5099414325161649,1.0256532988664198,-0.5555903442500532,0.7962708519376491,-0.7887148745375523,1.061939135932344,-0.92234777642764,0.19677529478859773,-0.8623838389837416
1100,5400,-1.1682999124669557,-1.1271040844031617,-1.576797605085442,0.3227134486142426,-0.263690704062096,0.10257410624944904,-0.9646124234373282,-0.35779316590258287,-0.8988662441825299,0.10304005392717726,-1.4226348546132643,0.7684618079029734,-1.0212912756363757
1100,5500,-1.2028855390081228,-0.9126085212261272,-1.0350088779415632,0.7166067492685282,-0.832417490627042,0.5499902628673141,-1.034092031850758,0.4853271425815672,-0.8229998118201646,0.4982375747740209,-1.1381848169907363,2.10940665043957,-1.4376754622664862
1100,5600,-1.2013653683180907,-1.114853510299811,-0.6815219046527232,-0.13323460467676712,-0.6134894197189307,0.771705687235654,-0.7318476467152083,1.1442770055083273,-1.1315736332799124,0.2266790916219155,-1.5270390809328753,0.6754093301146494,-1.4848853700928726
1100,5700,-0.14963460284284125,-0.33995217170765335,-0.563610107931889,-0.7232650612663015,-0.6456153909810531,0.06407969639279466,-1.0380028144369553,0.2980174837009816,-1.3109266716976897,-0.326238272819961,-1.825161624117047,1.0122215142246653,-1.1293372811035385
1100,5800,0.06244761819444112,-0.1459794147690947,-0.3309255229286685,0.31388109239797607,-0.46349304968012384,0.13574366655805767,-0.2788758929310881,0.27228497742534474,-0.6944088564204368,-0.8189052676229767,-0.9963325642698553,1.0564673206268116,-1.3908210466708772
1100,5900,0.5048215997327106,0.44270626738882757,-0.4226244220941724,0.22259872841698772,0.4038241382913119,-0.697846056680682,0.652429704295809,-0.21465891707397777,-0.18226847287994188,-1.0697476387804639,0.857733103146169,1.4252939024944324,-0.43053273571206896
1100,6000,-0.11759269178664912,0.5911535560950565,-0.07726392397695457,0.9400561791085452,0.011956027776426776,-1.3169495402378708,-0.2955798398336535,-0.10432148107054338,0.7868155341227808,-0.3010092618370611,-0.16425971800306738,1.2479993937449223,0.3256541233749875
1100,6100,-0.5758647988015044,0.6435003131969497,-0.7624744750979964,-0.17751378524662345,-0.6146507683767803,-0.8261480281710311,-0.29690277163032813,-0.009289263874844677,-0.04379654116579204,-0.41519844309156817,-0.4498914371774148,1.1303119930759153,0.4126106321685751
1100,6200,-1.0954940001233289,-0.5995446368997086,-1.0523904519032055,-0.3308876952475201,-0.8609187031308028,-0.05441320500737084,-0.7071328428356125,-0.1715418746176764,-0.2853050862301287,-0.8402174616279372,-0.7609583041206162,1.6199923596637311,-0.2834923740820575
1100,6300,-0.9295433097331143,-0.2570608934209585,-1.003130549553808,-0.250362254968107,-1.1871289104039309,-0.21689138714314485,-1.0111563382412834,0.8672071765924534,-0.7095912242103082,0.0088016128891068,-0.20021729786494688,1.4646742570518712,-0.6163503997442227
1100,6400,0.18800317618528392,1.0600018616813478,-0.5517483512390038,-0.9856161173356917,-0.6409204905936451,0.16622251105150046,0.3662685527810903,0.8754849293846375,-0.5723528635323076,0.9664732922432899,0.6800716408511057,1.0413526355369416,-0.6188869298777443
1100,6500,0.06014349830252104,-0.30487218548097583,-0.9724095232942315,-1.5189658597997695,-0.7706963712049044,0.029543118714408283,-0.6210958509016243,0.30174302257850716,0.45133375575310297,1.3020448986761788,-0.467452143587336,0.5919963710366454,-0.6458435409673833
1100,6600,-0.4228246788744887,-0.08203178464129997,-0.45219079110906774,-0.8136982800434442,-1.288664472953417,0.7833616455337994,-0.5907087243308249,0.32683819018491284,0.06662907357661342,0.701173920919983,0.12985353057891194,0.9424561873967067,-0.11213957201973918
1100,6700,-0.6358211228052922,0.6067804694126253,-0.27595309250202177,-1.0336674696167973,-0.8191994030856374,0.14915011438226583,-0.16152094137452433,0.20534858763837022,0.16331663264168902,1.0231227257197735,-0.4266189981238917,-0.4441509051597887,-0.5353272659096764
1100,6800,1.3018578050161507,0.3107270247767702,-0.7471023572333596,-0.9213196935769473,-0.392217063987551,0.1277195672089409,0.48275786885642996,-0.3500639280326843,0.40884894671671784,1.184043853602055,0.3470624726358784,1.6566698867166836,-0.033196412848205716
1100,6900,1.0179375901486762,0.9466657789624309,-0.9031496800516289,-0.6328489701102201,-0.24000101202687282,0.05407615503275838,1.320955921442959,-1.0258942004218983,-1.0432679200630086,1.792711849779907,0.6756242641913309,0.990074448050762,1.049527712639518
1100,7000,1.425023981312898,-0.3137894416564084,-0.1885012313018197,-0.7713812538079591,-1.2324365121995564,-0.10064843725104267,0.763941570578855,-0.15289833020566282,-1.0591991523729833,2.4164513417510958,-0.0925814920604866,0.9965851546345186,0.760840430547241
1100,7100,0.34139776479772327,-0.6900024553295365,0.5884891276241934,-0.5651191895898372,-0.3768630506979673,0.3514032422746107,1.0317001821959124,-0.00804082518159644,-1.083800268146091,0.9794880531871325,0.17058871453971228,2.287436853367682,0.11963310960572314
1100,7200,-0.520909310927205,1.0616342406370451,0.0915332810627881,0.4737018884240186,-0.7038796556683398,0.09568805162648027,-0.23129656698156809,-0.40267874623589767,-0.6455171138627219,0.6357750098848618,-0.3934183680280537,0.9812474116002037,-0.7649077137987661
1100,7300,-0.14300943699140797,0.7214932432026648,0.5179358135662888,0.1306143321705609,-0.5348883201823003,-0.6765333854061693,-0.5046622971150041,0.29748265154278297,0.32765553018137744,0.5054582474838354,0.32540145359052913,0.8251296950732695,0.2894511302708344
1100,7400,1.3800758064270249,1.3286922593508252,0.16968481283758777,0.170954203832023,0.26946822117191205,-0.9095704710902374,1.175631968591871,-0.5094394175428627,-0.32841388382103864,1.013613146819579,1.5274416513696356,0.09062282858063563,0.8858108976716411
1100,7500,1.4370361702371517,1.2251447002519105,0.3693209803441284,0.9858097636311961,1.0199052432262663,-0.7996752168214823,1.9549240444727314,-0.5009236062520792,-0.3373703741977287,0.21773665286729718,1.529150222705951,-1.110673406045832,0.5173718456019636
1100,7600,1.4014186171921041,1.5113375644070401,-0.7407621273252624,1.885410716794392,1.2105129525695761,-0.6844223291190089,1.9505966098107432,-0.8096938585165225,0.18792083456037878,0.5337262089258579,1.7065590117295524,-0.8254693253858072,0.4362718292411883
1100,7700,-0.12420790490865576,0.10067359451818297,-0.04215600071319443,0.02454549660533242,1.1057609153193175,-0.6891424631085042,0.5073448724721102,-0.27429808256724564,0.5238169814589654,1.137699383144727,1.0596276456584768,-0.8002189006355421,0.4941181076973225
1100,7800,1.4828333665273934,0.42135161574828817,-0.17937867104829375,-0.47411404289059456,1.5118717306846126,-0.7456402960745374,0.6077483626295364,-0.595440006879295,0.6056423133941637,1.4293146094264053,0.6845872403337973,-0.4672594196383879,-0.4308052024686812
1100,7900,0.5868741774110844,0.56015611048134,1.5009493533380331,-1.1239415398342307,1.4620234578524576,-0.8696135838280934,1.0664007770731605,-1.1083575290589982,0.9899835075557364,1.6306368500450374,1.4143040429928349,-0.49803531465383855,0.704412598378583
1100,8000,1.3862253437199838,1.223756673976666,1.281997966270543,-1.0369503252070338,1.186970681055363,-0.11758554329063263,1.8129488689415243,-1.1229406760358995,1.1424307881210978,0.40273709740167984,1.4584734873536078,-1.2644604923426719,-0.7163203354395943
1100,8100,1.1288988178585304,1.1033675412074098,1.15202339194049,-1.813419980141122,1.2165251621536328,-0.5160395905223263,1.5430154838661152,-1.54784369630374,1.7548329207249131,0.7601909934353878,1.7023807508292088,-1.2738944926870979,1.127942430895773
1100,8200,1.8032789972253704,1.8643427594774549,1.4002571920315232,-2.0418295940732945,1.5970196951000466,-0.45009540363244843,1.9532189576124008,-1.3304109306368184,1.6663049443727378,0.6311779084557064,1.8533453706054503,-1.6978512022239642,1.1761332614705255
1100,8300,1.7549537916417142,1.5552214933400355,0.8821383114211738,-1.3066026557501116,1.7246643843992784,-1.8793335342258803,0.9022443833768022,-1.7463277530751384,1.3789790635961292,0.35887949071246017,1.9539348866055475,-1.2330037666463722,1.8593282369831188
1100,8400,2.012922518346565,1.3492787991894006,1.6307988283741397,-1.174766423674946,1.5141452521764298,-0.4614472771232416,1.5654597506361252,-1.3090008081479516,1.8226125313903865,0.1715850442293973,1.7610740606663569,-1.7711182808693378,1.7041986502445483
1100,8500,1.4528615572744719,1.7023827928736655,2.3117196892350824,-1.4404553968698048,1.5332694488859482,-1.9699108717298581,1.3016148603555158,-1.8695321430275462,1.1891585809965182,0.7918282647878384,1.61291638073538,-1.5186430538224454,1.7784344423007783
1100,8600,1.7910232504184906,1.2624294014997897,2.358025631649895,-1.610546525087005,1.6515876878856655,-1.3581090241248943,2.0894481992778347,-1.724087549225209,1.3185001964262386,0.8699695419005112,2.0957693911462005,-1.9005095949793336,2.0667423267714766
1100,8700,1.7535437896190902,2.097481004329733,1.5411664514037262,-1.188473670976303,1.7415581970354566,-1.4824243270987305,1.9438220375672128,-1.867017866991828,1.8782183601916898,0.511475854597361,1.6976355542003827,-1.3562100338279075,1.7785296877016816
1100,8800,2.097787383177269,1.146593876409411,2.0700999967659905,-1.133784629164663,1.3742507557452779,-1.70808198451638,1.6087373149200048,-1.6753573676490596,1.2514988772904072,0.9206951812370612,1.30317697617982,-1.4662113065292708,1.5976633182542148
1100,8900,1.9795127122027372,1.9404614210736622,1.8354962944773714,-1.0008288047830056,1.8449272495337996,-1.5811257442769353,1.3877263515970784,-1.5931639879751356,0.9197847870247563,1.262902180879911,1.8092187320804762,-1.9087390972574265,1.32051431071379
1100,9000,1.5568597647454563,2.0656171438859787,1.7974111061506375,-1.3871699563604234,0.9764903279952203,-1.018226707639366,1.9183204028949226,-1.2982659238970864,0.5036802235605243,0.39888256137113254,1.9662914812623224,-1.0566104179634626,1.2470203875321975
1100,9100,1.310764989575544,1.2240848681196919,1.7264650262740713,-1.192797366613344,1.572481228364847,0.3383698489973584,1.5673576497817734,-1.3057902772934704,-0.06245161542191306,1.2953047275316554,1.3603889390000927,-1.2811318163144414,1.161620044386358
1100,9200,1.109304884118992,2.2363540381991807,0.8555304940909376,-0.8115703411048442,1.4546372779908834,-0.3552589800919912,1.2442871348014803,-0.9931643617515753,-0.14699765201972864,0.20351131135511003,1.0354363458116103,-0.3757789003549033,1.2397126176673667
1100,9300,0.986415174323017,0.8256231873317134,1.670330032876365,-1.3107551781884992,0.8519303872036655,-0.5792559870249587,0.8246973579746725,-1.229524146123045,-1.5078676531777193,1.6753615397914732,0.6522662336514269,-0.78825455924735,0.6410346481445336
1100,9400,0.26897451759461355,-0.560021546909168,0.6020255639979857,-1.6748505102619988,0.28464045860685006,0.7631932814633106,0.8262235079142052,0.2285603416138127,-0.7375926079122775,0.6204343243108998,0.6708044355384273,0.2498919828821867,0.6342551298578667
1100,9500,-0.502555371266154,-0.3670271477423262,-0.17564292253277938,-0.6874398840710547,-0.936103215238072,1.1518372184822945,0.22360068348500522,1.0331722102361307,-0.4784434882532462,0.11536108361489447,-0.2391398589545913,0.15377507915019226,-0.6940529032322214
1100,9600,-1.1590801898548202,-0.5532877177830169,0.3632385639783734,0.9651965808298367,-0.33494156110549717,0.7101909726400922,-0.9832607264277553,1.6853833465714012,-0.6179675558440636,-0.24994642745006296,-1.695762365931636,0.683093658377361,-0.017475795072975916
1100,9700,-1.2739117025889364,-0.8982344848260821,-0.24325700374784248,-0.21810880905987254,-0.7311926487974806,0.8630301476722951,-0.680338814750598,0.899449133741998,-0.9203894546477112,-1.4391478628755414,-1.6947936651211477,1.2568938384003556,-0.7200302115253904
1100,9800,-0.5096493949453198,-0.47110767774210444,-1.4519412928453672,0.2942796425205691,-0.501299353820958,0.22748416991967954,-1.0757389165911273,1.2936537563236348,-1.708602531125393,-1.5232162799636135,-0.9803572712863831,1.4132567696017453,-0.7632064784023227
1100,9900,-0.10779770291452719,-1.5934291157845497,-0.411868381560877,0.5764646086235811,-0.6811118966201835,1.224746191027485,-0.12367434821913129,0.6921918319581907,-1.3312337183171432,-1.464521796186152,-0.6422808757239151,1.0746721761950488,-0.6725576439358959
1200,0,-0.9003748159314254,-1.268005282697241,-1.3161955480263552,1.7334305760531972,-0.949066624260527,1.6440180538660039,-1.1996032815065147,0.406408326988409,-0.9127014546709625,-1.168740513904278,-0.9598671749298985,1.1722171562060522,-0.6981715901282213
1200,100,-0.982722976078173,-1.1339353942914423,-1.4980469962379646,1.4814930621045304,-1.9023981528019065,1.5387955967390947,-1.8548272217835884,1.035372306148535,-1.0879265336812007,-1.1321383345550182,-1.5168206481437405,1.1881865880398512,-1.0847976121313232
1200,200,-1.6287802877822652,-1.3996688968914688,-1.4827867268037551,1.4592502769284743,-1.921398134684294,0.3788854133303499,-1.3324058128987135,1.402152888172161,-0.6839000787120717,-1.4339790059377613,-1.5460468114024966,0.786441103948738,-0.9174852641396277
1200,300,-1.6715808149107836,-1.6643446097252979,-1.1555452863654005,1.7119248569174697,-1.0350328556049428,-0.08858859396387243,-1.6613450286390354,1.8758797044762425,-0.7545515091011956,-0.25238649638803773,-1.65031001375961,0.4158274262456015,-1.250862881418863
1200,400,0.10592612390857083,-0.7792330093838298,-1.0485532831717372,1.3296123127352644,-0.16788385533823155,-0.7033168814971772,-0.505996576544629,-1.587981603190131,-0.7615143411043607,-0.05559066690498596,-0.664627613015795,1.5219899905367924,-0.2950593820653943
1200,500,-0.19158116718662382,-0.8072238236642054,-0.23548973581354665,0.5933934028556598,-0.36287486050896856,-0.34574169387494236,-0.3561746501973237,-1.0174679483266822,-0.408907284487523,-1.1019565940198432,0.43678065944347777,0.23708694192650792,0.28761411721519897
1200,600,1.560766292811112,0.48621297063073954,-0.2622949929251196,1.2416781197309947,0.1364350941992347,-0.6218593917220882,0.29770230386272456,-1.6177386167003762,-0.44481819444950593,1.1738505175763811,1.1188196168403706,1.1336922527393654,1.12882342506077
1200,700,0.722656642345763,1.0752888196905237,-0.3910296595333174,0.4760277585735232,0.22833215102328933,-0.5171025489783937,1.2045010545538286,-1.1428344488816975,-0.9352258113791533,1.4172953935357293,0.8114455772231596,-0.40357276580789425,0.2988079443658803
1200,800,0.6230042097773755,0.8092183802562702,0.3558635451149977,0.30443816452514394,0.42557813206240175,-0.8354996639056245,1.5602532551979154,-0.9431909123924794,0.05224699183668131,0.904440052158242,0.4002758515526996,0.9897877778760634,-0.5528937188734303
1200,900,1.5720729943394778,0.8880620741295521,0.1524421042978415,0.2751501993866412,0.8386657597369942,-0.6235142779857638,0.7336136397828672,-0.4619870811871341,1.5510470715774693,0.9337112062941475,0.8499470495128908,0.9618565126826308,0.6873016596162818
1200,1000,0.9507651660555562,1.0324573385424538,0.008495757974754664,0.7071108339006308,0.7824392524098752,-0.6403002008862887,0.5152481992048527,-0.7928037213555956,1.6614016897761874,0.3871892052535296,0.6722275984355989,-0.41406648984082167,0.47287346190038215
1200,1100,0.9016241258869394,0.7361490029947099,-0.32196171894318504,-0.08500375904770498,0.8117753238682054,-1.335340772639994,0.3712658525374733,-0.058938907130584056,1.6356193105746533,1.1421685532274681,0.679875537433981,-0.5965953527399173,0.43150797321170165
1200,1200,0.5613344277059551,-0.24988261538624812,0.34501729581224244,-0.019178449577569,1.3798331913213038,-1.4826446218375102,0.5841666342775663,-1.0753740489712769,0.9414701384722309,1.1353232490456182,0.5635916702409649,-0.4912481476408774,-0.3040599865001188
1200,1300,0.5366606965905195,0.5020820406287635,0.9049055652928305,0.4819515673953044,0.9911156238229267,-1.1536257948253836,0.3476309152379167,-0.23624092610441225,0.5008238067306876,0.15131827010016066,0.74916949353663,0.014867976235247613,-0.10656891930579213
1200,1400,0.3212833443179681,0.3026738187459227,0.4299566036397661,0.8818695944667276,0.5593688124085889,-0.9189643652849435,0.3078667382759863,0.9032442500210983,0.7452414374097645,0.7043563079322659,0.23638088392383683,-0.4814631189412543,-0.3480094072091165
1200,1500,0.29676022764792637,-0.2216911242719133,-0.914869305486561,0.533141799666978,0.10276127142252342,-0.34800346851649744,-0.4912070498860764,-0.10430153992147116,0.22127629842531144,0.11606477751985794,0.428856838090905,-0.32406678166536856,-0.9311039036280823
1200,1600,-0.47850747935900206,-0.7472439925816374,-1.3805534840429765,0.6555195767803987,-0.06861112704578937,0.08510478009989715,-0.4772944804386118,-0.09137370038322423,-0.24992338964845257,0.33670807526724544,-1.2134832378499836,0.20427077854274156,-0.7256096517177091
1200,1700,-0.6506287067411527,-0.4246204919317126,-0.2044182693398783,0.4452501590879507,-0.6957173859680315,-0.08296479748299632,-0.9140099294637046,0.21693661339344178,-0.1667043510146227,-0.09542241960419356,-1.0456197163495058,0.5427042123114649,-0.6685715362265474
1200,1800,-0.6137301815898161,-0.9762245338846001,-0.6657737317058222,0.21174613878685997,-0.3725006853623889,0.4615579400109134,-0.6018682132982421,0.4074322529941319,-0.7545893738355496,0.27626487773111336,-0.43136093531211905,0.45585670844232234,-1.7276586292284533
1200,1900,-1.0050116987074849,-0.6429694846095172,-1.2442856337430042,-1.142190967762954,-0.6905585086581613,-0.06650956475018306,-1.0342283401878765,0.49895610114475186,0.11587131135468541,-0.1977187336036741,-1.3684653378470018,1.4305581939972438,-1.4412317285678868
1200,2000,-1.1290948515781076,-1.4833271360919524,-0.9010956103625868,-0.2501198970239913,-1.3077119784395024,0.4763514084016771,-1.0544795027972644,0.4387564854893646,-0.4039174781565109,-1.2804370558959361,-1.1164349132441722,-0.413129779910808,-1.3349445224242942
1200,2100,-0.3314790887918976,-1.0867439965493142,-0.8606834285275282,-0.2423355390914687,-0.9068783061838227,0.1801097450807404,-0.8724622887998104,-0.8975710011346718,-0.6208131292672411,-1.480892030838509,-1.3120752336561259,0.3767050854514778,-0.9336291667457908
1200,2200,-0.9506927006170844,-1.1192920851264094,-0.25016481775370697,0.5913670143718398,-0.42156129961800687,0.9997832682348424,-0.26197338178054946,-0.7369122369934705,-0.1308742149471171,-1.0302399113373037,-0.5474321297015089,0.6884861927265574,-1.018282896806455
1200,2300,-0.3325194012494717,0.47646548406405415,-1.182050226768408,0.20872342620928389,0.13900019782651762,0.49744393725118613,-0.5624233632379729,-1.1151650734278264,-0.5230462296130002,-0.7846540118601141,-0.19238277146461888,0.09927213671003343,-0.9837947430263362
1200,2400,0.4151071793020062,0.44176128311105944,0.050583585111182945,1.2948859126598977,1.1163980590598486,-0.028917164363168067,0.3718168754777224,-1.482691800870804,0.9424992710178474,0.06524402723257208,0.15882235600572614,-0.5229044650364506,-0.1538242296256345
1200,2500,1.5367131366979512,1.209147000914852,-0.5807606151020765,0.5080378760270986,0.8138025973947034,-0.32800368932885393,0.5331082776764509,-1.1257556562088986,1.1343317275972442,-0.7514431815144046,0.6498794667651878,-0.24036530681379537,-0.6485529185012321
1200,2600,1.0768368367472878,0.752173911241105,-0.1853154453868075,0.12430110588573319,1.0102010362733211,-0.777066508907846,1.1254697088571057,-1.1036601983086303,1.4155682511181444,-0.1596951421324344,1.2909539951306304,-0.564662819270356,0.42961051426188795
1200,2700,1.088111896274829,0.9871046754604924,0.44289546505795585,0.17155249634169847,0.6028012552140086,-1.0828434201828963,1.0072773916612014,-0.6059827449082074,1.7467378506372733,-0.22077190677909977,0.9392608339123154,-1.4094654740102468,0.08882669380456971
1200,2800,0.8213028980079714,-0.11840850327329398,0.2627184202059546,0.6481219242540813,0.913954172147095,-0.8044915995437576,0.9714160151084825,-0.7795265418460627,0.95486595953643,-0.26230724663852195,1.1462745726638606,-0.8308365850267875,0.32564129407172815
1200,2900,0.31709933126489437,0.09640855239147483,0.8827902411218798,0.2489919926006625,-0.8360845253004223,-1.04366649912037,0.19997515989596565,0.2864844499920344,0.4294065899700049,-0.6976781948034739,-0.34114274566332753,-0.9573977580403524,-0.21447159626054846
1200,3000,-0.49371794310009415,-0.5614552825363205,0.4384664748053449,-0.5517730337667494,-0.38994079854720815,-1.2485856350225675,-0.3608531860823151,0.5994416569873355,0.4933918755853076,0.29288834531546587,-0.09658649863413805,-0.7681763006390694,0.5911209000965705
1200,3100,0.46717650926317095,-0.1978316975894297,1.1240362390265182,-0.6494799279414499,-0.19204641747246473,-0.28597458797490893,0.026382950102948513,0.7731155919923697,-0.26306969931190627,0.34496601885247724,-0.05589530461268326,-0.8448321649023597,-0.5633434377643622
1200,3200,0.328153229173635,0.18450815464695636,0.7670922504938561,-0.9678654916392465,-0.086420389770179,-0.36618929857976096,0.4842561483836141,-0.8987146762318885,0.6888262377798312,0.48513173696038414,0.7861606113148603,-0.9610791343145625,0.5733148168066906
1200,3300,0.6815220922824262,-0.5652802529796233,0.26339570260810385,-0.3990013141316284,0.4135222549820331,-0.2613783610748736,0.7310900324121871,0.1991676311640672,0.803405804504045,1.4686332236794906,0.2884214464660857,-1.4643320020841801,-0.44127699280728155
1200,3400,0.062340273482222416,0.473024846405204,0.6008034053389791,-0.6016227890259854,0.23896873041916972,-1.4948452473818945,0.6527105495853104,0.24218433116911045,1.0786708083291536,1.7851330145165965,-0.14981710295117973,-1.2600903485582036,-0.753366198498332
1200,3500,0.691087117599437,0.8407606869096681,1.0416025115003897,-1.1296405434448453,0.8760681914183587,-1.1762052019948412,1.0390262071331844,-0.9122212082285435,1.2708679579523492,0.5653283512929762,0.34093447760147727,-1.1618415651381344,1.258179907832422
1200,3600,1.339360242586081,-0.33655141391857535,-0.4515146870297673,0.15198319759601228,0.39280979266989546,-0.8361710215448878,1.387298767869258,-0.32395635329265826,1.423793558917793,0.10410352883323647,1.9390462716171262,0.013692393526224787,1.427092904969467
1200,3700,-0.42485842198123386,-0.7965597736695219,1.2730716111039664,-0.5272986023061202,-0.8253978718402715,-1.2129988041095752,-0.12067804362664578,-0.4927683634107706,1.360387269775869,-0.1222361456711509,0.016673585705431558,-0.12354775025588989,0.16470127848150962
1200,3800,-0.40252696217255657,-0.45109592355457656,0.44490344949364286,-0.5780763741813139,0.11982616851276859,-0.19456830917716267,-0.40889212345295756,-0.7547857616761442,0.6077029977327293,0.31332024709040096,0.32605558458913414,-0.013118507710217506,0.7922578770666345
1200,3900,0.4827875850387114,-0.5018295064511848,1.055798208787804,-1.1226847433702782,-0.09409624254381024,-0.027953386214381856,0.5750543625025326,-0.8678849481493498,0.035105163911666085,0.965259720654964,0.2399020469898147,0.3231571245025427,1.4386545506696142
1200,4000,-0.4604587514604707,0.026166046763014896,0.15194093471821946,-1.335198108570662,-1.0500327068473116,-0.3740134852309716,-0.5076375512462676,0.290680471578284,1.3446400078356224,-0.9018721393147068,-1.0722622409981972,0.030202225813833503,-0.09940012500676171
1200,4100,0.6535074306533818,-0.012409477576718926,-0.022222825801578756,-0.6236092362773568,1.1423564607274452,-0.37584947835539156,0.3974027601260091,-0.8289836026587827,1.4224602641390318,0.7901988400552813,0.2754795065289853,0.6144031334181109,0.17212893959923647
1200,4200,0.5600023385296183,0.6576838258376994,0.6685673122044292,-0.6446873942574045,0.2077066055504637,-0.04385404923951814,-0.07870508774204373,-0.6293215996651583,0.24038468225587029,0.6451649959893209,0.16902072805822066,0.11186959406870561,-0.4971484338743663
1200,4300,-0.006030218065724006,0.6641348958595827,0.9338404127443346,-1.3047107733798133,0.7826391034888627,0.8441990231850268,-0.21976402713686757,-0.6622920717638887,0.8900921060455472,1.3275416115207912,-0.0030729525099034366,-0.824512255526009,0.30594238070681107
1200,4400,0.6568159296014754,-0.6588534412699458,0.06747949581596614,-1.1667368215056293,1.3613392599278606,1.2197627969584464,0.5271787200776404,-0.40875935712646966,0.20080756438879632,1.4350724224426723,0.1684873143224283,-0.4367039149312258,0.08565205121642014
1200,4500,0.24963868925235586,0.5997790366946275,0.4644370096658959,-0.9745422599715088,1.2249328740208083,-0.1354251593922591,0.5515304479381067,-1.5079432008444515,-0.08235506561896647,0.8515845039077078,-0.4944658490072047,-0.13696422287255608,-0.2869577986002768
1200,4600,1.4530233984610028,1.5420199301494257,1.4308282309585427,0.18557674044771913,1.1465593005401853,0.06958930787134801,0.7276710147398961,-0.8078166038313973,0.21949853406328895,0.6032096472827752,1.0391468368364063,-0.6629054794780751,-0.4678696770449101
1200,4700,1.2854406407478167,0.6862315501024197,0.8864556171996993,-0.6190190505412883,1.215892651911448,-0.3965326052134726,1.5128105867828263,-0.8640280571802883,0.6435183967745484,1.2364063296253738,0.7711169968002676,-0.10616965227524976,1.265222139339684
1200,4800,0.596674214412347,0.07693840383169903,0.05511112463466038,1.1845364830791076,1.334016165550223,-0.10744515527612447,0.16568593637043177,-0.33183716290478743,-0.1822592876291108,0.827402486704848,0.24991076018277983,0.039971066916949245,1.039185208448611
1200,4900,0.9941543771459215,-0.2748582528899596,-0.19034153943963897,1.1088026648711833,1.4081619580576012,0.36173865012122713,-0.05386822641579498,-0.5033705164636979,-0.3442343733470691,1.1764459783657446,0.41847865937610507,0.4815347584033994,1.3292994567826744
1200,5000,0.611764876061086,0.23677464749415508,0.5510928543642313,0.6833596575267673,0.7700063423648388,-0.18326893916519496,0.8165583732590113,-1.2643424121144884,-0.614298928598168,1.0006208326158645,0.6162359792382243,-0.1019055644835441,0.553692843901722
1200,5100,0.8368385519984268,-0.0698334702491772,-0.18121519662536031,1.4724422162203796,0.17063008070503877,-0.4116858784566073,0.8044897159955824,-0.14400311305597188,-1.1187161941956325,0.2427537217280278,0.9880904273813906,0.4014114607574636,0.5681768842968903
1200,5200,-1.1809560531652576,-0.06550340976378566,-1.0393310792045944,0.41954596510081316,0.6258838721247802,-0.4996851905282374,-0.812822625901895,0.4251781855699158,-0.9300197016187309,0.35262017329775525,-0.7276692068362621,0.9472610420867223,0.15369216496650784
1200,5300,-0.6429447309522967,-0.8437302323504613,-0.7861677990687544,0.3286199571204464,-0.7012707532261245,0.568233648911086,-0.2728240684756541,0.1778245066939786,-1.523883913084684,0.5412756122663458,-0.5596365940056403,0.12639573636183185,-0.5958435635784544
1200,5400,-0.942061598595997,-0.3564187162444659,-0.9053607740814944,-0.5222429549629054,-0.16404803035052273,0.23711835833289915,-0.5097791368815247,0.00876448521519793,-1.8633904216522095,-0.40405811013130266,-0.5082900779107564,0.1252454028766237,-0.4677293156555776
1200,5500,-1.5060301438903771,0.3745822694803323,-1.2828363025891418,1.3017429073537206,-0.917036831778184,0.5362453749977245,-0.880150571644038,-0.008011922812139586,-1.208898268320901,0.542093982714733,-0.782217199678355,1.541025972452051,-0.5090362345396804
1200,5600,-1.5820268937567783,-1.1295640923505035,-1.4455201999738119,0.2763128914044983,-0.7877245137874127,0.3332809270447825,-1.3132616742370975,0.4831565069001049,-1.2421198832592073,-0.5714490418793272,-1.3419883570402336,0.1928966867000467,-0.9427061495480447
1200,5700,-1.0846415505415348,-0.3684441538635336,-1.2664155360492098,-0.13935479850222365,-0.8577240344008252,0.06688280811471951,-1.2811543314175942,0.13964194127775745,-1.5079938109759095,-1.0522094971667706,-1.2301969805486885,0.4887194572001522,-1.5251807782206903
1200,5800,0.026370927691129392,0.6442482751375131,-0.15598859486242533,-1.2415068950714698,-0.5095866855535094,-0.5217951733915503,0.24621453645875807,0.6213389139527002,-0.13925125542224143,-0.8593992630100878,-0.5911284501569603,0.8271699112582315,-1.0011251725173722
1200,5900,0.6030082157349552,0.6696465239732509,0.2033054055091328,-0.12408154098078747,-0.14344911519833387,-1.5764199532530072,0.8887117477851971,-0.41927687846232103,-0.6139439100489154,0.1540506958159885,1.4018652890572303,0.779982557707826,-0.3395761348794588
1200,6000,0.1101116657177899,1.1102342867963537,-0.11872002657630117,-0.3824307811352126,-0.05766307739061508,-0.6368513031577061,0.4900659443759001,-0.5272656116096006,0.8347907806668077,-0.5470472257429853,-0.12408269614767352,1.3479445236552996,-0.6139611346906441
1200,6100,0.4703883046480735,0.44968952894767505,-0.6231734918007531,-0.6106285346380429,-0.07619552637632326,-0.35128477153813287,0.3286315858892506,-1.1369583450688265,0.015299474480511796,-0.3180946976077393,-0.14064705007014686,1.5767214872252513,0.5794804303638935
1200,6200,-0.6365020397747565,-0.9837201524612786,-0.31643293985370813,-0.17266801401228432,-1.131948634517313,0.9544324290788914,-0.615356216229865,0.24874136237820899,-0.5786228414105365,-0.7022536713047692,-0.3366405056289476,1.2453338366193771,-0.3837476620445624
1200,6300,-0.2340597742163498,-0.4955204550671924,-0.6842211782152959,-0.4327694931507986,-0.40143377251772416,-0.6505459526169333,-0.09523534158618506,0.5819525622925887,0.12333242956017658,-0.36218163533939396,-0.5838239766591286,1.5145379437923376,-0.6090828099272573
1200,6400,0.42760067814335,0.0670852814217717,-1.1227571228397784,-0.6850690187260772,-1.2107893122318374,-0.4960486306445176,0.34889852302349234,1.1025803620591044,-0.7080475626822608,0.9496392066405228,-0.6941858786511197,0.28355405268544676,-0.4701339502832996
1200,6500,-0.48376396693081547,-0.4514716454130123,-0.058427003337293254,-0.9718657782351651,-0.8428086322284565,0.15796698517030655,-0.06489537090818834,-0.2994878448662714,0.33532592937280653,0.881836051769528,-0.5079397101621992,0.5933964151454244,-0.9968203776522225
1200,6600,0.29372065384677354,0.9054341829842184,0.03343342281681808,-0.60251947469338,-0.9314134516123344,0.5039554411858033,0.18313115610093095,1.0512053051088959,0.3249567949094241,1.3446897664488786,-0.24361711036814732,1.1014164736860332,0.6398516942842314
1200,6700,0.429331539804527,1.2918682071956944,-0.8246686302265344,-1.4480215113465549,-1.0887663125707059,-0.47174326529533833,-0.37082568648584285,0.8316763859614057,0.5164530351990022,1.264251012933303,0.8940458927618523,-0.14357043131833364,0.23970159233191057
1200,6800,1.1170547404365256,0.606782894138618,-0.40213959494352136,-0.7176302133487142,-1.0336581108408267,-0.41447982426933594,0.9663470165169668,-0.7372944612888128,0.7411833128767469,1.6852262932443278,0.942762704519122,0.44897421359219014,0.5477607814244533
1200,6900,1.0038434964433938,-0.3688597442655362,-0.16603708357035382,-0.2509016209283641,0.08486448020871548,0.4913764783843327,0.3042079207643609,-0.3547010822599184,-0.5351065797348515,1.265047838848314,0.0958280502799671,0.9985011620922031,0.9565380776503721
1200,7000,0.6403000739070337,-0.312629675721498,0.6217030571116741,-0.5035658565805282,-0.7371805587338475,-0.396375142017571,0.45049683203054747,0.06327753317668526,-0.4841684756431115,0.9678678811601603,0.3392229166860103,0.8911905258146008,0.4821031476410686
1200,7100,0.8083663965497546,-0.25333379444024084,-0.07036452704409821,0.21601225310172548,0.038683884719915504,0.10529332812628973,0.76589850416057,-0.1575386742414638,-0.30018818532385005,1.3540966005732782,0.09318293737300497,1.3714970077049575,0.28779434929016057
1200,7200,0.39612916322679176,0.4772454626129313,0.9775371603176417,-0.3955448646570434,-0.12594422358567353,0.5651735886547723,-0.7361078836866184,-0.6156916277837696,-0.13465943872554734,0.5390718341826027,-0.2766941421972514,1.175574190574646,-0.361980561075435
1200,7300,0.9566299541999977,1.197363539609251,0.6513139236308918,-0.042828651679436044,0.14917050767899423,-0.1648042452432414,0.3957610705069376,0.41857678955862654,-0.20683235713835763,0.5634119400326508,0.4023072121394056,0.37015038517999166,-0.28492902354676
1200,7400,1.336464218769043,1.3338317395360364,0.6753894267397942,-0.16570678637248432,0.0720149796540235,-1.131927676531912,1.279152629511585,-0.9122250024790195,-0.5686015832807394,0.1262782844358124,1.3441741033533847,-0.11739605369938991,0.4984792148790703
1200,7500,1.716507802361003,1.590611351413906,0.31264873320989794,0.26916817263637133,0.8306548766105704,-1.0693021140158836,1.2485733688027154,-1.019515280814256,-0.452895929569112,0.4548385071965108,1.1082628727752493,-1.8159424549523644,0.22932354802026902
1200,7600,0.370237496522873,1.2201727222197196,-1.1793768045877648,1.7755281235389526,1.0580614373593447,-0.7391295636560712,1.1310193407601652,-0.8512170198393767,-0.1717392184377657,0.9146117511302428,1.136640393154472,-0.9356396579699766,-0.31373482784464485
1200,7700,-0.23456273289024507,0.4403936544977947,-0.06822312133605762,0.6340932048497205,0.7981298899082971,-0.7317227095273384,0.9661617332705509,-0.2576131925507914,0.3373938149143597,1.4928627709626985,0.21256001493532775,0.009365034588531022,-0.15878162077172142
1200,7800,0.3535103537358108,0.2924396736785235,-0.5610223622768775,-0.9031755629165681,1.3460722905199622,-0.9666149192059434,1.0894514339278336,0.06774510705890296,1.642650267193731,1.2669888477215274,0.6216032749063404,-0.33781300321546953,-0.5688110062532956
1200,7900,1.0211470549270443,1.3413956409484638,0.7787437791495966,-1.2986911617252734,1.2939198566841081,-0.9873570353674654,0.9702152808652958,-0.6629432531012351,0.8062615235227681,0.4362692576622722,1.031109415307036,-1.0135619466276182,0.02072786549933654
1200,8000,1.4304771418150501,2.09860393288161,1.2781231149490582,-0.22937181731185136,1.8875656604694766,0.087577992751828,1.2796645853429007,-0.23678117260971765,0.9336160115429031,0.06509869584025778,1.9394215951061589,-1.2847371789344861,-0.5851934843496973
1200,8100,1.526652024763333,1.425008101008072,1.4812319119877415,-1.1842574949522051,1.1073766933782052,-1.6533535190883046,2.0192565277163523,-0.9426791484632842,1.3823485815582046,1.1020915925879913,1.1542650287345457,-0.8520050110296055,0.6971308315351472
1200,8200,1.4565434153388177,2.0744286424162546,1.453274547042957,-1.3337936490218663,1.2318683709367428,-0.47684028629409425,2.04355369216557,-1.283210807398848,1.3794572312887214,0.5679781286290484,1.3815063640911587,-1.7502964078760637,1.6227412287221656
1200,8300,2.1806950431232504,1.5101000879446718,2.290941971294216,-1.1927029964411047,1.9389267442964022,-1.762746726435596,2.4904133934892347,-1.4380588999116122,1.5409373588341075,0.752954762664236,1.7623212235783323,-1.5429291492255912,1.836326491480611
1200,8400,1.683153600845641,1.9760432073730272,1.1779946782224042,-1.2593112454891504,1.8611250602499843,-0.5532688201139103,2.002351906939532,-1.422039220521987,1.7686867975859328,0.7126334460705576,1.7542020923624342,-1.2438728396838354,1.5715353881771712
1200,8500,1.4188996784681842,1.7131245961282815,1.862912979866511,-1.8320912769932651,1.4445636669632909,-1.627412966451195,1.356264392750846,-1.564145395054184,1.2986125795044416,0.49114346249013136,1.5949969832276742,-1.9164836167441446,1.1151742079660207
1200,8600,2.0367314822969997,2.2382954843635323,1.3164229880022635,-0.9976095384259578,2.12476121821883,-1.7134529061024022,1.9010537832817658,-1.6770550553388228,2.3125364872675456,1.492155764581542,1.6863535139871122,-1.0480157070093046,1.8196515497823929
1200,8700,2.05077243645978,2.0455663105262025,1.2544095137434166,-1.0527614553534284,1.5917103135143402,-1.6689955583106322,1.811821381668651,-1.2609622326877323,1.701754961844266,1.5994064055447363,2.127264160542657,-2.0917853274645473,2.0781220942907916
1200,8800,1.953942972247111,2.0595102232162676,1.8250790577297915,-0.8081097842760395,0.9640829178009434,-1.452775923808276,1.842473132638562,-1.353399837672465,1.154330908335892,1.366429505870866,1.8089034506128399,-1.5505031810693488,1.6114538903352826
1200,8900,2.0431046224987126,1.8367546501053154,2.070383725630124,-1.6244147740048065,1.6444167149513509,-1.6818865043641968,2.2658256977679674,-1.3885817707940915,1.06539613584985,1.3695223906659186,1.9303919350995367,-1.0921379446576576,1.7644507366553106
1200,9000,1.6537912904259857,1.6373789538981873,1.6893671655818314,-1.170830472165015,2.3162912366896027,-0.20363320495811008,1.8914997044765838,-0.8008978254443128,0.6260351095071621,1.0530667750056786,1.5575446960629225,-1.547703923054458,1.5128114001434576
1200,9100,1.4470078494198126,2.17134093090642,1.652228258656693,-1.389093146276058,1.4522737927563016,-1.0476865388829273,2.1472294038021107,-1.0620441158742373,0.4528816685676943,1.6570045569653309,1.5227763029825043,-1.7572724408613989,1.2157820455162214
1200,9200,1.1932125982970931,0.9468238935491834,1.0277647664711307,-0.609235227530689,1.3306803323840917,-0.5985614784101594,1.3706320266587173,-1.0300044029549789,-0.3594783166506439,0.999697196534265,1.748271266841607,-1.4519511676690502,0.8824649082371311
1200,9300,1.4683168753973397,1.0601029218029527,1.4015914852703562,-0.8462778695700638,0.8743290148145401,-0.6808897529811035,1.1773179528460136,-1.255827035935065,-1.1244054734490299,1.4399079135648731,1.2793588496407713,-1.4337816888491688,1.5952265388040328
1200,9400,0.9021980289229957,-0.1492766205321192,1.0004583746217965,-1.2689997194224791,0.5167342333870666,1.0963032253232752,0.17175157776907768,-0.34871466428450265,-0.6982254252650755,0.5947342023234723,1.2059175480822115,-0.21456631347482524,0.9299817141616764
1200,9500,-0.3805430413945085,-0.6353449326327345,-0.14099316051625224,-0.3563640096270176,-0.6239061940270069,1.0626355836886352,-0.31579324048830115,0.6082533547803106,-0.793053877153873,-0.18676087337207775,0.11292391002840782,0.7994812098038926,0.432232727720459
1200,9600,-0.9546461199628288,-0.7931297708486346,0.16851134304906637,0.2761658508203536,-0.6760693181394163,0.38239224303139435,-0.8792169440034185,1.1537241618627136,-0.8563292458831248,-1.1200908278753148,-0.8100305738135368,1.0636306391456951,0.31589701694958
1200,9700,-1.6830253872412808,-1.5886096874456195,-0.46283014988209614,0.17278344800442402,-1.2302131933466183,0.7854482203820443,-1.3259884544622493,1.148290055862048,-0.3604067875019855,-1.0599298771140282,-0.933478756984292,0.8000278321796018,-0.5867888617123952
1200,9800,-0.329870024094938,-1.3557049625706767,-1.1543133293286016,0.7113093423690935,-0.23105910454544465,-0.02239570722878681,-1.0406099906696524,0.618986761412556,-1.4436504990337853,-1.610716162276611,-0.5027977381743902,1.4239074247816241,-0.13238525138595406
1200,9900,-0.8211760287127473,-0.8925212520081153,-0.7357855024425626,1.066537774558943,-0.2597845573705453,1.1347912461991423,-0.22275100879174486,1.5951036895319464,-0.863303447728027,-1.5298043615222312,0.2915834338986304,1.719735646899544,-0.8236013656099671
1300,0,-1.8620462052141211,-1.205942839138454,-1.6767970026770669,1.985615863520343,-1.7588121322921706,1.281952497659209,-1.299326268796209,0.7294759444293402,-1.7829404199022092,-1.625936632406384,-1.7059622318999628,1.3053692842784745,-0.9778476342427341
1300,100,-1.9973938681332615,-1.5118036935441976,-1.1873818496317328,1.2860956314391947,-1.421993340065945,1.4371922898211296,-0.9881365829725597,1.7109704381556892,-0.9219108051939672,-1.7034934085205697,-1.5414457484279838,0.9921041596873906,-1.138774162006817
1300,200,-1.0403419853930742,-1.41024364329264,-1.114408230917005,1.690026833951032,-1.2577464473770514,0.6501388169009213,-1.2453401031239282,1.200782020017782,-0.8178882117066327,-1.3343172691986154,-1.5699928300410921,0.9092893773280177,-1.463663367338118
1300,300,-1.5548736918095034,-2.2389617742119152,-1.2689991272007126,1.2579594931395326,-0.7694606624172412,0.5520036130783668,-0.969868860313327,1.4067913612314271,-1.6565893482660239,-0.028827887279404996,-1.3297144565706562,0.9656754037413824,-1.0959731356592277
1300,400,-0.9016840747418359,-1.141591421519918,-0.3948225682364512,1.1828622594212646,-0.5025788300119046,-0.29621630409137495,-0.6660957866504967,-0.1583439615628423,-1.4264347987871362,-0.39923332964107444,-0.5566810647784632,1.356399861110884,-0.4994259273222993
1300,500,-0.430813289781007,-0.26280324110953557,0.5203024863784589,1.4612600263944546,-1.0320131604304692,0.15022852335356904,-0.5995491053499328,-1.1694983813610869,-0.8293730258442525,-1.0698467040468629,0.20480925414236636,0.9896737726835066,-0.21071273079814137
1300,600,1.17839696438861,0.9127672466164468,-0.7019766330815842,1.1021906258264762,0.36469458624090745,-1.5354051685014138,1.097589754197416,-1.0030871320758339,-0.5789742384989403,-0.02731580139621156,1.0055517883035607,-0.006759766757568988,0.9820564357862563
1300,700,1.2384668407290664,1.2240407117347665,-0.45780257828807536,0.5498043975566884,0.15063346688200943,-0.4668570096850877,0.7792527999237618,-0.7791960725467932,0.13843609225220202,0.9118760428580325,0.41115640270568693,-0.46839295448255397,0.28602978232463355
1300,800,0.42440882354027143,1.736612429835901,0.039050125633778354,-0.017919098444737828,1.0624326056170112,-0.6355440282001117,1.016294313200129,-0.39398654155374274,0.7606997519931182,0.7994815518930088,0.7595848813967703,0.5679532873136459,0.5555687444780171
1300,900,0.9403110283001996,0.5629928611642063,-0.42152013810360855,1.3510452657306529,0.9152362226744833,-0.9913163478172817,1.3258053658699722,-0.8994035672321389,1.3692456135575604,0.18648239297423086,0.0781179725372228,0.13342299081898304,0.7276138866309223
1300,1000,0.41826844808866565,0.311033263617119,-0.9115705434455407,0.09444403198115797,0.9671914455846127,-0.8037997959765186,1.4289802718715698,-0.8882953286412064,1.7254469260733245,0.9250909503861365,0.6839369267645238,-0.08543980218303328,-0.011496461647116043
1300,1100,0.3404085468086162,0.7372750567981664,-0.3161465229905353,-0.4312235327872687,0.9771941159380604,-0.9719550756978801,0.5313596441311693,-0.2781928786419136,1.4064427904872874,0.8604048978443823,1.638563001823838,-0.44293452202721423,0.9335738070761292
1300,1200,0.4413785850171706,0.5270535487356666,0.7110620591781335,-0.417986997344663,0.9340673475133875,-0.7577720049765683,0.5928013776116642,0.03545443126351624,0.5424461867500189,1.2423275485307268,-0.01129493056429932,-0.307297527310472,0.737126684998527
1300,1300,0.3873946779994156,0.936819233197828,0.5724577800737765,-0.2742995053363971,1.1136964901531898,-1.340899194712536,-0.2185328397547205,-0.04564318687533774,-0.2827851029618673,0.8095623521771633,-0.3288407347360996,0.699274585994736,-0.4611153405531278
1300,1400,-0.22133960963056595,-0.2891092872101513,-0.1847646400972203,1.3008425573706077,0.8096870638580811,-0.3809090616781438,-0.46469818551962255,0.1445291886542009,-0.19468908764708545,0.2979971433587272,-0.5275528317691898,-0.14447067141327266,-0.12967648250356992
1300,1500,-0.5987472381359368,0.09336582021203121,-0.9271723851382017,0.15129099626516504,-0.9211088352276261,0.058624468956987016,-0.33829988472926814,-0.48080548141235885,-0.30967935755886833,-0.33986820424413466,-0.5855018090630492,-0.09432224359231955,-0.38301561205531803
1300,1600,-1.7761100910151881,-1.0677251755962092,-0.6571202998692047,0.045196316633448544,0.4285035384122903,-0.3399188039874094,-0.8991562158318059,-0.0632392651242758,-0.38648926875127165,0.2464669546710904,-0.891033718791452,0.3964749732616061,-0.3699489270847086
1300,1700,-0.7337263681258982,-0.5812704969834999,-0.7045784303058027,0.26845703209599847,-0.8007241693767967,1.0878355034763643,-0.9806016063305877,0.9691679179639227,-0.7351282823387154,-0.4032116133036127,-1.0716420112853302,0.601524483241367,-1.0062419156003406
1300,1800,-1.13383022160411,-0.8763697822249171,-0.9063535385320873,0.8236749303081878,-0.27042820531212536,1.482555229810875,-0.7355315673663512,1.0277207816031924,-0.8991730149260869,-0.5665954114692964,-0.5988298157053079,0.6840941378678552,-0.9113795773572634
1300,1900,-1.4662761007440706,-1.371292325206479,-1.0280878183282167,-0.06086807842459317,-0.939074171201054,-0.16135688160182274,-1.085142042576579,0.7826371762784401,-0.14525043904359125,-0.5738106010144668,-1.0611375091947424,0.41989067897337223,-0.8805341309452527
1300,2000,-0.9940590877559922,-0.25507227435298047,-0.8927836582690838,-0.2948815895407156,-0.671186683612273,1.286989665436366,-0.7972675652699153,0.6799032817727689,-0.6876513110765592,-0.7796238667878956,-0.8807131813233549,-1.072725538357357,-1.2100094443999425
1300,2100,-0.7028815787628948,-0.9719389743510505,0.10275177988199224,-0.25232450282945723,-0.7106840423505069,0.9485611836293261,-0.6415516791744083,0.3543404681927726,-0.7185890617374263,-1.7142405455499288,-0.5185577027579967,0.2008042658809857,-0.994431306607042
1300,2200,-0.66082631786627,-0.6262993356514199,-0.15271743528940676,-0.02245267847239585,-0.31110250549431545,0.8395103026929017,-0.5497239744582487,-0.9008969194722591,-0.2630377294060662,-1.7113895311535894,-1.1240440156047198,0.11281348079819481,-1.3203721682951106
1300,2300,-0.557222026785479,0.7144242208931284,-0.8193510952591918,0.4629780467316838,0.6867278774346941,0.6680419080599755,-0.4823965692019003,-1.5364622597387225,-0.056428019791115724,-0.6959205280145464,-0.785602120353196,0.5146184666850286,-0.7663495822188261
1300,2400,-0.06302966159236444,0.9277193116965959,-0.9903564182844868,0.7364282982758077,1.0203087167013558,-0.19531442731041576,-0.23365720216961305,-1.6572757924794348,0.3804863561055286,-0.6079447780065355,0.4054210998707801,-1.0569619127504803,0.7876559233044407
1300,2500,0.5081881354146169,0.8987054301274408,0.17449081665081642,1.467538934244669,0.706605495252898,0.5949939518016609,0.9318201856852746,-1.5547599830648196,0.9162250516979368,-0.08252163477651082,0.517126332976677,-0.23453828924540207,-0.4198926541693536
1300,2600,1.5031747003191254,0.38975427880299085,-0.3452491037549112,-0.1592795909125465,2.346491259235887,-0.5460428910994201,0.9806575688589974,-0.6398194342289407,0.8355917032164263,-0.9040499633589516,1.277172453882831,-0.7357087576040495,0.014365648063464437
1300,2700,1.392899853934948,-0.04429571580031337,0.006472482109511995,0.8381295479128767,1.5135037278248882,-1.1889863000700625,1.9618952767992623,-0.11980406708485263,0.8108056918934982,-0.9742362997696263,1.0842785815143898,-0.8752605877572704,-0.0027530135674264516
1300,2800,0.9144624756680532,0.46746013990094454,0.001504080783091242,0.24192730245778982,0.449366276601415,0.14173034288433337,-0.029480388636725547,-0.4530257272684599,0.7100150503516174,-0.044400247058767606,0.9786217607937681,-1.1646234237780757,0.3967413114906232
1300,2900,0.19545923497455464,-0.5406190507061047,0.5803820647697704,-0.11368576685913583,-0.1318069564881352,-0.9477633394779131,0.4266046030161708,-0.3178740350326589,0.6492237532526027,-0.25779575325791615,-0.03768023003804921,-1.1395253293822196,0.38552414624058123
1300,3000,-0.32796361330214724,-0.3111582639818968,0.6545725399259574,-0.3703078314248786,-0.7933198579163777,-0.246409119133311,-0.36656728538176864,-0.1408895794344151,0.21062501234466824,0.5282618935246342,-0.726110143666084,-1.541412385021696,0.1121836449955565
1300,3100,0.44557178372240386,-0.8339789586537627,1.7344554764611304,-1.106669933999999,-0.1714162581862869,0.14221430481189065,-0.5205665598687441,0.1167919154951657,0.28121567600564035,1.030189916670268,0.11032622431238205,-1.2215188893382927,0.6027707980959088
1300,3200,0.12037447736897079,-0.49311751169916257,0.6428439439570872,-0.02609952823691758,0.073564293901976,0.42848019970317297,0.3379958720655642,-0.8435480281243045,0.602008555041294,1.6878550113254456,0.4649113112489724,-0.6054129310291088,0.6661525565253764
1300,3300,0.4803074294112541,-0.42689350408888377,0.59045686988703,-0.326745335576201,-0.22974487570463067,-0.6631342195649811,0.5053880278427904,-0.3831022360691466,1.4028199647883715,1.7523384781144924,0.27160145796687707,-0.7599351138291561,-0.8323566171683718
1300,3400,0.9561454943681694,0.15373284973875348,0.4273067876383291,-0.5322071502285778,-0.548886573811234,-0.5316119378428337,0.4950044194043947,-0.9887510071466411,1.4554495399313532,1.0660181149003272,0.3312916167286025,-1.1962222020397466,-0.1422937365513416
1300,3500,2.008174567040815,-0.6779328754702081,1.39350704504936,-0.5549280757952691,0.8558611408313346,-0.5798441386523864,1.1936266468014238,-1.186035675956515,1.1920976525162583,1.5828794579342251,0.8126374819842199,-0.6557111415895961,0.5132901821921245
1300,3600,0.6609388929701004,-0.5170669544223703,-0.08802943961783563,-1.0110214662184955,0.7962827404551667,0.20500063821481507,1.024713003303824,-0.2893122080171014,1.650185576035404,0.38527557042720856,1.9469981189125602,-0.8251399641664703,1.492223149261716
1300,3700,-0.25195093499696253,-0.7696898880227384,1.1963207075044784,-0.5880170254491728,-0.22470323231670628,-0.8204383544349444,0.21901699870501487,-0.5241064376583034,1.0924025239594781,0.2931493895671182,-0.18460762340753029,0.5711673680105498,0.1957558197724441
1300,3800,0.32108334906033503,-0.2807402465535081,0.4479112905978806,-1.045807927645221,-0.3194297518700332,-0.2950528049726205,-0.1393374890213946,-0.8041667481277947,0.4560770518283698,1.167928833587228,0.5775483845106574,-1.0239643416406077,0.2974027891693924
1300,3900,0.614972232148098,0.29903443838208843,0.8771746782184181,-1.4756361016741921,-0.36419769037733457,-0.25142378146317557,0.2696249347364655,-0.3070553985688379,1.1170328901410111,0.3575928586384797,-0.1042428222618293,-0.4682000245339246,0.824584204089336
1300,4000,0.1392560135473883,0.6319743786382205,-0.29509249190958253,-1.4464127758264114,-0.2989529596684252,0.19309391310553933,-0.306003659445154,0.002962013534397454,1.3549645437171465,0.45903183337302084,-0.06922150198141083,0.08317000067696508,0.5798631856552503
1300,4100,0.17033825799662977,-0.3993964795607276,-0.1035052053228703,-0.8994743851734518,0.24401552297382068,-0.0964593817386794,-0.4871393774489999,-0.6292506447351396,0.969706675096022,0.9303660302660612,0.1191071820641323,0.5397446954757296,0.3109211854174971
1300,4200,-0.37361288456199343,-0.7707623543492614,0.6662462710625805,-1.6883060511631038,0.7165964847201943,0.7072858773749525,-0.03190342853997772,-0.49028154374029365,1.184140354231583,1.1183014490833783,0.6068892453598235,-1.3425167678938115,0.06688483539227019
1300,4300,0.14498921448061844,0.41669215646367497,0.2887830736030934,-1.150485510764733,1.3428437843285739,-0.3287814930940095,-0.2695040980649065,-0.8620983744594456,1.101837431350156,0.735106516942121,-0.14337423467692098,-1.4553454548949472,1.0339530263801249
1300,4400,0.7169573550031917,-0.3396596891921894,-0.23791544903438946,-0.8759346363369539,1.7225381918245934,1.3687444455581104,0.85986852039944,-0.9796897220082227,0.5777602610446225,1.2161012640196978,0.5888136177399336,-0.8818197319555329,-0.0183330264803697
1300,4500,0.005854269624824737,0.7690126239235565,0.6119640815618252,-0.5660111879973464,1.8078391794699726,0.31889316477107427,0.355465872752595,-1.3680981601277806,-0.5563669703399551,1.3620642007288768,-0.32047420091052836,0.15435258520902376,0.7520806197084804
1300,4600,1.0000069116964099,0.989154699978033,0.9438198786545644,-0.43681410085151096,1.0821078475551493,-0.6399377859998238,1.642358946682802,-0.4539352940694128,0.2878661279887692,0.4888857255947312,0.3569039370536012,-0.47364423534096994,-0.495825172312899
1300,4700,0.3486299345357282,0.4904829073053166,0.38057575979771996,-0.8019852648131918,1.2647693340319526,-0.34649500089750046,0.9071789324261765,-0.6387146891221711,-0.5915578680529331,1.3070798019315812,0.4250913616977105,0.20006688557905902,0.45970239696742776
1300,4800,1.0783961787298533,0.029815459762960766,0.32395581989938466,0.8685720804793489,1.5632936611215493,0.15330874163518635,0.22114239799004567,-0.2824481561668134,0.23533187075276862,0.9231308385581735,0.103942784188765,-0.43170718866201013,1.0051958294990302
1300,4900,0.1327833039546822,1.0218502440392248,1.0429964507666247,0.27364917928931876,0.3170982854954931,-0.04806811419561473,0.8007032722995001,-0.22534521050402861,0.6405394465623223,1.4778297099984938,0.24120761156452114,0.4520246759514772,1.2899066792572984
1300,5000,0.440022103628436,0.8839084048067211,1.0093816237183266,1.4241810204457495,0.5056971051276545,-0.6937460955701589,0.6211392502751164,-0.9481678030802115,-0.24011566783582994,0.5777353317719286,0.21476290139381995,0.281451257481241,0.965890996402905
1300,5100,1.2781766048994014,-0.5455741105570271,-0.1104307475441555,0.6881371883137419,0.8766484464530132,-0.7523155567679763,0.5497162032273779,-0.8238765891345484,-0.7767080311132196,1.173149098374186,-0.5332080469821663,-0.06404856626897051,0.38583027367391515
1300,5200,-0.037625058160101074,-0.4717317365700204,-1.4369864020448304,-0.061733258107138464,0.15609479468116214,-0.15150881422753237,-0.20229630157221046,0.4722795720990847,-1.6772661871537116,0.42908827212269046,-0.993926677146129,0.26671931859953635,-0.1493376952976287
1300,5300,0.0962325474732881,-0.18038804734435993,-0.11995709454444646,0.10636890729537156,0.8367350472519194,0.3770368130114754,-1.6880264882293086,0.019410821880190512,-1.1644722093453035,0.5065641558037067,0.06292188059509188,-0.5333791866377491,-0.5798710036858553
1300,5400,-1.1098377944767923,-0.8648116120028142,-1.2514277335798976,0.08008122245756014,0.19106230443957647,0.1339055667837734,-1.0770086382761188,-0.6455236036371456,-1.4257668645480337,0.36154006061738125,-1.1329957538353206,0.36818675488670943,-0.43929699025037894
1300,5500,-1.73443321868092,-0.21249175195646958,-0.6712931207752514,0.5420152374166141,-0.07502041862038986,0.6390044998925662,-1.803687101824671,0.9714056185548889,-1.5107597023139903,0.3056171185353712,-1.348278025782172,0.2755154266717165,-1.7873364504416507
1300,5600,-1.210466671724484,-1.3749738651921077,-1.2878092551876106,0.7203102164128535,-1.024717888732465,0.3991579118625677,-1.280249135333126,0.6784804139319152,-1.520160105678364,-0.5332726299110635,-1.028963983989935,0.9571341751940613,-0.9975122203057809
1300,5700,-0.3038387982794477,-0.5932403027207609,-0.6792510077577796,-0.09338294967208174,-0.7310145725345523,0.21160504297191818,-0.5314998465554485,0.526294493806464,-0.3250064252419936,-0.8101811521055641,-0.8011957541224992,1.019546350774298,-1.1386562427568487
1300,5800,-0.4182915366614335,-0.2568303055748607,-0.4794247103480068,-0.1624403804695772,-0.6675663077705817,0.2528912550833695,-0.26633690533111504,-0.07205542131496692,-0.7319569378134304,-0.6375312808630317,-0.6494443735022205,0.6222050329175263,-1.027478528493928
1300,5900,0.23050957374138206,0.7905271038736601,-0.19619667060266888,-0.1694462727603957,-0.12652418880129523,-1.454977457820067,-0.10055624535285669,-0.06289152800673042,-0.717005658288691,-0.24649410332117877,0.11091697300527013,0.05138577013131642,-0.16779356051878627
1300,6000,0.36605523023600756,0.5341288599835585,-0.5074048427981672,-0.6031814172355041,0.6999276870984438,-0.85497922082119,0.7770622805254493,-0.163607385724597,0.21014848576481274,0.03496506177620256,0.08942873113474123,1.2654042520943993,-0.19972226840246216
1300,6100,-0.6072119156027667,0.8500323915631399,-0.7495396364545014,-0.4306968889412099,-0.4932834700739227,-0.37500104040846477,0.5933003464760127,-0.6754991105831994,0.6023717638709872,-0.10165565344902633,0.47869056376114516,0.492907170122353,0.36530819086637845
1300,6200,-0.4049022569220542,-0.06865819140561588,-0.9242949149988832,0.06445097947250394,-0.711721769571743,-0.8210761251792267,-1.0306218914854324,1.0500061693997906,-0.2759442482856999,-0.44233441014122704,-0.43581485275476683,0.9178702456877842,0.02810127685286183
1300,6300,-0.32083239028773286,0.05260967591639211,-1.0162618775095766,-0.2868913538326487,-1.2967700334755645,-0.582340392878154,-0.7028940879517616,0.62066267230018,-0.43383896381395703,-0.16435041499972938,-0.7840781123995009,1.8035605550062808,-0.6956634686298406
1300,6400,0.054412015413204645,-0.4075617996980811,-0.6703026403534748,-1.2503513898453864,-0.9794712955093061,0.07580824009157984,1.0342015150005226,0.10504958246939995,-0.3753720625986203,0.07385306496876116,0.5156338216098992,0.13702688075871006,-0.01895534037557389
1300,6500,0.07657127916339153,0.6533625780817351,-0.3179254536656972,-0.12321845806094907,-0.30184462060198003,0.3098316014829351,-0.09811345303831086,-0.4754668880165277,0.5262023045840354,0.5846769713586308,-0.26247302302765074,0.31928665742799445,-0.5252777355268579
1300,6600,0.3866665469782236,0.717030573758989,0.002480423493030674,-1.8158470190102303,-1.1199673572178113,0.22426245081661475,0.18379263810740346,-0.8352469798356968,0.6950691432278266,0.7124653546548744,0.5025675369262388,0.21568473506377195,-0.1219355874032427
1300,6700,0.5517989255476216,1.0650173118143116,-0.22132041277553108,-1.081151469169486,-0.3000821059665278,-0.1444590322829707,-0.18215081604825376,1.3542550401255868,0.8492043200200319,0.6239176582309465,0.6846753228683811,0.5103818187183978,0.3270049368149745
1300,6800,1.0246440255099873,0.11304809296579965,-0.2991756379492751,-0.9297609053995545,-0.16862878536661105,0.5098393370111062,0.28529899374404555,0.047137902287030284,0.7987706130835732,1.7746994646972647,0.4770402196262522,-0.6366503338055451,0.030647032020317894
1300,6900,0.607700616768864,-0.1787073534772462,0.7372605124530808,-0.7972381180662413,0.34226310451977277,0.4128471525669161,0.7171793756012216,-0.2376382129909197,-0.15684086173319392,1.551415296982559,0.19879674843893946,0.8897794803590087,0.5981607555863445
1300,7000,-0.14490804084556924,-0.27393825166911673,-0.20479347525515157,-0.33980659556491455,-0.6636166741076412,-0.19731426322911833,0.027612077957970507,0.7465702486285537,-0.852990796255798,1.3755487676477898,1.0144215262499265,1.0271302210500741,0.764038374967504
1300,7100,0.8991561709389687,-0.3061237823034491,1.0518601215010386,-0.05612931063870813,-1.0903168374780943,0.6098589707890092,-0.1494088893650249,-0.32710204361033535,-0.765017878171728,0.8437359691994176,0.05921953739573487,1.0194483298996833,-0.7873643514283707
1300,7200,0.5453176246607198,0.24099149219709642,0.5438706815958142,-0.057929926346049376,0.030641978544989845,-0.3214625862015617,-0.833949232977717,-0.6885897278787059,-1.3361940691634653,1.6319301824783288,0.34230658630529,0.15050731107379678,-0.563091476505614
1300,7300,0.2861089931260045,1.390002146841372,0.8243934269798499,-0.15910921921428206,-0.07789170375012064,-0.6356881964957053,0.15484953576487115,-0.17249242018190056,-0.008087930090823368,0.5830385639079164,0.8597310641219805,0.37954833689768636,-0.6098246668647909
1300,7400,0.8668138098628422,1.58804202480066,0.4816214650392969,0.6589707401708439,-0.3197350142756759,-0.7662030602258082,0.9618337268796694,-0.5549544415880738,-0.42681696068872804,0.5814232787553543,1.408642621854449,-0.4282613172211498,-0.712079099303101
1300,7500,1.3047438146176165,1.5000553040338456,0.7034198007062158,1.2541783145821983,0.11376728182519355,-1.3160703297256156,1.6703188654736942,-0.856896337891054,-0.21793868279074521,1.1330217811536205,1.5585992330963758,-0.7275810048645834,0.3155512607611911
1300,7600,1.3127849732647177,1.4745612350718942,-0.5551087617239183,1.6351408026375445,0.8131824164978549,-0.7641953374521447,1.5322773536204892,-0.7921903249327892,0.5775209384320001,1.7161126819328487,1.24253790531267,-1.1694917622419028,-0.0731662411513683
1300,7700,-0.42958057271733546,0.5375322590434213,-0.19328619589691784,0.39548671867090557,1.4865594629396315,0.16677461648699576,-0.33512168418175575,0.050279953122381725,0.38927689649370956,1.6511072335636359,0.4271113369772458,-0.6198965520371335,-0.5830353718838437
1300,7800,0.28131017246122614,1.0411948059892508,-0.2000767895883421,-0.9560482916634316,1.5686501497695835,-0.08910091077162947,0.3665965667159721,-0.5726290286769073,0.6483972270606344,2.079930594977253,0.9636046359180824,-0.8010205031462755,-0.524943769546635
1300,7900,1.592878101815687,0.6265887810987675,-0.49724846640855497,-0.8384926201634151,0.9062838157174228,-0.386162341950503,0.9618920552517269,-0.12553108157276519,0.8531515340016825,1.372937282676511,0.6373786079264641,-1.1140459073673625,-0.1803899071205123
1300,8000,-0.40057138597771363,1.776823014207819,1.3214063674685663,-1.0739295745119675,1.2687313941309122,-0.42667962446481217,1.1773408510763417,-0.8868833467625102,1.5776936120579979,0.43535971258369216,1.2577304788234098,-1.2356423913003562,-0.09007229413670124
1300,8100,1.15430849472578,2.189677031286249,1.6971814544687684,-1.4823012457869278,1.1880495143605263,-1.2647832825785188,1.5588528808526492,-1.3547241581214022,1.215765936469376,0.5454747663205495,1.3072263768624022,-1.1246392324658556,0.3195071327774062
1300,8200,1.9262823680050332,1.8071700763862941,1.454615502483859,-1.4341447227062225,2.0466195096322966,-0.3015064805135578,1.5432852369933374,-1.3564634281818155,1.5032805240008784,0.2461106214647332,2.0618222138494096,-1.4489202464687772,1.0370530410658267
1300,8300,1.6387441713548492,1.8801163798577971,1.9476448955861303,-1.4180559268031572,0.8533830902406911,-1.5464310695862014,1.2357073578783757,-1.5434182204187579,1.5201908781049969,1.4012757706272319,1.058550134798049,-1.4422566520161628,2.005816042200853
1300,8400,1.5206264888307504,2.450278707553012,1.5902174835149343,-1.2552159266667358,1.8296438164854671,-1.3066811542898307,1.6247175323595997,-1.4860255967849707,1.4102850343218745,0.8347955116126196,1.3156857972050444,-1.7939208635584498,2.322555336688733
1300,8500,1.8349494833043316,2.3035038682573936,1.3186205845574748,-1.743634455233214,1.7299906594247527,-2.111818314610471,1.6602413377266327,-1.3132362199949852,1.4828970420265837,1.0626576405409875,2.0542964041169154,-1.4918660582119518,2.318517884431458
1300,8600,1.750462737765592,1.708438596026765,2.0170203222965535,-0.9694201454942831,1.777102930935437,-1.6495624896416587,2.028937504127622,-1.9066861378605953,1.7446022971339858,1.6257270743082226,2.4766469066331878,-1.771297112372588,1.8685330914742024
1300,8700,2.1255532824346735,1.9733548624767816,1.668190191432299,-1.1844177315721864,1.6846961818339319,-1.580760824715094,1.7537976366062165,-1.3802567689279863,1.5984221395047966,0.6786823909606531,1.8188418887067257,-1.5199752617266697,1.0295318761128598
1300,8800,2.022818646484819,1.715820401218712,1.4230493718407187,-1.0553663067376993,1.591822370970459,-1.3442121906914615,1.7975467698754952,-0.9811731722474565,1.127108997115229,0.9146646195402759,1.5197147122580468,-1.6037748192834502,1.7783812337853993
1300,8900,1.4181881155137508,1.8171243492147564,1.1572436823934296,-1.6018733602048907,1.562598979539663,-1.4845343162665394,2.2465231401574384,-1.7612715535371213,1.1873492894357112,1.2844096223010004,1.9018379189949408,-1.171150824160957,1.5272349852671612
1300,9000,1.1768801369386943,1.7492314202558847,1.4772564829685817,-1.8117505064784243,1.651653339175891,-1.6112147662473069,1.813360161206328,-1.4329830108664998,-0.21383158609750377,1.3046774653855537,2.1455648313131865,-1.1786485292682152,1.6859329120785664
1300,9100,1.2148958653767714,1.6267995450390946,1.9411503988830252,-0.9716806564062087,2.0069281216100356,-1.0807506754763747,2.208511523186933,-1.341349388835549,0.08796480447025816,0.632382398067758,1.195369233678653,-1.654852545253987,1.376233293002182
1300,9200,1.339803862771006,1.7828447579701199,1.7316604905270288,-0.8920316590833588,2.1968740251473187,-1.2954108933242137,1.476696258591046,-1.1736619052073765,-0.5862720015372268,0.7095019390626617,1.7398134611220666,-1.2376813922568237,0.92054486832964
1300,9300,0.9880937610926761,1.0667896487084723,1.5309429204559737,-0.5137610522619269,1.9691293589764713,-0.7793691523374963,1.1582327819548957,-0.822224601998061,-0.6549146193616862,1.0717168844496894,1.2244380988770085,-1.2253065658569002,0.9775389197451545
1300,9400,0.9990225090387028,-0.18910816055498628,-0.006981010864194891,-1.4708660932327855,0.4359368760966874,1.0292998763744259,0.9638122821127475,-0.9663929772992094,-0.9255733665212877,0.4053504559490474,0.6855542549597253,-0.802829293269088,1.0863252195747126
1300,9500,-0.4227689293485279,-1.2454079149818824,0.27571852024388344,-0.5852423867986242,-1.0338503260607352,0.08593820076129176,-0.1406287420225768,0.29222924997434213,-0.9052575476881652,-0.13527934854760534,-0.7528541891358244,0.24128753384809293,0.4140818269713305
1300,9600,-1.5973404889258844,-1.1463040075241426,0.3671809479834746,0.120188203440125,-0.23989107237009896,0.2073859953722222,-0.7514211510207699,1.489220883034911,-1.16877246605686,-0.3104463706483977,-1.0646989487965421,0.038770080976081533,0.4609686783517397
1300,9700,-0.17588303570477046,-0.8910571133131074,-1.3607062568762112,0.20816299225598847,-0.9721194267889792,1.2485336031682128,-0.5852263669919275,1.2281398234298972,-0.6722680360768724,-1.277692273182775,0.18474817309499952,1.4036352217046555,0.12222113101870599
1300,9800,-0.9930974182069284,-1.0455242886763254,-1.240067920929774,-0.10105342021418183,0.26594005787519,-0.11256859177132093,-0.5685135328112453,0.9175481920793837,-0.9546286166109698,-1.6081956211984347,-0.6699716872518721,1.0297128199801222,-0.40170547074654606
1300,9900,0.020055075804441474,-0.4007794028014924,-0.7960141341393829,0.5668920135914989,-0.06579878014400813,1.7211688414100854,-0.1960395520283057,0.7179425007363941,-0.9222865255183578,-1.0832997686575037,-0.8378162145486586,1.5836384811376514,-0.23543860762542254
1400,0,-1.4577500897710873,-1.6338393616948939,-1.708627178379251,1.5371684721604237,-1.304988965799708,1.6063029759542182,-1.569454853929898,0.9301018594071407,-0.4803013457867231,-1.9064113275494758,-1.6144171917988532,1.2176897450974002,-0.6541987434965337
1400,100,-0.9206411919685086,-1.326286412339166,-1.5864173710430656,1.8397827396176225,-1.007844862294491,1.2418543002774098,-1.405402265931978,0.6057849093860467,-1.2970619779705417,-1.625882023468734,-1.3876575256546022,1.5508194475491393,-0.8763399852222418
1400,200,-0.9327721118669955,-1.7171491077010508,-1.5227630269512853,1.335648876910312,-0.9067497081796405,0.7508728184751798,-1.6187881018085764,2.013293953851029,-1.0125441518690952,-1.6691559112965804,-1.1634372328364673,0.11273342928157146,-1.6344990019784702
1400,300,-2.1424288655144426,-1.416856388944375,-1.7649460206954601,2.145267662036054,-0.9166072683668633,-0.3069337174301806,-1.01617759973143,0.9783210998060629,-0.9711548822963845,-1.0182936599612766,-0.6470619963182442,0.04380892691512053,-1.1326891644614525
1400,400,-0.7694973446537022,-1.9419872986813675,-1.2007056915846377,0.9668675685934031,-0.465310232778166,-0.4090699002616257,-1.2203062294102092,-0.3581401609110966,-1.2717021952415222,-0.4089574056609067,-0.7358199707104991,1.0192510382422464,-1.2759209043076705
1400,500,-0.2271332338196491,0.07558961191324792,-0.6977089458949676,0.9703428924782348,-0.06899017366514149,-0.06555689246113874,0.012929912812783793,-1.0508303325587387,-0.9456710522754044,-1.409251488419913,0.49378835763551737,1.0902897334476485,0.00019573485420654987
1400,600,0.7999895973001551,0.5486592426325879,-0.2344944675772312,0.9531665181319399,0.5875841325266621,-0.3598024527997681,0.9089465381795694,-0.9277576071987583,-0.7219862620750161,-0.31668713786043606,0.9718728454510639,0.3249256539055906,0.5831214067300223
1400,700,0.38066729913632075,1.47638592583944,-0.20723995821676847,0.8718977531471674,0.5648763559137288,-0.7943040318951389,-0.4925199452162106,-0.5658553937345518,-0.24509795229028122,0.033285770629900964,0.9542944356981312,0.6936934727253681,1.0710401502379596
1400,800,0.5194498307453158,0.989617529438241,-0.21519845678153468,1.0296581137970853,0.42919567079193227,-0.2453930429094231,0.9179807625675648,-0.8169400570719074,1.1107244220615067,0.9672981526355588,0.9099599428131957,1.581264158080738,0.31492837619594377
1400,900,1.0403182817757504,1.2738808549630514,0.08524876490630612,0.6053511853382699,-0.19492036705291935,-1.1091485253421531,0.8724904927682171,-0.23894253027786297,0.9142658379284041,-0.10736582684031358,1.0081751606462033,-0.6143352923823794,0.399473294557084
1400,1000,1.0281856939705996,-0.04441532413073532,-0.01051790617534249,-0.30853024207281743,0.5898633876694211,-1.0481237046550522,1.7559343631319906,-0.9079697879869956,1.2955989600500166,0.9010753258262589,0.7853120871139628,-0.21858249313355183,0.7013850619930743
1400,1100,0.811060010148058,0.016692221549727323,0.26373908327595263,-0.530150809628568,-0.32866400089233655,-0.6544907228915795,-0.3144422221497776,-0.2827657514040334,1.6216887109738047,0.5815678894500879,0.11501564116153327,0.4273857964667704,0.9843978008539253
1400,1200,0.5727138390902637,0.517723585771539,-0.2455510164860383,-0.6204142003351658,-0.06477984524239298,-1.0394033839047105,0.43622427692852056,-0.19593575833003268,0.525547205987237,0.8795482852761423,0.13450490112249153,0.0964298338627876,-0.2131673350705586
1400,1300,0.005913791997575033,0.2933769234886998,0.20757184540427134,0.58358911126001,1.0048721636414963,0.06652870936165213,-0.4229812202714964,-0.5454812993681286,-0.14077658112033015,-0.11621855620386157,0.328163707241651,-0.43623025244750746,-0.32501156649923324
1400,1400,0.2044366389691943,-0.7319943802636469,-0.45785722418224023,0.20876340946471295,0.8831050853711822,-0.8300211989531321,-0.1933226721281702,-0.27833740791791056,-0.17580297845071718,0.1617013048272624,-0.10841862310850477,-0.045670035835897675,-0.7223267814351987
1400,1500,-0.3232465730699669,0.14059645645068647,-1.0081297982298851,0.6818367814497188,-0.1280563593939985,0.8768931517673028,0.023373333579109784,-0.06358572412075261,-0.9442078780863573,1.1311554621338111,0.26609042070647204,0.17419998288313915,0.15237822951521204
1400,1600,-1.1528529551622855,-0.3150694628202358,-1.3625966614605338,1.0436454301611746,-0.053064321026511575,1.0117008030659869,-1.6618652756981318,1.0312981884299166,-0.6120288954076994,0.16832130210782448,-1.0287109435855224,1.0523478311984575,-0.9977799217852052
1400,1700,-1.5464291639911538,-0.6468343866479859,-0.5014323142991115,-0.49124397881359283,-0.41605179209242765,0.014600565594206793,-1.1278344445559387,0.5756371781980237,-1.1076863485705986,-0.5595557820474394,-0.8832629930094872,0.4595499716832722,-0.9175774884007635
1400,1800,-0.9695954034840413,0.07027517322563143,-0.8332079853696785,1.0828829275511238,-0.12947534238886318,0.956036715240122,-1.2580203784195871,0.40789414497197585,-0.5178494989441877,-0.5445875576682585,-0.9642302128623728,1.2323657237695191,-0.6883526162222664
1400,1900,-0.9600004800895472,-1.1436168633127026,-0.13841226004018192,0.587121021295911,-0.7195278458476713,0.3721886586812209,-1.0110326270301242,1.114703534657222,-0.35600773091599114,0.11176688375639633,-0.4394206578275664,0.8194703815314069,-0.9439381344615128
1400,2000,-0.40636237524967983,-0.3293992561404412,-1.6799122482964441,0.22548678131764358,-0.007715556393821491,1.3017233791885137,-1.0152645460628633,-0.3540168230633527,-0.42885727499288284,-0.26945852233091117,-1.073352274357649,-0.1924658270614553,-0.631633194471961
1400,2100,-1.1597137929657155,-0.871096805354747,-0.5608855254469013,0.2322704074112764,0.20602677774211142,0.6603271362383922,-0.7708861106505464,0.7111643622603558,-0.9663046807658275,-1.427171279961628,-1.198709538650704,0.23780426660824205,-0.7166102945746506
1400,2200,-1.413877305464876,0.31246257289815127,-0.043906509149888806,0.33493928095312975,-0.261854596967325,0.5859608564510961,-0.4950068464690705,-0.28329049207843765,0.0965182754397351,-1.0968991891108117,-0.4820523367070422,-0.46623904237631725,-1.05252920319311
1400,2300,-0.07530896738519081,0.025655738715227767,-0.6423101476192415,0.5103303172404695,0.41887986640730634,1.1037499794852101,-0.8162432872390621,-0.7176500395883046,-0.5974669183195567,-0.8852379873483149,-1.1645783807230647,0.6483302210467624,-0.4248752443114501
1400,2400,0.3787832122356088,1.1970959203362301,-0.6625121544368165,0.7827799884004165,0.8259617224686115,0.43164881093118,0.23708356424901605,-0.5558436902447744,0.40214636004055304,-0.6425969671461311,-0.5064328985444302,-0.5015817603045774,0.03187461239013301
1400,2500,0.72400726611299,0.17816052522125195,-1.1544222885844084,-0.01424473951528178,0.27795915252209513,0.5661065652692939,-0.03630467928857171,-0.7309729538019969,1.137975094229068,-0.8576568177416314,0.7564617088569688,-0.4985114840687707,0.6561139993318426
1400,2600,1.003973454706176,1.4504414661112364,0.4641378499841688,-0.6407705634578486,0.7773986915885962,-0.07828763016683025,0.2214843547263909,-1.2758464870413113,1.2322253486683445,-1.4310449582322864,0.3931094832465967,-0.23854666975475836,0.8368896361632453
1400,2700,0.525677840127754,0.6898007798449118,0.4226694698202418,0.6499593079069563,0.6893917132809358,-0.876230715982158,0.6334831551586213,-0.5047981085504588,1.085047380111618,-0.5270397068698524,1.1569364364642025,-1.2655875763224758,0.9882012428645328
1400,2800,1.1894122341689717,0.34827070876795313,-0.6110793076125834,0.3494247937972345,0.31591602699508553,0.045736714648443914,0.8320028976488009,-0.9042766193557304,1.1318552153568608,-0.3395388769809525,0.5350793989316814,-1.4023877061460392,-0.2275668791229334
1400,2900,-0.4767050860297903,0.9764493059418814,0.3778116214673319,-0.3111773207314297,-0.3363375867415977,-1.011657042246896,0.49360882980913634,-0.8204219083335024,1.272423136922881,0.08062827278327121,-0.12463702538747497,-1.6782104045303066,0.7337594920367329
1400,3000,-0.5333637914154523,-0.2660116649867673,0.13942177598754052,-0.8525614861518304,-0.028796672061158636,-0.4806255119265333,-0.5019807101591476,-0.23679588087231854,0.9195122499907747,1.396742750867025,-0.5043053704237764,-1.3847599820837944,0.32984035583001564
1400,3100,0.081839601256778,-0.4056163806033975,0.9248841128193293,-1.1149392347412508,0.15589209803625118,-0.4017655259692769,0.674305679869347,-0.1334646711398094,1.2841644361814544,0.6412537107163968,0.21415517492686237,-1.636559933593169,0.1489856455236753
1400,3200,0.5561673585574333,0.35996503379326356,1.1603154950812975,0.03831850641546541,0.11402765129145602,0.08983063276037082,-0.21456779296114978,-0.2562133445010025,1.1024296867717016,1.6432706686557819,0.6796405467313008,-0.8321863539109476,1.0021509172710827
1400,3300,0.10531631224447767,-0.3037739645278698,0.14816967622128252,-0.7416797481559856,0.15813332875377176,-0.28857281502998716,1.0498468851290996,-0.08455630069325736,1.5996959291168857,1.4537540315754869,0.2177552822146513,-0.8614356559056835,-1.2431207103803275
1400,3400,0.2676735502880491,-0.6692314130711953,-0.21859983976588027,0.22019222083871745,0.0666300145826268,-1.1349893375996882,0.38216419570503946,0.5850147668782468,1.798924449719458,1.3409030105804856,0.4305981162861948,-0.5359794953203629,-0.20746051182493863
1400,3500,1.1782412498277899,-0.7318257319224277,1.1854714792735048,-0.26013161340410346,0.653079891488231,-1.1469243883778288,0.7847172334180781,-0.5707030063603372,0.7658488257556346,1.334172673243602,1.0971610885390213,-0.7920634564650558,0.687513687143871
1400,3600,0.5183632683632516,0.5601449194274585,0.3480973277795186,-0.16619414990194872,0.2918050652481113,-0.23355746069299346,0.6152314197657983,-0.15352107448135194,1.5841067199023964,0.1865249948866266,1.3524372377243274,-0.3456043570167299,0.8519163404178535
1400,3700,-0.36209942058856726,-0.45037126597837257,0.8951430827806556,-0.688657316461124,-0.14983904929955544,-0.0683304305229778,0.15269963659391256,0.39662486031219696,0.6598564364565753,0.562933910974634,0.6224606863790353,-0.5545066690998199,0.43840489644266967
1400,3800,0.3947260265243552,0.12639871975564956,-0.08376445247917205,-0.5727806635149322,-0.17696739452660792,-0.3591841100503016,0.6573512503383099,-0.8635098286991795,0.4842484781213412,1.1358863068995286,-0.0982937510812138,-0.5971584483410637,0.4395330902639349
1400,3900,-0.1218892576937422,-0.3327339142369025,1.2211681532642786,-0.7673594654736277,-0.6822939743677017,-0.3846858150088411,-0.6387111641781595,-0.22415630652267454,1.3669582553374617,0.42683918047398417,0.13142880695560666,-0.29523515119074856,0.19853594962577664
1400,4000,0.4098704052131667,0.41046700952829557,0.5319214069141049,-1.5871776722536441,-0.653483184840962,0.9301331150929759,0.08973261105822791,-1.0292543527140523,1.7986121582624641,1.2171529683364737,0.0006697043160408499,0.12302786748424889,0.6841106404286367
1400,4100,0.7439958443338832,-0.9483707626587431,0.5837376168266402,-0.9650892848928652,0.28700692773917835,0.15380353000695016,-0.2610268099244658,-0.7844973340384126,1.5426941584371587,1.1990040540257878,0.2051073057703389,1.037486989089504,0.694781780250084
1400,4200,0.1728033920187693,0.06972969121658672,0.15041465813110508,-1.652319545971814,-0.14976563324327077,-0.04612960198343,-0.34130889672867254,-1.4841437971149878,1.3103189688886472,0.3807353315066463,-0.6693651803744813,-0.6211650686815003,0.7409009984531112
1400,4300,-0.6420595489742335,-0.4883221049353501,0.5180133140405183,-1.4181875371309685,1.5762186697686438,0.5452610573709343,0.5722442533863165,-0.9490036994120905,1.158650276554565,1.1485801386728052,-0.9986636116165835,-1.0010015704087405,0.9997847526565103
1400,4400,0.5716667640020496,-0.3394775105929794,0.6798902125042939,-1.0426384600212735,1.521453364402072,1.5608021558750775,1.0740502937854688,-1.526482187432799,0.6853325954179158,0.6665413246317481,0.6576157446545593,-0.6074120550100109,-0.06776206063131718
1400,4500,0.019747899843615798,-0.5582920745622495,0.7396490832403726,-0.5435810669219215,1.3566513545658039,0.18380693499351872,0.49947663247885477,-0.8650122098083928,-0.2879444581967161,0.9314573116228118,0.5489172460496442,-0.3958466824019082,0.40226816166399165
1400,4600,0.3982131941772256,1.243390937407368,1.30126612349579,0.20364140837175815,0.7607282567788314,-0.03652743059491545,0.7177822755247177,-0.1560142262651094,0.2666074469649874,0.8579730536975642,0.4675608426277594,-0.3165483223567145,0.1188968146891553
1400,4700,0.0732385568691908,0.6891579790435176,0.2752867719362573,-0.5031143681489787,1.3220334082490905,-0.9467196500002711,1.1583137538026909,-0.3515642557298417,0.288296372227516,1.7274288952400099,1.341209753978249,-0.028105005044162423,0.9856492283060233
1400,4800,0.5596161601912146,0.917718426349016,-0.0015990767322216159,-0.4009084915304335,1.4531795746287808,-0.32940626288433267,0.5344063734089345,-0.2166818747778569,-0.28968079090368704,1.266481690935579,0.9822292295203268,-0.6374838603615531,1.958443632151684
1400,4900,0.6849224141095457,0.9385946933942909,0.7123492963058425,0.48737265448878114,0.822524739048435,0.40774974147573984,0.6891008500163694,-0.4127630650627369,-0.3291554206794673,1.310724766258701,0.8637031719958432,0.11128062810818858,1.2062509818761575
1400,5000,0.5716693732923146,0.3577999429381162,0.31311712217254556,0.8030779562725818,1.4346532294266423,-0.3768048408592053,1.4737402342685917,-1.1924948050098052,-0.17757753180931857,0.2636487996467786,-0.2831835054298211,0.5828062804458591,0.5671061403664956
1400,5100,1.1888760143680341,0.0589489874848581,-0.48422966044555626,1.0640973180137359,0.8075914460920336,-0.4424301046377719,0.5272176876430208,-1.0850099991044333,-1.3335474981711775,0.045339206647806156,0.9241826139088477,-0.35255456811270686,0.7066267800921684
1400,5200,-0.26555074654717836,-0.4503108024837335,-0.21820852494986512,-0.016333604302599943,-0.5859569864291799,-0.26601401553410786,-0.31975245665706004,0.39799376903098327,-1.4012847084003976,0.3847364761674954,-0.8000390311163456,0.02002770567263742,0.6189396675980386
1400,5300,-0.3423278104853385,-0.6258216860567988,-0.3480330863383325,-0.7629494458332067,0.3863083433077581,0.2557135438718046,-0.45254745890843373,-0.33963731075428116,-1.7217579049956582,1.019158820844038,0.24435025732261303,-1.1983381153189505,-0.06847012367049687
1400,5400,-0.4763013990325855,-1.1619739061106231,-1.1120223548132477,-0.8498537536815552,0.33227768487279874,-0.5015627901628112,-0.284514761411354,-0.7815448695515874,-1.4161512031366856,0.04986479846468681,-0.790151455046217,0.5442519140667345,-0.25175250088766926
1400,5500,-0.8873918666120018,-0.6400794033928737,-1.2027607957330948,1.1813610703673068,-0.060539722206036393,0.1466934887869113,-0.7352684172395685,0.1396007870088619,-1.1163200589796514,-0.5808667568420959,-1.16768642220622,0.1346944612031924,-1.2548702076761966
1400,5600,-1.1946979727325306,-1.0855400201495948,-0.8589426298598332,0.6787441300249105,-0.3430949507168049,0.6890644830878129,-1.4136992510247395,0.4439487492445598,-0.9355590339721852,-1.6602133277507065,-1.1420875543748772,0.14318795106462157,-1.5754609515082434
1400,5700,-0.4881899171103334,-0.4580528252145967,-0.32342206602623474,0.37559898521187723,-0.010329092061883744,-0.3762212136647534,-0.7744103144338839,0.5528400444984821,-0.8830878514296067,-1.126990629442618,-0.39678928546667314,1.2708457296114748,-0.9127380158896176
1400,5800,0.4614056820340341,-0.7731943366398621,0.09408078593136283,-0.471064866346102,-0.43900715416345265,0.04494498109184785,-0.4417466452619828,-0.7246644175561477,-0.08490536223003638,-0.6417821970900816,0.07662892365557727,0.6619208591847894,-0.9940997814878441
1400,5900,0.17084382834660336,-0.21722578691104044,-0.25342324066648225,-0.32603719584698937,0.18375541163478523,-0.9068257041450046,0.7936628388486192,0.029711336510874747,0.04465570899141045,0.24732258756112468,-0.026428653401706532,0.7926657522047811,-0.16641017318629714
1400,6000,0.37943689422012994,1.134823145035118,0.33461621362815086,-1.3048307149023088,-0.03548152493836606,-0.03943073599042186,1.0258922661990533,-0.8299669663589546,0.32959887459556036,0.5170099864762132,-0.12398369804809349,1.4948853040781542,0.2591510293869604
1400,6100,0.4254836141314973,-0.25074938652032946,-0.11494720250941859,-0.47542944442391766,0.2764889629694638,-0.8209190137865969,1.2599840151836805,-0.7360640715230026,0.3583848544615904,0.02832060597577891,0.2474852431470197,0.7955339676969075,-0.5577442929533742
1400,6200,-0.11224980844870568,-0.7263163502440629,-0.062315751382396485,-0.7782884984415668,-0.7933823948898561,-0.6599553922778618,-1.133966680622079,0.6560628413369849,-0.6059168592871158,0.1547951034174398,-0.48513412692075114,0.882498806510849,-0.2903737091351385
1400,6300,-0.36702941466378025,-0.412644285016203,-0.4266950017988304,-0.21412431026155934,-0.8577614462514113,-0.8282847988433378,-0.687453463847913,0.2417577686921853,-0.822652038987433,0.5341690020582176,-0.7594589901589806,1.176171877342424,-0.2379867252085103
1400,6400,-0.023458164783203162,-0.05862481376625565,-1.6022945097299317,-0.9869636959950198,-0.4232863690283953,-1.2293086361387147,0.2559174115263777,0.6556709759528189,-0.21314477321908923,0.08967786253676917,-0.2079837702272187,0.6154729605278404,-0.4969296070568017
1400,6500,0.34544706262974256,-0.35468285466467664,-0.9137930856427768,-0.1257732916661629,-1.512009364229133,-0.01998877293623049,-0.33368999567133034,-0.3184782777539001,0.5180145687325355,0.6087289010398527,-0.013129866503712553,1.0582723168807633,0.8390995351398094
1400,6600,-0.33156683981850893,-0.09381711090348817,-1.3298152056204169,-0.6808589553341715,-0.5984378230277377,0.7462270543200078,-0.0003425682141147585,-0.6523054311095426,1.159200798700147,0.11611583102779767,0.6332481613062385,0.04279974818690359,0.10027540126980372
1400,6700,0.18297288029432796,0.8770278525264761,-0.7453872164655866,-1.6821317320417501,-0.8342611686897711,-0.23675251741598446,-0.2085762772730436,0.7485125158843381,0.5394651907491973,0.7193179385176169,0.04646952258089219,0.5296860913391778,-0.26774676650806994
1400,6800,0.32127652016890607,0.6689823330560856,-0.8468559779301041,-1.2494118253748083,-0.5749617777830518,0.8052391527630046,0.1246177788690054,0.1503929833631535,0.8287005342966937,1.1258208092533009,0.473446263326865,-0.41886499102601304,-0.46935556446040294
1400,6900,0.40181164015197623,-0.15391454198160526,0.12427221553453788,-1.632122712172578,-0.19741263119481103,0.9365208766289111,0.005027120292101244,-0.4920497610251742,0.1421432083968236,0.6006123191099689,0.14678882548635583,0.7012163593670053,0.546921787869217
1400,7000,0.41340984068218367,0.47161174639627507,0.8461002303529115,-0.8814042687864998,0.848707764557262,-0.3759692999700085,0.3999161986714676,-0.6596337247880487,-0.562375708980647,-0.06521426856200686,0.6900600037463637,1.4796070156555476,1.3446360054210775
1400,7100,0.7459109755918354,0.026219757897140615,0.21313800116243828,-0.47734426003092706,-0.44557095909095085,-0.10543941547041584,-0.3863073935532018,0.22137916200996233,-0.7903199384129973,0.43516499691356914,0.35153945309677753,0.7329792492808819,0.48341045060997684
1400,7200,-0.5521886729890368,0.6525942121076685,-0.15081903427403068,0.3074256493337921,-0.4872547097396195,-0.2035621657732227,0.14650117291863884,0.031098840742529305,-1.2734750474760448,0.45936183669777353,0.4086811517298449,0.17703636155789218,-0.8544594760477836
1400,7300,1.1729831642247766,1.0857283365839439,0.6519210780074721,0.6124846527420407,0.5183167721044608,-0.26243394545363724,0.7710209045389764,-0.1251456673196006,-0.24728633827897648,1.1804849272943028,1.080867610299118,0.1087701666065422,-0.9128702419950011
1400,7400,1.1116142036322023,0.8999507409075433,0.5368306060312573,0.832859991217324,-0.013105509133062946,-0.6453390791963577,0.6809380311299676,-0.5211543425542782,-1.1230283768952687,1.447460883523265,0.5859044087449943,-0.19583501166942743,-0.18602564047886816
1400,7500,1.4638490440319158,1.4217255243001883,0.8257151300205884,0.8968548454008286,1.143019968915094,-0.3235378255494142,1.7538271414935247,-1.4374694723494759,-0.9812580953470081,1.7687578357462008,1.6565908108117,-0.7104450674609082,-0.11827671491493477
1400,7600,0.8286362036411927,1.862001192228007,-1.5502924044301873,1.3456834943910851,0.6203638819502861,-0.8699798979835309,0.9705504723683474,0.3094612983667822,-0.20547812817135977,1.0244039685373076,0.5515093864899263,-1.2099617723949492,-0.5001612170069628
1400,7700,0.2223940808100229,0.5544529500361731,-0.6301469663180609,0.5207925419857633,1.1087145388541242,-0.6199488870395257,-0.21865312960279268,-0.7437651997144717,-0.20273361221846556,0.8119354017907333,0.3616756294474416,-0.8064308264398311,-0.3979682416821542
1400,7800,-0.09274410843895847,1.43179487876802,-0.3026950686074876,-0.8698606439077954,1.254508348737899,-1.0570821670613852,-0.27560841298885796,-0.8265903193001579,0.9177155642206889,1.3211374382667842,0.04763482729460871,-0.444652227683689,-1.1630200794806052
1400,7900,0.9695092363455347,1.1557830200914723,0.527182530128732,-0.6026314542828577,0.9922684157411671,-0.27488592016877555,0.9713856078151327,-0.93476132489346,1.3995024301674257,1.1612144681562204,1.3941815995429059,-1.2377541902699627,-1.203581150158543
1400,8000,0.8967969102764889,1.698537416495458,1.0888687312025083,-0.9359498989996622,1.2236284652129557,-1.303317414102596,0.3567601224925534,-1.3135198664703789,1.5020103266749418,-0.12998383225368315,1.195419736680501,-1.5681186441959027,-0.3915134998226957
1400,8100,1.8518413938292455,2.052813428330197,0.9450669432164056,-1.056976935707547,1.244389500592939,-0.563692669010125,1.3059289235105094,-1.181657060309823,1.3120162577503791,0.34872755007299283,1.9541040346959846,-1.258981460527304,0.11930542640697778
1400,8200,0.9838646515476344,2.028938295135651,1.6913802400122782,-1.2061253595598669,0.8748065077742729,-0.4545877941947455,1.5796307218624535,-1.642768266796252,1.8337592729148577,-0.5569572856969678,1.8880216324578916,-0.8804937793532298,1.020555895408263
1400,8300,1.9196447378912698,1.6359294021099235,1.787450286144997,-1.4923047972237693,2.152957862282699,-0.45618471327610105,1.845617937442977,-1.090187024420641,1.2543957021758638,1.104809046361662,1.121407299046294,-1.696246306384688,1.5343058427312422
1400,8400,1.4899999856945718,0.8775773267437926,1.42830358723093,-2.072812360376456,1.3584354635487448,-1.1393617819902477,1.5413695481865588,-1.7279043886234253,1.6805532157956837,1.0591738823186192,1.8729993801768767,-0.7316982410975671,2.083845148682107
1400,8500,2.055141667171343,1.213896213667664,2.1489467495792924,-1.664995461355444,2.0060027737541817,-1.0837595337291437,2.2637905851877114,-0.9636581899623472,1.5544112859933465,1.2237249294446897,1.8261808246306936,-1.1017370908736739,2.039607585817293
1400,8600,1.0447705401260603,1.7869770114576777,1.9882044885963068,-1.2978742136893766,1.7808507376885658,-1.116060175525302,1.587946315447881,-1.1463575728729856,1.5457269276812808,0.7345326273947803,1.7535177962533899,-1.5155626764207772,1.9982275897610242
1400,8700,2.312892587255001,1.527176069061475,1.8326485975376177,-1.0139718657596575,1.5590662820952799,-1.590855320837741,1.7285234409283297,-1.3324976448572963,1.7719389752904557,0.6971783880677335,1.5243288202647562,-1.3740481368965152,1.5002498255356147
1400,8800,1.8583444819118322,1.6027051482059393,2.0096821095614477,-0.9431418013543824,1.4949821662161962,-0.8101786391387322,2.276873079682282,-1.6274684400172306,0.22820156899205216,1.4500162132321643,1.663923011081716,-1.9246740454754914,1.5956001916740885
1400,8900,1.7995864288520376,2.329601597966294,1.222617592360126,-1.4821548750062932,1.4698014006815794,-1.8285111264847482,1.8210190702926665,-1.4128717951244227,0.8155254521813853,1.0780828675117748,2.0270605461402726,-1.2762531524037721,1.423601301063613
1400,9000,1.5311891342972128,2.1103839195960763,2.0302351373445693,-1.5551969738360194,2.2345677643312745,-1.400649145061138,1.9600155556333,-1.0975149271004259,1.1645474697857061,1.2294668304390202,1.3185097379405293,-1.0805529105995715,1.7784237849926792
1400,9100,1.569490757766879,1.508831638845036,1.785225450234708,-2.299263944544696,2.1876338840222687,-1.492644858776927,1.9773006827528161,-1.467033639629154,0.5240735293297717,1.3822856110210768,1.2942881210211128,-1.0782103238165113,1.2554107814005406
1400,9200,1.4619821512890379,1.8843641547535999,1.6676553962589011,-0.7792895780012048,1.4830395394929605,-1.7809852734345608,1.1181713193478953,-1.2126452329777988,-0.008039461474299457,1.295123799014311,0.6133630654621786,-1.4578887003317693,1.465476029177432
1400,9300,1.3017193034148722,1.9710732068761412,0.8092965449386105,-1.5837623050166953,1.4661326132424886,-1.1269250073223256,0.9632481991551172,-0.9560512265951332,-0.9547755468717681,0.5074408283300224,0.2701622229956582,-0.985644377629449,0.5061001048299592
1400,9400,0.7093524789151986,0.6997398077491452,0.20703183561793315,-1.1051414674262094,-0.28218169103720525,-0.27127646814361556,0.5973214853212044,-0.7452626716188003,-0.6729272214460456,1.0106590835460683,0.5221101902089219,-0.7304151293031544,-0.0399659416654385
1400,9500,-0.7581650740151794,0.3305274107398104,0.29384238012349734,-0.44646232912460543,0.19052006182222608,0.558885877850615,-0.7137603104534685,-0.1905390142450766,-1.3503144846904944,-0.056153774407790666,-1.057549131819813,-0.19979762149394986,0.36707231697805803
1400,9600,-1.3372572680067458,-0.4506382723846838,0.7470849179082208,-0.0964158667675778,-1.043994416181795,-0.008855306398605402,-1.014853468415554,1.5773955729639366,-0.9736658105402636,-0.37538044299379725,-0.917601600402095,-0.03880207650888994,0.5495170560854525
1400,9700,-1.3636923480239245,-1.3596871898015916,-0.806891588929067,0.47593988602100334,-0.34799958647204027,1.1052852557169006,-0.7503446991057394,1.0842809353688623,-0.2387208647363858,-1.0076091326986556,-1.105775879825049,0.6249979126635218,-0.11150016423432997
1400,9800,-0.6650168688915518,-0.6101021224011967,-0.7373014912382838,-0.4340703281600462,0.2105004276995664,0.6644285417612923,-0.6191151671461953,1.3643291788334535,-1.0499566153366087,-0.9155446084595936,-1.2094414039457002,0.8872865421279047,-0.4151397500490283
1400,9900,-0.3466648451528193,-1.1483219719001245,-0.6681342543455542,0.8680689069393155,1.0970282692563127,1.264208152365423,-0.7629635662581578,0.9312757119378521,-0.46107419085923673,-1.584236830294217,-0.6405526626935929,1.9757939452737436,-0.24593370835135914
1500,0,-0.8625737859348991,-1.0268951966435202,-0.8267574926786756,2.0990290930154107,-1.482897944808515,1.3448850154727132,-1.2769999797315574,1.2240661687569003,-0.9021350261573543,-1.4716808838111233,-1.4240071143741784,1.7111290640969392,-0.36187384360437846
1500,100,-0.8140250342417933,-0.497500712589134,-1.3033399951190976,1.506333621714969,-1.250769578866294,1.5728460282071517,-1.2630570399854633,1.262364526984901,-0.928007754270191,-1.508655525776943,-1.7485523707279629,0.6235470845137971,-0.5236554113901589
1500,200,-1.251395171044771,-1.4961929747145648,-1.577973520941652,1.7524911867940818,-1.0806896352279756,1.1119780663243104,-1.304597161849161,0.32045570364578374,-0.8755306619722459,-0.43366866370830404,-0.6498969478438612,0.5640317250519971,-0.9843672537673498
1500,300,-0.9744099374116517,-1.4309679663247727,-1.3713942029844264,0.9184830973470185,-1.2412791706573671,-0.7768159590547787,-1.1319210659742611,0.6776926484300394,-0.9351391175752333,-0.5398833292457638,-0.7392880109769776,1.0463425345138413,-1.5105858020371363
1500,400,-1.0570801529534102,-1.6380939653910782,-0.46675072352132674,1.1303010264343518,-0.5175889933077917,-0.46939604010188823,-1.563492504674711,-0.9202813428243621,-1.115963232020655,-1.1907354488054502,-0.6925053936172326,1.3224672461499785,-0.57377148994651
1500,500,-0.3370589505848836,-0.6073927381355757,-0.33554967931427304,1.2691343407170963,0.021924276907342874,0.1952742560094758,-0.405326517291197,-1.5593010700300654,-0.6601586415526284,-0.8105497069504157,0.27187318902223423,0.3152466462290689,0.31344538423688845
1500,600,-0.008556601998408284,0.18254026778110938,0.46623755326569927,0.2486501927581942,-0.3726938888327785,-0.34096812423484896,0.19521638435633812,-0.9738741987819898,-0.7790601421465878,-0.7915231091168071,1.0946603861662476,0.2212201813274907,0.8001842644218202
1500,700,-0.4018554940442912,1.1608305750819004,-0.35391507185017396,0.806868330317825,-0.563845220118603,0.5916336933607725,-0.20864720666694173,-0.7216667356210362,-0.6340514086514251,0.48174717993929367,0.08525255241311454,0.7854480503005171,0.3998990671950243
1500,800,0.48924895130849566,0.5625518080701103,-0.056587894398875876,0.4743408904820072,0.5830423918224206,-0.38257499574727166,0.06773578597392933,-0.6137069679985802,1.049574344347837,0.3361737007010876,0.44772280636746725,1.1924481865717866,-0.280902081953557
1500,900,1.2122990686597614,0.01425924298494221,-0.0579906995404332,0.7326086671149512,0.5877311813050835,0.096834397549823,1.168328363850522,-1.0757759937619487,1.3396008318211274,-0.5785134245968,0.3477705260188917,-0.21946989684297863,-0.24938391867692694
1500,1000,0.7229089377674928,1.159002094456411,-0.0007528885565515942,-0.38181939337026854,-1.114134380955827,-0.469614327045253,0.6528253615783572,-1.1035602512979952,1.271066849700215,1.174054276149044,0.8756978337524105,0.49788674557094975,0.6360325667670476
1500,1100,0.138129074090632,0.4374473755869906,-0.6914681142892567,-0.34561259322830495,0.3526764350470682,-0.6116482336482956,0.00028985412138318083,-0.10489672714322106,1.2649179570754867,0.0799499508929295,0.13853100661655365,-0.18445554353913188,0.7816508168458256
1500,1200,0.4069366944753131,-0.2894334699042158,-0.294398226320593,-0.5290123805760759,0.2825260983751309,-0.9386642636046445,0.13346731220709804,-0.19246088610372844,0.40590458185670913,1.067962809950828,0.4848502502422985,0.8886164606709234,0.08850266252941656
1500,1300,0.21508292532391085,-0.01632892879609045,-0.20044711490285025,0.5262849227344184,0.2284659514117162,0.17439753722610563,-0.5058147520673529,0.09192465363489563,0.9904266228607944,1.4715645187024542,-0.04801733255913998,0.0488910480984139,-0.5286190140980408
1500,1400,-0.5724501464369972,-0.5301856451686856,-0.5094290437613863,0.623722912247815,-0.2997401664898507,0.44356116329981043,-0.12127398734058362,-0.016030160901227865,0.057590085485180784,-0.4984270481512291,-0.10965072190362381,0.49229269440871676,0.007333686344985451
1500,1500,-1.0160427848906242,-0.9395154108554447,-0.4922234185385546,0.44790632725370244,-0.35394899048121437,0.9383982376192385,-0.2741735502930248,-0.7746551280736258,-0.6701741155487879,0.6843748324071519,-0.7571667698237158,0.1785233514494815,-0.5006909550004647
1500,1600,-0.8602128517251587,-0.8868389283835023,-1.3730765694083864,1.5492751721751956,-1.2033587690382104,1.702945349953846,-1.0712816796795928,-0.7232721660262583,-0.7368940757000525,-0.2864741334354286,-0.7728522861874804,0.725919448863644,-0.685681622840003
1500,1700,-0.968353251013328,-0.45982977309706496,-0.9494163019901993,0.06839890795091422,-1.2845919302418087,1.1395266957144983,-1.071738260133247,0.4409762803114797,-0.9986758637139324,0.026685537384586438,-1.6992434779016028,1.338152100084447,-1.3790221603258668
1500,1800,-0.6201925886919432,-0.5284680926458174,-0.8594210953290647,0.3864946174060727,-0.4750088968255462,0.9142731754639157,-1.608125573390231,0.5371187604800558,-0.8237222545424726,-1.1312996653214602,-0.8933159789006017,0.8222258295828859,-0.08414590448726163
1500,1900,-0.8362686682926923,-1.3339676128144238,-1.2795636935456616,0.5364852636395159,-0.6159584168971313,0.6897434735021991,-1.0306201089295768,0.5131559344390156,-1.1824737886721182,-0.839228206432714,-1.3529275129946128,0.7401869335267646,-0.8107079817572702
1500,2000,-0.45319674785417907,-0.5576389783623801,-0.6900605295346641,0.05230477418992205,-0.22781616717602732,1.2801041571154221,-0.12472117883531642,-0.23880920644677261,-0.3239190266804351,-0.3221300927996457,-0.43307796085051203,-0.035736572155268514,-1.591511822263392
1500,2100,-0.9820256651283941,-0.672783931543619,-0.7781867263278843,0.3547288529402685,-0.6366625679093033,0.8501146871244782,-0.8398161891749387,-0.2302858365643729,-0.5046222047538105,-0.7328523291467711,-0.5260007355493661,0.6115538921740536,-0.687579895203255
1500,2200,-1.0457712703804085,0.10059371419618506,-0.6851143574159336,0.04953613330150876,-0.628789988861999,1.5688587650409211,-0.9297052266654355,-0.5407154110877315,0.32297033863680774,-1.0375579406680344,-0.6391769412703409,-0.7212286325011062,-0.28531987042523915
1500,2300,-1.03262327234638,0.5298534743756809,-0.13561170478771645,0.2687301882069592,0.5023463633881614,0.8466942588197385,-0.9614049117081933,-1.0834501929845624,0.9613039439292115,-0.08900141390496305,-1.1533714304227083,0.5985674816232929,-0.3315412246219738
1500,2400,-0.8075147566122508,0.2693825233943304,-0.6426779799632882,0.5939602385743239,0.05838927400038816,0.15268716720632677,-0.3119861699849439,-1.399708323035771,1.0581950682215406,-0.11466376976039186,-0.8457054887307156,-0.5015587570781246,-0.04988935908664113
1500,2500,0.6916729822357631,1.5393897783473245,0.3851827334316327,0.6496761502401381,0.197891472965988,0.0010692811740882111,0.04288249043873285,-1.5361276287619443,0.7614457132155833,-0.7357140006564278,0.22389455194336308,-0.25329809528957237,-0.43865354447024907
1500,2600,0.3766609305629437,0.9843231262933192,0.5519795775980234,0.399150873357662,1.0405179773622668,-0.5312478765681244,1.0891108681888757,-0.7669277303725622,0.7738798786521048,-0.9523963394597785,0.6549775584596961,-0.5755588002679696,1.065648002317164
1500,2700,0.09719647813193806,0.8192340710471927,-0.019634714419516867,-0.4431796678820444,0.7928068997724064,-0.7743178510975885,0.9830374723615228,-0.729837727784674,1.2564147647083592,-1.005949108014377,0.5909636317633108,-0.6171406694467165,-0.5720154018665439
1500,2800,1.1185622827492334,0.9055260514921315,-0.672136777663885,-0.23376134053145273,1.0203298692917808,-0.9129303079605767,0.5108337176581902,-0.9370436508030361,1.3660361040074236,0.19511313241714826,0.5886777624671683,-1.51477243376784,-0.30099975415413815
1500,2900,-0.01660717755944584,0.46289744913098907,-0.31314619700249047,-0.2794579236812251,-0.24681926314527622,-0.7566715173451816,-0.4999135083664536,0.2460091248465155,1.3772984095918595,0.10969715350323266,0.32359889237694456,-1.889873824082171,0.25583032845626374
1500,3000,0.5966722702843483,-0.40389835555062525,0.7890120739858564,0.12520677966801028,0.1405137533299147,-0.4007857548752896,0.14683186389241787,0.5577159714287103,0.7673489172575516,1.0553191379836082,-0.0630765654051405,-1.0982752030393494,0.3331383342620403
1500,3100,0.31913451458818926,-0.059550087080812164,1.433459360935648,-0.3681782712041809,0.10367177300229193,0.1283033959066485,0.4317777211360609,-0.08420598222285329,0.4754017235284178,0.9072924235278746,0.9652221810405627,-2.2532579480743262,0.10884353210642016
1500,3200,0.6251209296051293,0.18331953430577574,0.47049359329902907,-0.050299380793208795,-0.09997797867633523,-0.07213428333129854,1.1510629964968557,-0.8091814423383878,1.744642280510646,0.9519157957924679,0.25720260468568834,-1.7373690600733596,0.7010091432840719
1500,3300,0.5784770475513792,-0.021874186591267285,-0.29373935042696153,0.07373286734177148,0.5125242277389951,-0.8382792843398134,1.2461099602929466,-0.13977798354699938,1.0972924586030028,2.02500178159555,0.3498380252310501,-1.1898440858705959,-0.27916858603772554
1500,3400,-0.139694967379486,-0.261840872346557,1.0004070852387499,-0.039133479018756766,-0.4350822361200262,-0.36517081581330274,0.4521548113457317,0.1876782792994698,1.4188559480665126,1.3460253622016867,0.63030641030353,-1.0497414700882195,-0.47030678288659883
1500,3500,0.507947637997311,-0.199088515265666,0.4337999764137339,0.15606755340193268,-0.2924146597232698,-0.15697546306591867,1.079373443954557,-0.9892049460881918,1.3922134503707633,2.144238584051366,1.0222331210960234,-0.6394064826849024,0.986884702337501
1500,3600,1.8229785650007264,0.8790391326234056,0.29928233123059783,-0.09719135443723158,0.029782342714713306,-0.31705856425714163,0.6812632839299156,-0.2684958843825556,1.3610051278063349,0.8319587299840908,0.6756118229339825,-0.49526306310277873,0.07087979628973116
1500,3700,0.5266324226567388,0.35262298817228604,-0.43694011397154253,-0.9488591995370291,-0.13836073042419078,-0.606423964086258,-0.014987114292420377,0.7075681781005325,1.0580403408401327,1.5557112344680852,0.34852562064524284,-1.1624311720280116,0.3369695967146713
1500,3800,-0.19518178532537128,-0.34605148796670576,0.7248867559195008,-1.1611605177285094,-0.14002171881160883,-0.7962262578848164,0.8834086617112835,-0.8880469617151205,0.950788460576844,0.527285305752203,-0.11618094812304647,-0.3948280155535231,1.0206965153697152
1500,3900,-0.43877637462585395,-0.7110672503680548,0.8765441204660861,-0.16393544945776187,-0.7536850404375501,-0.21703817937618125,-0.2070190079427055,-0.31469609644071017,0.6523509462756175,0.9770470920825077,0.7240566004627642,-0.5233061832164934,-0.13077513543170483
1500,4000,0.22122625584908762,-0.5700203156827223,0.4086510715087378,-1.0698579613865382,-0.5373401132600772,0.550450519008827,-0.18377105542878058,-0.4266488034098845,1.142756134712637,0.9066660741861374,-0.27788224413777823,0.5628352498728906,0.061031829475479915
1500,4100,1.1502441566764334,-0.11600321775364626,0.8477070722831248,-1.5911979657615603,0.9828337410938237,-0.25288577335313384,0.819591799431098,-0.7216111581926512,1.5011355715530086,1.263303958239376,0.8700392330987448,0.21199506989901692,0.403636671152148
1500,4200,-0.46538591840173493,-0.0578495855249954,0.5169813552855679,-1.3308144084560114,0.5981775470699024,-0.09224673386937482,0.06774178141813285,-0.8018094083423465,1.4733304121919668,0.6655494268607319,-0.40445205453700683,-0.7546477182547224,0.9211473046832216
1500,4300,-0.6635954990489815,-0.48508335019076465,0.25628258934241,-1.1081409111315665,1.427113165079705,0.6725480382392093,0.06904731489507109,-1.7541876108561643,1.0143937226723907,1.0507093137873347,-0.6303396914647686,-0.7890012791726887,0.1233850804536814
1500,4400,-0.25058527101109007,-0.2890927343399967,-0.10160412818595405,-0.7478518411143573,1.2203996782771138,0.4892880530017485,0.20114993989726934,-1.3045754789478825,1.852345493238108,0.9837413916308239,0.6577356119437624,-1.043226665418565,0.5533958093964442
1500,4500,0.6360625511725574,0.3757495377134978,0.9550370283253986,-0.2548383622668035,1.3859138638544242,-0.677709682233003,-0.07646918658861458,-1.2276037691492339,0.5553197966286668,0.5750825738149746,0.10963053563489285,-0.635953331312166,0.4153615335799718
1500,4600,-0.07588248685127563,0.34551619202520983,0.41881135051410673,-0.6530138961139725,1.0437902145598101,-1.2905774166885997,0.13171356202803833,-0.34136104872142525,-0.45295395084434403,1.1575552223624954,-0.05732211695111948,0.0711021203729929,-0.38861482132611497
1500,4700,0.6444565484678042,-0.29980143813515875,-0.14604139816717335,-0.1821470729253501,0.8598552378575335,-0.7576453021389674,1.4710104394805898,-0.49534313123776735,0.323402333493764,1.933145025136223,0.801541532745272,0.012978731368101341,0.07405571113090638
1500,4800,0.8443038730017816,0.418858746779144,0.8453194837625477,0.001637764933410104,1.5684312478626128,-1.1228329815257296,0.14658495838174046,-0.8734038035273541,-0.3269361015102346,1.3685110650877172,1.2825216914913682,0.07490567541727486,1.3725767795256156
1500,4900,0.7421265482161153,0.6611639704720679,-0.1866110178064582,0.18711186845587235,1.1153991491966746,-1.1199924181142484,0.6567992841867365,-0.49350677993164416,-0.7715042397513703,0.7873061647489308,0.8178032795231787,-0.12625124136773938,1.2181466751957122
1500,5000,1.2523602920737125,0.3623398343428254,0.5884207830860398,0.5802139487504102,0.9505116986923271,0.36258111463086107,1.077213282903562,-0.868230827100184,-0.2862283424881037,1.2204218647035638,0.2690243772966605,-0.057066022093973316,0.4087099024485112
1500,5100,0.6262857549052281,-0.031629222092250234,-0.16334214666564803,0.5338908810834198,1.2055656352604516,0.25837503828701613,0.7040440285810969,-0.4261204190361923,-0.08139208571378478,0.8252254156760884,0.6647014798508607,-0.1025592377806921,0.5820233704557592
1500,5200,-0.6067651529586734,-0.4441101879925931,-0.3361884422398155,0.30004597489364365,-0.33882797745047005,1.0363264590485508,-0.9417860579271398,-0.1692555208198853,-0.6357372263754787,1.0384070108406809,-0.20744211014851008,-0.09077424170473207,-0.0417850564634633
1500,5300,-1.0196266182735068,-0.8037694936175623,-0.9056100120103887,0.23379809159408382,-0.7991034135875895,0.7135322853649259,-0.3719343760299554,0.12468614904636331,-1.7453279975298326,0.6414142400757668,-0.1720763242351115,-0.5930193944806943,0.6769947465271513
1500,5400,0.004248764631043516,-0.5326377497604565,-0.7913238731844112,-0.18764349088084514,-0.278402923711475,0.2638601339414827,-0.03358217042708389,-0.5181316914087842,-1.8273333458454746,0.2422287828354345,-0.6584651321414626,-0.31327528366163754,0.4270682251714275
1500,5500,-1.4691870739793325,-0.16602711418300212,-0.7391710201587625,1.5315513063309518,0.20236603119422975,0.3759749638260498,-1.4436744030092747,0.5232040186512262,-1.0117999023389588,0.8873619078651006,-0.3407155076946333,-0.08650597656469265,-1.1925885196696755
1500,5600,-0.6943808533058421,-0.8341461288246385,-0.7467928662490898,0.1437803319240773,-0.2622097712804395,1.733312143877378,-1.2197681810020935,1.2845660456468027,-1.3863059154945259,-0.24140607288274685,-1.1302048927003843,0.060754789484044475,-0.9561878596227107
1500,5700,-0.8634795775421049,-0.7868567324893548,0.0030535544828494752,0.41489599853293896,-0.677439347546726,-0.024987423597391475,-0.709767904935333,-0.01472539433420703,-0.6480946192192425,-0.6933620866490722,-0.28436755438124856,1.9072837120393589,-0.9794289922565589
1500,5800,-0.5418048186987714,-0.368483673618712,-0.9797865163983074,-0.2742625749116495,-0.41262991053002973,-0.17284084013905024,-0.07397731064778505,-0.4033115378220157,0.3583106510758876,0.37315790208528193,-0.360734333584457,0.47550910106977673,-1.2299604167633964
1500,5900,0.19439898559159913,0.7447912851179895,0.31947868486599457,-0.3812966976599608,-0.3277386377509479,-0.08994551442916081,0.8833678307852154,0.021169233156285182,0.11218128734447295,0.13871285663551727,0.5252363477860368,0.06441559082103786,-0.37251425453611836
1500,6000,1.101001724555029,0.47640783486580984,0.5548311229133317,-0.8063182712016421,-0.009833234908454107,-0.14267857182787255,0.5542237950344779,-0.4505168792568857,0.3538185860460673,0.7356890405764356,0.7128202872475563,1.1249391122465384,-1.0732575136908284
1500,6100,0.32807020708979784,0.24074772070504696,-0.4348420904610777,-0.7541093280761739,-0.40002856222509703,-0.5514123761830667,0.40047326269991296,-0.40068712434882525,0.23278494974870548,-0.7288511273047149,0.8495015272212918,0.6962665909104321,0.406118031275795
1500,6200,0.5051838834381004,-1.2032080085601364,-1.1541285737744964,-0.6077117481254145,-0.7721533463522423,-0.36590623062606537,-0.48330717444785054,0.7901297874284874,-0.23985180937297007,-0.5172676910461985,0.24049631255789286,0.6130077078066716,0.6650987725467258
1500,6300,-0.381812421078527,0.06566028462406016,-1.1735432482481127,-1.5834633831930944,-1.7265037694797305,-0.008045232243016308,-0.7878337667051952,0.18628518771725402,-0.8318011923150449,0.39592460320442663,-0.4885551970634943,1.0752337698045815,-0.02087025932631547
1500,6400,0.16273417330171472,0.31923715956334403,-1.2600305476953801,-0.33629275960063415,-0.8890624989376036,0.04531587598901161,0.2041941531203761,-0.19046401472307004,0.14961492595177503,0.6503475441734499,0.42942120102000947,0.9970366808615962,0.014749546580406184
1500,6500,-0.44297764777074605,0.1601242460591372,-0.8249789511223216,-0.39835538854798846,-0.3241416868244187,0.24568780672285662,-0.5507782334290096,-0.15181286606750297,0.013841314324525315,0.8574838759646413,-0.37275601234294686,0.5685443750213184,-0.07673060149814223
1500,6600,0.6276298987407644,0.32140047445730097,-0.7478339856089169,0.1751685338489983,-1.033411182173818,0.5820537343652842,0.26143374193194874,-0.06898629474035566,1.2869090268058416,0.00699495612873742,0.6086809697882457,1.560106042249288,-0.7102399412053337
1500,6700,-0.4155408009930432,-0.2167784201275154,-0.08934198112715623,-1.1575468345388755,-0.5573401888915558,0.505079968624722,0.18457223530406436,0.04129835350371062,1.2196165880880032,0.42834055259387344,-0.27837190547800544,0.6260345382125881,-0.3530596850456531
1500,6800,-0.2983099706331059,0.22663364985092335,0.22412072442342282,-0.9734586364704946,-1.1432643327757885,0.9211771100117023,-0.34806967130921196,0.4285112573470369,0.45079425954986013,1.68975400942277,0.2978614952717712,0.8907349141674246,-0.8308183508745197
1500,6900,0.05448338966239692,0.32396032305504213,0.5479091478843177,-0.8640207880637546,-0.7454410319466198,0.9304308997846411,-0.047500650569402225,-0.29675684232331395,-0.39408959625804163,0.8826512629040628,-0.09385723768735693,1.3181679032214562,0.27885379507577424
1500,7000,0.09171510274035995,-0.06661229934060084,1.422613754452283,-0.8425424435778256,0.17303078540522127,0.0006956615322279122,-0.17610285989652016,-0.3348253909822693,-0.8325389618247113,0.23005947900423326,0.7991421674329672,1.1134620970370437,0.130372068945988
1500,7100,1.16552311954125,0.6639394820426555,0.5674543439532355,-0.8416381685361635,-0.6646623132663311,0.48142984133286837,-0.18271405718052341,-0.21116445047731325,-0.4302801430544058,0.6308001545606031,0.3452341434279474,0.4801028566972699,0.43485050558576926
1500,7200,-0.9108313354148357,0.5053847226079969,0.6485015075840509,-0.018093593452232368,-0.5295408101686896,-1.1240450825261894,0.09578827042186544,0.26210178443994137,-0.6961753088752877,0.30390154238373424,0.1149327041431729,0.1492965228379228,-1.094386251113982
1500,7300,0.40218790834880186,1.6310904158592847,0.32065363734727537,0.14208085476921475,0.6985525142305505,-0.13265959176296963,0.4568021718740802,0.1858945162909391,-1.0489523684804327,0.16444390795024,0.17964548223083743,0.10277819855669372,-0.5257252636481091
1500,7400,0.962135841480652,1.0318202903452842,0.7212475191831603,1.2387649618232845,-0.06077652496886167,-0.6028871478481687,0.19290572740052153,-0.3407906298162414,-0.7299793984308678,1.0453998160072127,0.8503181483333941,-0.5012834071641891,-0.5976415544111321
1500,7500,1.3743287172517864,1.3165065564986382,-0.09802158529981442,1.2107175294575296,0.4830591963455841,-1.5365697160342455,0.6628815681246735,-0.8980922031199602,-0.7413190186104712,0.9950819296442951,1.7206072503654508,-0.35016236388146316,-0.3786666189369275
1500,7600,0.054255155275643153,1.370252182264708,-0.9240301379099184,0.9633121669744255,1.2182345274223685,-0.8857323805412862,0.8394028573114749,-0.35911756296811703,-0.12907233141209307,1.1479136643591064,1.3973479737390424,-1.014552435731815,-0.14889671887886474
1500,7700,0.049660600559803265,1.1351698939270058,-0.3834400824011399,0.35492344524712355,0.1374542675097245,-0.5755167198112755,0.47111858659862665,-0.7096407984723575,0.16484632279410122,0.2779154127750025,0.7339707278946405,-1.1129431877663565,-0.31758873783990454
1500,7800,-0.29139850180754895,1.1703539071921063,-0.6784723055449212,-0.7976778056271044,1.4533185908311645,-1.1430912074647683,0.0785599901184232,-0.3544462593297178,1.19600208588675,1.558412718294769,0.03331608601099526,-0.8742099651748497,-0.358881078259556
1500,7900,0.4888285133743279,1.0350890346099793,0.3096015699534635,-0.2880513915763112,0.7721212925335579,-0.11734800616385806,0.7112716495861259,-0.8846557225637544,0.8287833267602127,1.3763700694683259,0.3677037109365587,-0.5455058117320578,0.24683792687180706
1500,8000,1.24178953326601,1.481100668408195,0.7138151975727727,-0.5389653621294039,1.1184207965925896,-1.2266025052933993,0.6084942368459081,-0.8361248510583567,0.9378385310842431,-0.513295826911752,1.060496160702782,-0.7901128087123248,-0.9372195462017365
1500,8100,1.154141420241602,2.3856837807856675,1.014985627219865,-1.3061867826527191,0.8993390487209288,-0.30179329122702714,1.9351137705660297,-1.2693692580363762,0.5049619336070573,0.005973052426072709,1.3089916569217117,-1.3682405031020315,0.12870027230154138
1500,8200,2.240839592770396,1.7044824135170562,1.6812273783706984,-1.5536558756038208,1.4496379956738528,-1.0497506021542664,1.5981855549513322,-1.4224269818600983,1.3700331080788322,0.06938663835065129,1.2392103032923698,-1.572200564029006,1.4563301694251776
1500,8300,1.786065630499626,2.510844622095723,1.3217207980521457,-1.3964514955696425,1.5354880621587788,-0.6838061160788027,1.5936525543368703,-1.59079280901374,1.415091472645835,0.8289609680897536,1.6629301991136733,-1.6014889522867202,2.1533448296547077
1500,8400,1.844954661409432,2.364045799127847,0.8872281327691423,-1.5181693699032406,2.4286309415679366,-1.3773081604556663,1.961106026661865,-1.689503619142636,1.6030971700896601,1.3741667308289292,2.17631473425523,-1.0482301376218688,1.3593992742679777
1500,8500,1.7205776496817473,1.8371988538364696,2.164238356479312,-1.3048826507025113,1.7542502484040612,-1.0889529746536382,1.5155334857395726,-1.8615658528881858,1.0794864953980858,1.467590003294831,2.2674333313669117,-1.8021537619207413,2.0351398775527505
1500,8600,1.9409197346644322,1.1097454952155137,2.480453802618957,-1.7804656548176758,1.69081858012366,-1.4021674224682021,1.5498119907771626,-1.1481281592792894,1.2930508772663263,1.6858893712918233,1.795185618538662,-1.796197837626722,1.5347426593283047
1500,8700,1.8664096734699966,1.824690177825391,1.7655566117934067,-1.8226351454188074,1.8768592499240346,-1.2453608828941303,1.4992001595105453,-1.8727626891766898,1.4073972124365406,1.7438307195922946,2.111408950656767,-1.2538752878410548,1.8413076728077407
1500,8800,1.863360334198403,1.8920577999070467,2.052472711483351,-1.1410869425431922,1.4304437031853232,-0.9941316009285451,1.9220669902141287,-1.669893733646398,-0.19354577785801783,1.588528958315694,1.717452305674463,-1.4974238212771231,1.5803378590308976
1500,8900,1.9095247217881501,1.61052777620693,1.9114919576096732,-1.6919195774517857,2.126674758586691,-1.3603582655825877,1.4520098644304713,-1.6217672023165883,1.0375090643065485,1.7186725155444869,1.5559740440984104,-1.4789353081649064,2.1322805710603476
1500,9000,2.539722823949078,1.8745112655960297,1.8462873214114228,-1.1788298200552383,1.8343767976011158,-1.4311193019800499,1.5912561518952448,-1.5857029019460425,1.0178699746009983,1.2488175683282172,1.8105100468314255,-1.5921506852067822,1.748531052071982
1500,9100,2.0250827529609583,1.653080896329946,1.937457766897616,-0.941545981475496,1.7140598662458644,-1.1635069666234283,1.029039660310964,-1.1618068704859787,0.33326477028644635,1.5229917384064717,1.331362992126221,-1.5580765267085768,1.492006382157294
1500,9200,1.2260839157209453,1.3296117532249236,1.779801055471052,-1.8000014571160532,1.8141905004379832,-1.971888237987166,2.237522496381866,-1.409641483293052,-0.03476858740424956,1.3004351557211329,2.0155959557118104,-1.587691533271844,0.4074382761192144
1500,9300,1.0810265130717898,1.7753118535168373,1.189473562311362,-0.8960738010239763,1.3182917446287732,-0.50167287379644,1.4737653454965347,-1.1975475433817269,-0.7216781513700036,0.8089734781303539,0.9791816235736751,-1.016666605915137,0.8739415628396939
1500,9400,1.4320169381510823,1.8767244007366408,0.4693312608924581,-0.9080195273578398,0.14431778253420596,-0.8088049841750785,1.1767750982878151,-0.02576092704446783,-0.5354957611374418,0.552149479465443,0.9930424895666428,-1.3391409453791279,1.6763350418374363
1500,9500,-0.9971874419003512,0.05966444742636211,-0.46005589511790207,-0.8976350326712901,-0.4213696735301921,-0.0462276942464914,-0.09057259118770172,0.48882696059596115,-0.6612941823521546,-0.6325663773242308,-0.8781695675980488,-1.2075817687939707,0.9857473980253071
1500,9600,-1.4049332809181594,-0.1665112461438573,1.2087198188784747,-0.3247392596239662,-1.176365987162256,-0.49744829690580744,-0.5821209603820461,0.29998990679164816,-0.9723640325944625,-1.0256096797425251,-1.4792074628289307,0.2850420950775221,1.0522400900795126
1500,9700,-0.8719681025408593,-0.8586730280455027,-1.0221444224239615,0.22417685504013565,-0.7515442822181249,-0.2166401178285014,-0.4370146960767757,1.2391436554754574,-0.3984000424574102,-0.9056117680457795,-1.6047920069688815,0.7589589078100355,0.012603461460702547
1500,9800,-0.14155577912363332,-0.554956534584178,-0.31071259568245335,-0.459808843151513,-0.8490632024385526,1.2196568556848197,-0.1892901200524768,1.3556549249746261,-0.2872970558771352,-1.6204144923357873,-1.0151800679569656,0.3518307522092538,-0.33899999990529794
1500,9900,0.16508332429791597,-0.552894903444083,-0.4969188894606499,1.7784766796041414,-0.13260394863735486,-0.011294826091018973,-0.19054719316356297,0.6960478771796951,-0.8364690643529111,-1.3221871340123157,0.8431732067917393,1.23113652948169,-0.11253869997245537
1600,0,-1.6311051256354578,-1.5843865659307736,-1.6079809683211397,1.1869719063059212,-1.5266041016659677,0.9316942761669692,-1.9888057750871146,1.788224403988277,-0.9037136720794816,-1.035262478666757,-1.0603745515596898,1.4624181885550447,-0.3974488810300164
1600,100,-1.2003293900446723,-1.4053333136338593,-1.6639344665941604,1.390676310779771,-1.5644898535129232,1.6777579764942454,-1.2292553790734926,1.1047011429962577,-0.7146227887396139,-1.2594357980612882,-1.388253527786334,1.1143608400676548,-0.9249706545038437
1600,200,-0.8610688118564074,-1.1514432797373937,-1.3110888285249693,1.889800514509586,-1.4734875493244226,0.6471077889737095,-1.583477198663583,1.2004645024249638,-0.9507396814872694,-1.2414160971970916,-1.628259154025117,1.1252842872350737,-1.55230795391355
1600,300,-0.9010300296603776,-1.5982869242885769,-1.5528989696866067,1.897299619722209,-0.9716669013875797,-0.3023404067386623,-1.0895823633861696,0.40721066292177127,-1.851270124704435,-1.0064245093544117,-1.3687654389857848,1.3422199062106068,-1.1173918673370924
1600,400,-0.8775799054038889,-1.3267216541924616,-0.9313054419131402,1.3924850397899935,-1.1281189304582562,-0.22509921379776857,-1.2964784564727254,-1.1078904791701776,-0.9308519922106488,-0.514516600243211,-0.11417884540223969,0.9306760670467397,-0.4282631804128471
1600,500,-0.016982610900367047,-0.05367572986862061,-0.40115640552156273,1.4458609430851692,0.59061510844655,-0.29651081105437016,-0.20163083047789032,-0.7169839839021646,-1.0510917054772433,-0.8586576960444541,0.18726244584062812,0.5450807194636629,-0.1620813511243119
1600,600,0.9145183535449619,0.5558857168439634,-0.38621507917413717,0.7515720339156112,-0.055670231756063566,-0.08542481363817216,-0.23680857416331622,-0.22730486040604223,-0.45930577124375793,-0.610255701205993,1.0755239006948578,1.074907774034843,0.9620091659537832
1600,700,0.741646927330201,0.34894276340144476,-0.4500520855646426,0.5957868432294122,0.38946449796709587,-0.3235391607845546,0.28582001690907316,-0.5647395793605631,-0.11106995561636046,0.19472821678637992,1.080980785053681,0.714307855871391,0.8270859315495538
1600,800,-0.07928416415693633,0.48502575341097914,-0.945527417944982,0.8556893497108712,1.356093935044195,-0.3470678656225683,0.20165621339547954,-1.138645358744021,0.5509781291319918,-0.18184779298055523,-0.03619475196502982,0.65104956349793,0.17230391788530763
1600,900,0.7972964297272767,0.40233114720110663,-0.9653468945512571,-0.03405281318713033,0.363498377372876,-1.0064201513554993,0.35447908315024307,0.24479269031404455,1.0574896835234564,-1.2398351378832166,1.3355435487532177,0.08221596922472757,0.43131250910324964
1600,1000,0.4039156187823046,-0.18239470909992128,0.48262525962695985,-0.8593800019380604,-0.7829577859400589,-0.9738571661939568,0.6764350251831928,-0.7444652502640702,0.6714166444860231,0.09081074743904177,0.7331561326780754,0.46213162613939324,0.8523946190103926
1600,1100,0.07203360987058656,-0.11703341682970632,-0.7542711421925894,0.1848034723888943,0.34731398817503883,-0.23129364059719332,-0.7563318591608384,-0.7031201228845237,1.4952901322161951,0.11278361080263441,0.4395859357682976,1.597345259547949,-0.22793323897257886
1600,1200,-0.27021987217761784,0.4731242693388617,-0.41844109483977476,-0.21355302744486218,-0.09952588197764553,-0.22564984276557773,-0.4578649294369624,-0.11548346920840206,1.3265092930145486,0.015185838401977,-0.5542118958582506,0.8014504583339168,-0.09008744961234716
1600,1300,0.13980354768703845,0.08563745530128124,-0.8793770337738535,0.8112368974822352,0.8874159101601922,1.0792930492319668,-0.6479188530028435,-0.2987443342895365,0.37716293772712756,-0.006706561705503994,0.2643032340366505,0.8490649953169839,-1.0376025744376576
1600,1400,-0.5170572426883644,-0.41038425188407185,-1.016365154532609,1.3535845827207882,-0.040026656148712834,0.6619236530869007,-0.5495651835285094,0.3753082561583812,0.29341019660640094,0.18503831790664216,0.5429708346915693,0.3739359389130981,0.11348130047397806
1600,1500,-0.8696236915490683,-0.4509726117353184,-0.716220996213098,0.04302015932870109,0.26648607254537104,1.6199253791160724,-0.21458206144953926,-0.2633507967237651,-0.4757499819460268,-0.20838213334671832,-0.8846131372800149,0.7401354830996302,-0.3240274563908516
1600,1600,-1.0075446351175732,0.04162770429710428,-1.1162545430629736,-0.03976534576645528,-0.5907584215023554,1.39953901171573,-1.1985569707295305,-0.023170626805393477,-1.0025803982596029,-0.13304735084168695,-1.2699448794876294,1.2109210231943548,-1.1192529161717695
1600,1700,-0.6164837411530387,-0.1934671781979278,-1.270350541238485,0.11733721519330287,-0.9031698845040711,1.0342750457500636,-1.2781949083045083,0.296480985156891,-1.5667923248586184,-0.5091064417917175,-0.9036348298738781,1.7522297469759975,-1.0353705090957441
1600,1800,-0.7880451785808719,-0.5693451856544611,-1.225697023565174,0.5263080115606421,-0.4297044159999253,1.0387881181023504,-0.7255000554663705,0.6539584457569089,-0.5563741732885981,-0.9652252483473498,-0.9750147986523514,0.5521605267832171,-0.2815248040969035
1600,1900,-0.5398246233978397,-1.309200080746275,-1.2023528974893982,0.46358062556095647,-0.2656042427737432,1.0570225334144265,-0.7438197701662173,-0.617761592803734,-0.6973479776190893,-0.9098029650597016,-1.3908280202406869,0.3937821099065242,-0.4205977923071935
1600,2000,-0.7337150058625257,-0.08158202269253474,-0.2773097741665865,0.5910515069156145,0.14566996862101533,1.4049009376672394,-0.6599772922323004,-0.7195337049281497,-0.5990799016537014,-0.7981616801239847,-0.6956835923841894,0.10724843933130851,-1.0309873211610354
1600,2100,-0.8536061418607085,-0.030847514611983862,-1.2121116094016269,0.10731793132065237,-0.6668013603551636,0.9474566722302622,-0.2795300007322455,0.2031206503048369,-0.24836161700987888,-1.2952706689156404,-0.9809004026866289,0.18893992741286075,-1.3059818142978536
1600,2200,-0.4872672947760915,0.8803566802319679,-0.29013250012051656,-0.4689536821579795,0.24413641241468348,0.1680341449233487,-0.32256994604786676,0.025578855307900522,-0.21607220277270245,-0.8368313997816929,-0.5854721373068064,0.2544615388443694,-0.526037212527082
1600,2300,-0.5394757373670811,1.096700219212283,0.037912940488408216,0.732368287176098,0.29573302011929004,0.095574839295479,-1.0740807927308371,-0.6347875923036232,-0.16979859633227268,-0.6773855104806705,-0.0916257459161343,0.9165667596111389,-0.40265082585551193
1600,2400,-0.5509753642538491,0.8160816158087577,-0.048530574656056785,0.30070203802125534,-0.2956908867788136,-0.07772921637174283,-0.4901748687013905,-1.7431609331198175,0.45660948120827227,-1.055078749998483,-0.6593943702857099,0.5473926788705129,-0.7686110918910825
1600,2500,-0.3995128994893218,1.126358193170994,0.19839549485814456,-0.20682860989208413,-0.010935204734098787,-0.7987055325600446,-0.4147440031255844,-0.8573838025054817,1.0872021740653728,-1.3075636401478026,0.15463577953638097,-0.35291304043078336,-0.21990686445635152
1600,2600,0.5050045632513651,1.4621412637821536,0.1100664097114518,-0.4226557461476038,0.6086941343564696,-0.45418607789303306,0.704825791802791,-1.49436700479071,1.6845941509852054,-0.8735094482398916,0.20279574327798175,-0.7693902908258297,-0.030890566464146153
1600,2700,1.7198479102149657,0.6328483515033689,0.24181852337667303,-0.17807258214348373,0.9453195338100406,-0.218003487427654,0.9010976598580791,-0.8914585046941544,1.466785262489977,0.06981754196342747,0.8518931522822948,-1.6283418344744254,-0.28054915943108627
1600,2800,0.10983152954441894,1.2497488658990747,0.2985300222666157,-0.1620044819178524,1.0286337562649923,-0.14484709011034552,0.09570369617876386,0.128227703688766,0.6726321329022884,-0.4703483544804888,0.49659203669462965,-1.037364403324209,-0.4306266218771087
1600,2900,0.19896165693670698,0.2841602565992813,-0.5589378668110961,0.3087020565271553,1.2147420869486698,0.13909876965624735,-0.06337125902164926,-1.1160542912105507,1.5122453388318249,-0.05809342441581943,0.43789353992293745,-1.593277738907976,0.8568460242004922
1600,3000,-0.1619843207977294,-0.42691138556117697,0.49673541082347805,-0.7404238885715099,0.05085659644355665,-0.7415953861224821,0.7650884567159331,1.0746169890103963,0.8978652922259815,0.7260959917588979,-0.255563033690372,-1.166224397777217,0.40068029769946206
1600,3100,0.0929243347353302,-0.6646956054238741,1.111051124319426,-0.2701520492910031,-0.0009000454876556488,-0.4327220718568564,0.49093313327178595,-1.0311119226971268,0.6944378665876492,1.4074438432347716,0.36188748266280074,-0.9566604145879437,-0.31684664406710517
1600,3200,0.6305638527428521,-0.7209094888944024,0.4137789632666156,-0.88317597642179,0.27517795737685485,0.14726785179708268,1.199720119799099,-0.40611888702606025,0.6490085417876119,1.1218019334447429,0.7822461924727915,-1.0734103638993895,1.041365894062251
1600,3300,0.7376014836601963,-0.10071654876440422,-0.7275075295838044,-0.05460894831574346,-0.28427726401338804,-0.8995185718025772,-0.1292439359852488,-0.39291404176976286,1.1175753045466532,2.064574489772813,1.1353134623481507,-1.2243868804400964,-0.2944411767882119
1600,3400,0.8030112403052608,0.33809453700756725,0.3648763010157329,-0.3413261948610006,-0.04644451322392475,-1.282833936623632,0.48812886343391027,-0.790512517360888,1.2728981543707207,1.4748533372324826,1.0365007262565853,-1.6120451484524079,1.319997820024468
1600,3500,0.23803419684387872,0.3528954627113318,1.4240599676464811,-0.22793800928933725,0.8346446302926167,-0.8014632977678332,0.27012290466743544,-1.0355358432111434,1.7138476855947746,1.494379647020467,0.7255295097614238,-1.2472315512041718,0.8299739106643065
1600,3600,0.9604082966380828,-0.15502698877171198,0.8974713303532943,-1.0111033373040283,-0.40711602404804326,-1.1589139637895307,-0.3746746713256186,-0.22222553763779665,0.20783584513259468,1.0587210697104972,0.8883263379676153,-0.46946919152868904,-0.04669595866981355
1600,3700,0.15119988389101188,1.0462562925290675,0.06980549546382611,-0.9586284453136931,0.481060230588626,-0.7420626440693421,0.394397174021673,0.27874062738470834,1.1543683953107844,1.1193740358065807,-0.13290899937261974,-1.154891855016283,0.6995924307668396
1600,3800,-0.4651538307705248,0.03443425303142044,0.36508473701530153,-1.430561725541429,-0.432617087337817,-0.09524031491543747,0.4676346458651188,-0.8678112843007654,1.1439105192553398,1.5325903385892974,-1.1676932265371849,-0.5249081162341082,0.3854276863533681
1600,3900,0.12264157516564231,-0.1647633462169086,0.6478820804638102,-1.7002585040372975,-0.8894928280178002,-0.7934276097355543,-0.01702261637689205,-0.4362253159974265,1.4294116481177341,0.8322064911625652,-0.3924465264949497,0.5351555886140293,-0.23460600934606038
1600,4000,-0.5372799705666175,-0.5220437887422643,0.8425490347356009,-1.4642970800937625,0.3141213780267564,-0.25985228599169263,-0.18421304934682,-0.4878420519737227,1.9325780166454727,1.1934565814417124,0.0991042518694334,0.33736931626926625,1.3718593650021165
1600,4100,1.778433356632717,-0.5040093662841902,1.3569589048834036,-1.0114756762172707,0.366078630984635,0.26561748540490376,0.426252243125015,-0.8319131364985624,1.1375997744117698,1.243686510555777,1.1653693948333803,0.6149093141693492,0.6336803386775667
1600,4200,-0.662469968039425,-0.4324227371385091,0.6877566151824944,-1.347361102461732,1.12307992903208,-0.15449478630908045,-0.21083047976433245,-0.8043692700073669,1.722788359802348,0.5974305530646785,-0.6471257750626719,-0.4619476802961842,-0.1627136445690386
1600,4300,0.12670846910674283,-0.08721089314579547,0.6247049009890236,-0.8840523292826282,0.6138399202644972,0.29079735992427735,0.39309434109786767,-1.2425723305686107,0.7649790758512204,0.6677899318864047,0.7088911429544199,-0.8120627813927828,0.5583630308156591
1600,4400,0.04937187610540056,-0.8253782027988085,0.5345727595149417,-0.13169804748123143,1.3190064322799488,0.36413521615688726,-0.5004051887862022,-1.511574723065845,1.3285218191931518,0.7006123916630763,-0.5995658708395228,-1.1205908961107285,0.6602435361532597
1600,4500,-0.4783111677088328,-0.14118953222456349,0.05209625578408293,-0.3377134982879222,0.5644182934926546,-0.739057953248833,-0.028500940756556868,-0.4053802533525767,0.20635098504295438,0.8907628080422697,-0.5723915918214618,-0.5011997046310983,0.6732291733292959
1600,4600,0.4357653545757495,0.20275912065497112,1.0448867550369332,-0.8156018466968297,1.1278553810862384,-0.3185287927609368,1.0613671112288692,-0.24039217079531325,0.5575465998900181,1.763671434991316,0.652409421739231,0.43864081649680425,0.2635379673654191
1600,4700,1.340847803755365,-0.18997242127001962,1.2855605947604452,-0.4168359560687784,1.3843052894159655,-0.6858140851474563,0.6088734823679269,-0.4126858217052857,1.0124617217467815,1.1552242593497741,1.1110496158188277,0.4461319332202557,1.0277243796746272
1600,4800,0.5010831649485352,0.7035571843228033,-0.3162729686761008,0.5555942589858895,1.0221895893352968,-0.45540966448121917,0.28879510528807206,-0.6053177956737353,-0.1653479884139042,1.6953903333212228,1.3780776588238537,-0.537705758846388,1.1836212517854612
1600,4900,0.9057042853677227,1.1484411411965922,-0.040559750976718295,0.10280758256492133,1.5281241026290429,-0.6661687450104339,1.0179607752242883,-0.774992346356915,0.18435813755328218,1.0371392658769394,0.7094903596367678,-0.3445177294629135,1.1754241681158444
1600,5000,0.5135106230654974,1.0246047953614665,0.9768956002451604,0.23098374793626594,0.7916312526158051,-0.5059428218646637,0.638021665823415,-0.7587012399039852,-1.3455175451643484,0.2733679848488913,0.540598538055298,-0.043399812064656665,0.8297332741158013
1600,5100,0.9938307239555589,-0.22791950009799677,-0.23330169263066874,0.6764581766544991,1.0112598900422254,-0.624858471373891,1.0745556079635514,-0.6633877087490648,-0.961022223187719,0.7845932240232384,0.5744427248571354,-0.6250209928403564,0.1751496984769682
1600,5200,-0.9798402237536197,-0.831307816683673,-0.21783231217739846,0.7535050570737237,-0.3536139240864052,0.38959564684781,-0.8503924186568411,1.176746164159129,-0.9673177070771138,1.4034481578517293,0.00864919709176382,0.07133490239962846,0.11473104440285664
1600,5300,-0.44478001742589635,-0.022929558165736157,0.03519122569165552,-1.0264630677051654,0.04611207684690454,1.0402627607157904,-0.9740248886800364,0.27436672848002586,-0.666204195871702,-0.14494330976067993,-0.4510879945077305,-0.3651407289927801,0.5559203334505857
1600,5400,-0.3398444932910867,-0.49257496777657206,-0.1965578284033137,-0.7354621742328458,0.3211517751329517,0.16729321309512143,-0.2973400393094803,1.035043543864254,-1.8328263987343167,0.11719895738661888,-0.25734241934440677,-0.19894938522000463,0.45323566319897113
1600,5500,-0.3202666907451451,-0.7616626792943902,-1.1279331806894062,0.5658534698569565,0.18809266562704954,0.5784799074709376,-0.7119992626410278,-0.14693303987857112,-1.1844369537654988,0.12927277628727324,-0.7023202442225066,0.004962951356628496,-0.4961122444200701
1600,5600,-0.2755449278322035,-1.1229165634343168,-1.2919646336938033,0.23123943448468248,0.22255986977650355,1.6462731399706796,-1.4725478970892556,0.7090476078284603,-1.1486203554749712,-0.4996704148589624,-1.528162070526043,0.505419960340008,-0.8701225699584904
1600,5700,-0.0702121651427339,-1.027408476279009,0.11732336976840028,-0.5866525563308798,-1.3209641010330393,-0.36886685973964367,-0.5531028185044288,0.9211147736086869,-1.0319442959600624,-0.4866787940632131,-0.5715877355788314,1.1457217586021649,-1.5357817061841628
1600,5800,0.2548030884669745,-0.7572728672024059,-0.14323258362268845,-0.4162699093490829,0.28133645917642436,-0.342662365442944,0.4019001608920658,0.030185915712258427,-0.8785414715523997,-0.28078639950791406,-0.2308296764586292,0.9111352545020982,-1.5747659977711441
1600,5900,0.48962947697232345,-0.2131208443228238,0.08192494580878082,-1.052427808577805,-0.444265708426815,-0.43518431491828335,0.370813372709377,0.21905212289765205,-0.8447797887785103,0.2365167297823137,0.8631476711456553,0.5878948427142524,-0.4507179421210432
1600,6000,0.8309396383884123,0.4157442420466905,0.2583671741825627,-0.3942736367330996,-0.45129093070026827,0.1880716940807067,0.12226815535387162,-0.8250081001825863,0.5248224520057128,0.3337013835328254,0.8856278763044718,1.6936663877884888,-0.4245627277092846
1600,6100,0.336100475623783,0.6400167262705908,-0.08574194280336331,0.1905501448167011,0.028000097796009846,-0.9592352819701429,0.16417454452144492,0.6268659224333312,-0.2006930859133868,0.09452201200010343,1.0650406485273127,1.2226424721960207,-0.1204651608339086
1600,6200,-0.5987550176919845,-1.013515827662372,-1.3231486428481836,-1.0408630398621062,-0.6622495805850227,-1.1337873309346647,0.1431668704069697,1.0192738863331108,-0.5723937679429301,0.2843342376460851,-0.024172129165052576,0.4411804574274797,-0.02774714443981671
1600,6300,-0.707960432332699,-0.010899311008799466,-0.6746861305828209,-0.90837567299415,-0.1911714461650149,-0.7982943520606652,-0.14035908979343148,0.0773677543302209,-0.6070295669366034,0.20604679351199956,-0.4144090027112583,0.6856301314675559,0.12785315911827475
1600,6400,-0.21788174921045586,0.22012657544678482,-0.09845140524437594,-0.8645581585577398,-0.5105157638666573,-0.23447007819541194,0.6637592330967579,-0.7122010080110789,-0.05312002592490121,0.7079449693477358,0.2728351434544038,0.44828195677163574,-0.25338850770847515
1600,6500,0.37322597822134035,0.1934030503353759,-0.6472685230250984,-0.1877745269207352,-0.7530577652654352,-0.7015289372018938,0.8330595724782415,-0.11484589183594489,0.563601143519046,0.367157049818139,-0.6055104913185984,-0.6406422604367719,0.11078078080468799
1600,6600,0.3156057465357593,0.0848326487894144,-0.4025066886453577,0.35292210287447245,-0.14985400005432875,1.2042998255246706,-0.6713703241200667,-0.17414899347362672,0.5055914299371238,0.12677394694197686,-0.1893859349220332,0.4590760361428951,-1.0223562526241752
1600,6700,0.4357325935964311,-0.243411386351673,0.34036430205843465,-1.5196680585851372,-1.4666047592964793,-0.1382593365015107,-0.48655689803710345,0.04064360356860467,1.504944241189495,1.3693699770568697,0.08509663320270432,0.5063174788378695,-0.5549390093812158
1600,6800,-0.03756430843321466,-0.2649035909099318,0.07497085515103026,-0.5308862635197064,-0.7314519715588499,1.0088873692440987,-0.6538379029855254,0.36384449901156873,1.1701286312592198,1.3562546027735056,-0.19986400625839734,1.0836345389235795,-0.21356035653134528
1600,6900,0.7180095547064391,0.7891496416238867,0.03274021608210728,-0.6167061194452286,-0.7195416501567861,0.5682441615216737,1.1140236390149998,0.5880889279358896,-0.4796351917971933,1.2855058856084882,0.30013628452602975,0.9360522858875953,-0.1094378369506245
1600,7000,-1.1981873863503432,0.8752585512429988,0.56970767144225,-0.2550021034182211,-0.7343818679742856,0.40133338822410447,-0.5533665252682377,0.5810205994812853,0.005898841416888207,0.5415227037447592,0.08275094465335356,1.5142916822937176,-0.007891426844766847
1600,7100,-0.2188621862487426,-0.11648807363472001,1.1477110152512702,-0.8876147204169137,-0.5380455947399472,-0.17375921768744426,0.2858542400534249,-0.12717232515249854,-0.4654225078774403,0.5471075715546319,0.002728080518709456,0.8491400746306237,-0.09806069007375132
1600,7200,-0.4845460649667704,0.6453773375655666,0.7630493923923555,-0.1538701122122866,-1.4492917659021596,-1.1315425174772304,-0.45556825213198715,0.6955672605231769,-1.1276058671402145,0.9049706131208444,-0.53102833409454,0.39569557089181895,-1.18519945792614
1600,7300,0.5994999321472545,0.7948316683896643,-0.785366515311742,-0.36323852660704864,0.2950068796669448,-0.21032358064418225,0.32523548817184117,0.33515797962756255,-0.5071139760058001,0.8207390407458589,0.7615450631304028,0.08920358563794935,0.27094240778588596
1600,7400,1.2472021974765615,0.9770683461030559,0.385714862725626,0.5748359160558746,-0.6812779287814403,-1.320376570669999,0.6707921290936792,0.27878983210899705,-0.7120751918751709,1.0695114220878457,0.09529213010595511,-0.8089182841081309,-0.48344282905542063
1600,7500,0.2133642194914636,1.343207883464731,-0.7189141455395195,0.5260457034058554,0.2572746694443052,-0.44743595786527934,0.6211256275319867,-0.9546343695945668,-0.5432551106999592,0.6418019792288489,1.585010550150313,-0.20899190353509117,-0.8715544463389756
1600,7600,1.2583292043177543,1.5306308321321933,-1.0956965350079777,0.9690109304228661,0.4088546072383001,-0.2833661802585313,1.2393079911230136,0.26920820300641085,-0.9141573482058791,0.1284961251569578,0.8043627956856638,-0.6658819360543892,-0.5185697803071609
1600,7700,-0.45325955713923816,0.33831956337871955,-0.3699143349847755,0.8820394752418859,0.5129961170728764,-0.9386674084003027,-0.16939042976260602,-0.7097126322996703,0.5499129104702686,1.2045746419050587,-0.10123588803636853,-0.7227072343471572,-0.5127800200701227
1600,7800,0.033833567816664835,0.8099414701126704,-0.5825747662246025,0.40262664984042257,0.8608124830875991,-1.317895333278698,0.43426970319654373,-0.39721339825204344,1.1216039640411466,1.0999204729265402,0.21660040458341392,-0.38653934674898544,-0.5143146980552346
1600,7900,0.8785762993823439,1.289259787286162,0.33237159887821194,0.5394188057831955,0.035493323004244154,-0.8902448083044607,0.8956220320967175,0.3051508210685295,0.8770097049177847,1.8804827764556138,0.6590489677828646,-1.6178063916304704,-0.20413460239564474
1600,8000,0.8056807371150652,1.8152059827013534,0.552478588974535,-0.8876633441959525,0.38072419985825223,-0.7611043561121127,1.1961776814991252,-0.34551175444923643,1.4592136013089085,0.02347137593228402,0.799426060318974,-0.8963945985566475,-0.8292167329707012
1600,8100,1.2458245089400206,2.132168961597861,1.1468816432113986,-1.7495672458501659,2.1435693128062954,-0.13465976909850907,2.202206283870843,-0.7079151607889648,1.5864788175675961,1.0075036450976969,1.7039556718136757,-1.4720551169751073,-0.10428262877031563
1600,8200,1.8020512190593396,1.4267565571844327,1.4480184929905733,-1.524764143701684,1.1072465492727195,-1.1428212464840641,2.0183534383952018,-1.3276950199397703,1.4599215230479283,0.07986162145762221,1.6334215523925202,-1.0636905809986679,1.0815065966398976
1600,8300,1.082947260406016,2.1483389032042655,2.030665220268265,-1.442941677711422,0.836557038301215,-1.5213058036104203,1.5423044179678447,-1.8057823525746,1.7729085488035807,0.27463562079409565,1.0544256037189719,-1.487744529460165,1.6222650135193273
1600,8400,2.4226880548156533,1.6143132937396039,1.9290714855974334,-1.0893902186025026,1.5728086210481522,-0.4086650649854625,1.8654463521749103,-1.2459632660866813,1.1441923671945557,-0.2608444993859009,1.8224453786144028,-1.9505225689788626,1.4591471309985315
1600,8500,1.7698954944641327,2.1152667715647886,1.6013449107737958,-1.171884359171705,1.8618144532880216,-1.5176032772271415,1.751699499432582,-1.688702726210221,1.3366044272384117,1.0032896987179678,1.769311876008305,-1.8634159220675628,2.7083960086215333
1600,8600,1.760050023448664,2.4607052687391926,1.7484999802363486,-1.1837833984953572,2.0057524314342623,-1.6109324894801962,2.0919878657764865,-1.2054279742312906,2.096152147303065,1.3339801921903909,1.8910702854685153,-0.7441114589276695,2.3619847364575715
1600,8700,1.899291939870495,2.1980536358978737,1.7149594995446011,-1.3605127208065904,1.0020115517545094,-1.1629954302665675,1.1797695424099608,-1.3962865995204155,1.7527917176805026,1.7461995184473762,1.9492500961729098,-1.4542356704123327,1.7758861760259121
1600,8800,1.3644394570787914,1.3441879149050788,2.3008458709514508,-1.2157835272124322,0.7107992527769611,-1.351392244386203,1.5478921814984736,-1.38158636121506,0.28497088104875773,1.8733524554784318,2.0419940486078647,-1.3654992290256385,1.8363834222749218
1600,8900,2.1613127679262223,1.7857043958283298,2.3822221491984443,-1.2249143169240952,1.8548467456819755,-1.6221257425554014,1.5216889423799824,-1.7013415028849201,1.142340493503973,1.8865596369253514,1.5556068547887718,-1.1452377358336943,2.0120449154920954
1600,9000,2.0492504055760037,2.021418635466714,1.7920377434864145,-1.6409146749595371,2.3700673594627677,-1.646588470519298,1.591601436265369,-1.6770399048416589,1.242406961529701,1.2678700371350582,1.912151154645811,-1.584332900059609,1.6415011008879068
1600,9100,0.6527665932397342,2.1425882732097783,1.585464962461032,-1.2588178091742601,1.8141726851953326,-1.5270940664620873,1.743056710241115,-1.1282690680872982,-0.6675052157109462,0.8532790970410526,2.003153705573355,-1.3146937153000207,1.7541296705855072
1600,9200,2.080053242885994,2.2454836864591816,1.6168481872338478,-1.0243671368545062,1.5406933920949455,-1.3675093896759438,2.4769365315003573,-0.9430018088820247,-0.3537143102896854,1.6092716638849258,1.572950176510828,-1.4069612336508734,0.837092707531537
1600,9300,1.1333413556154779,1.7538125524076578,0.8655973925546346,-1.3017179821539113,1.9056550464868975,-1.145454626057448,1.0183691015081635,-0.8226028438223854,0.19618849359039278,0.9141563637821813,0.7811842522180421,-0.33245481207080185,1.197655517785539
1600,9400,0.6858082292039199,1.5623821350961293,0.317251450373038,-0.4821766423084768,0.33555952788342747,-0.5958828605769825,1.3946854595857772,-0.21615820137323688,-0.17934756226324958,0.562614680561937,1.5167230646755387,-1.7091899369317982,0.9326702056874743
1600,9500,-0.34909527094135573,1.434139386700518,0.606094722608627,-0.45176550850177954,-0.6846572848386598,-0.43412163920192853,0.05088664753043791,0.040550978137949376,-0.41612797851151545,0.15693079937694074,-0.37649202561219697,-1.061857461106397,0.7573570663661825
1600,9600,-0.8487018760840611,0.27427844150358677,0.9253669939367601,-0.023666926472347357,-0.887297879002111,-1.0946403128303313,-0.9976293887767526,1.1002603930809485,-1.253624598073646,-0.4324031628570089,-0.7406592992626446,-0.523970881420468,0.08696813983814465
1600,9700,-0.20531527243853717,-1.2163527028679784,-0.06702215511794234,-0.7726836512385431,-0.21556656957137968,0.21153908883604014,-0.43100679735601344,1.56105174198355,-0.6843395181768808,-0.5773685075927103,-0.19833960929958874,0.6149092961703125,-0.16309221272306054
1600,9800,-0.28678777215094725,-1.2995752455362364,-0.041122862771223206,0.3351750175415799,-0.4096088589108749,0.786566101443258,-0.936484723360275,1.0561893561092688,-1.4149914753830495,-1.2486929208397297,-0.6543640513917046,0.058844381646653544,-0.5620148918197047
1600,9900,0.06312793973468803,-1.075004170751748,-0.06018616562153989,1.396332681383246,1.2456916855718223,0.7212198082171224,-0.37693009007511796,0.40039022018936016,-0.5273234316143272,-0.7417142401159933,-0.35719786502938494,0.6122685653595217,-0.40917812018689953
1700,0,-1.438160186274083,-1.6402839084954548,-1.9206740917450442,0.9415216363770752,-1.6344860558845633,1.4148311213838145,-0.9448902007002609,1.6093189220575563,-0.7572283768894336,-1.6864306322767677,-1.6305329368865153,0.690873904127192,-0.9576676338794579
1700,100,-1.4524111652341196,-1.6572304014844954,-1.3575111417712633,1.5198972940408277,-1.2643559427550444,1.6664529085299766,-0.8551617242571706,0.8767730001109316,-1.0605637695843966,-1.2064645987710991,-1.2115371653473372,1.6036992487763593,-0.9272392719416707
1700,200,-1.3064825123187234,-1.3877068338101495,-1.3310548170668133,1.4056364528894307,-1.281624988016561,1.6581866478428224,-1.2026080205575793,1.047814608659184,-0.7405638785687689,-0.6476283200971787,-1.5544267600401367,0.10257207871776894,-1.2004971649377316
1700,300,-1.3843216331923218,-1.1861392729600224,-1.3245959582655524,1.0640718781558731,-0.9278075849543528,-0.2945171831138751,-0.9495987074038629,0.6510813197100578,-1.6792128592899669,-1.2203121074757008,-1.662416047882122,1.0190562892794974,-1.0729821224563219
1700,400,-1.2512822847697356,-0.9276308726856178,-1.110076212866272,1.1757916182771802,-0.20360593862484605,-1.0037418782972916,-1.2017014570973565,0.07801671916952693,-1.3534412348134912,-0.9430302664590254,-0.6122493959234475,1.1991122185023133,-0.18455539992511058
1700,500,0.12833161324543316,0.6797683977998774,-0.811717751496992,1.2010121125627349,0.18177919692339273,0.9229952222908586,-0.23447215349817804,0.15609685583751176,-1.519921287316307,-0.7468939291741905,-0.43757161851241777,0.7533215267621975,0.08219727201418915
1700,600,0.5215845601639034,-0.2803838531163009,0.33777119998578425,0.7123051666615561,-0.002865596516972506,0.04168757792762299,-0.3019712175184072,-0.716273698186899,-1.3575220674867172,-0.5143839836953132,0.42476711242707066,0.02659674159012952,0.8668941928708013
1700,700,0.8736148844374056,0.4287232988712203,-0.3415626272884253,0.8545337490688873,-0.005726529104007016,-0.012676000891057125,-0.40507739087497463,-0.20432844488390614,0.00099747434746924,-0.31082742709474553,0.3951551294030912,0.33237613260516224,0.7550208871049835
1700,800,0.03682398965173063,0.5622742913932902,-0.6671027600403554,0.9162157640150961,0.17719018273561002,0.0842033658733194,-0.18013468910672037,-0.26119575505135517,0.022494445511846272,-0.6934777950421458,-0.04642489064544711,0.3612949381146958,0.485124711399273
1700,900,1.2042898971663478,0.4945199598139548,0.23756563304094142,0.36519133298111195,0.5541926248215574,-0.18485135509818426,1.0430396588994455,0.28263809675225116,0.1515179299501362,-0.5574479586073556,0.5985634327630118,-0.6105759778145109,0.4339741740652899
1700,1000,0.6265408262688764,0.37197115944522896,-0.07602975671632689,-0.639301713352139,-0.21002983676137502,-0.8515624722467524,0.6169450809137821,-0.2680750726505841,0.6617137412847445,-0.2350300781183127,0.4407496461930888,0.4456225340116666,0.44985881571887537
1700,1100,-0.35314920212356354,-0.7378377279670141,-0.6595136229744115,0.442165232544633,-0.7501529814571968,-0.5640631305046693,-0.3790198794875944,-0.8138519870600729,0.7314596793291414,-0.6769382606736806,-0.10524247175771088,1.0401739486434194,0.1034120662746243
1700,1200,0.30306191431662916,-0.9927069307683408,-0.5360359166753633,-0.5290196734896724,-0.15252771583147195,-0.5433391360943371,-0.6011232617574654,-0.16696886671800143,0.16534684390828963,-0.5913590396067225,-0.37171742018289183,1.3051627578376581,-1.45103611591543
1700,1300,0.019944503978202553,-0.38809662897942443,-0.2910718004521378,1.6335305965193248,0.38156834596565814,1.1286726359536214,-1.069321399791046,-0.058384405528184996,0.1229902280688571,-0.007002214568608556,-0.32192105781085484,1.1168288845425252,-0.806993286970749
1700,1400,0.3412471604169243,-0.23499443616867335,-0.5859605311635161,0.7379970373821872,-0.21667268389143107,1.3595914560826179,-0.07351929711439062,1.0120390256836538,0.18204736842449418,0.3111226114511007,-0.13779469016038132,0.5451181305469662,-0.3791001504178386
1700,1500,-1.1950587948476354,-1.023876765243732,-1.366313861261167,0.32629745232846546,0.8267444191326162,1.1524225778405115,-0.2663557648594476,0.7817746290714815,-0.9849348497910496,0.28669860197295005,-0.293180511239432,0.38646666188924994,-0.33661610159688676
1700,1600,-0.8077569499997627,0.23569813942222273,-1.1882627816934779,0.7116950839682264,-0.7113865060730689,1.6522651927692393,-1.0542829295777942,0.7545870252880169,-0.9305418639551877,-0.6311895770315292,-0.8409005527950822,1.0117926586441088,-1.352152162968896
1700,1700,-1.2330975093149543,-0.49966963410106335,-1.9107191840690698,0.5839141343556385,-0.6458815740736843,1.1646010094694779,-1.400982350520259,0.37048631855113784,-0.978177129751918,-0.6241856794459106,-1.7233869251590759,1.30584067905171,-1.2801030022373732
1700,1800,-0.7686928085538136,-0.41689441983883146,-1.1464174416157265,1.3047841072467452,-0.26395777245913027,1.3857441639889718,-1.4087157562513202,0.8854768158847611,-0.8936410241145105,-1.2500027502943798,-1.3407088680436323,0.6484860580996517,-0.7188466615445488
1700,1900,-0.8858679284164606,-1.0694548564676085,-0.9711255029137125,1.2517301022496687,-0.26834819351258543,1.180943519359792,-1.3736907238413991,-0.303569520298365,-0.4302671377823911,-1.0387522574006267,-1.1550399894090007,1.273141776290628,-0.8979026397801473
1700,2000,-0.873775109867899,-0.31378040369932714,-0.6290797163626359,-0.5780952795008155,-1.2252631700918142,0.8665932618273526,-0.4057605224803626,-0.19597464452749824,-0.7567130387038022,-0.9359073980538111,-0.5870578004950734,0.11790062715837445,-0.3075401518371913
1700,2100,-0.9480337124780249,0.06766961049535036,-1.1084470050722244,0.4040548336134067,0.18381267539054494,0.5553083671339013,-0.4204828713605247,-0.48673743609420367,-0.13508240061776913,-1.4216685478272764,-0.022812255609655475,0.3050954691896917,-1.1995299601646876
1700,2200,-0.1659880704066473,1.269351526553047,-0.23857875896552458,0.3439590468876966,-0.21112672779050812,-0.2804864950681702,0.095770823560819,-0.9640944026794441,1.062618381158152,-1.3237279734924672,-0.07934101135925457,0.2143142152483819,-0.40780684692961816
1700,2300,-0.882339968109692,0.7883893649463466,0.05607793350904367,-0.6747280901575069,0.7093407749706048,0.7502007288497847,-0.9898879766038322,-1.9373601270431344,-0.44387711090099924,0.043495376132011675,-0.2700384641712089,0.7229069416840131,0.11967891706786409
1700,2400,-0.7126774116199874,1.0854096866191065,-0.6248994014386564,-0.4913564602459423,-0.5299813943721592,1.0561527465382492,-0.579991751476172,-1.52249948394968,0.36123512159750254,-0.08468542564941159,0.5038009064093971,0.7945633970322092,0.9008414606462687
1700,2500,-0.2536850049461467,0.7310520466659404,-0.16101627602996096,-0.23332636655354247,-0.129042608230233,0.02383365504054249,-0.9538450659277395,-1.1119109774016678,0.7754191728780521,-0.671095730273341,-0.023031200062126975,0.3896459627906339,0.12332728255313444
1700,2600,-0.026099629113996582,0.11043890782776221,-0.4675623088884977,-0.6598385198055197,0.6601833246659348,-0.001657876063508627,0.18789050857285222,-0.8742457756054378,0.9788417163889144,-1.536130546682716,-0.11560254370542286,-0.6196769718006316,-0.36835106799203987
1700,2700,1.2057965245511841,0.6425654952514614,-0.2212926357592243,0.3973908122837019,0.24728601327632874,0.29984995552755456,0.6948671679707396,0.09332387467582463,0.6757876842682272,-0.5082557895545532,0.5377647771509597,-0.8787121867858042,0.38866873020936454
1700,2800,-0.14654966027975247,0.4474752827276654,0.045660733738395305,-0.33004061099378407,1.0364211058735309,-0.3520372517495088,0.09654539500558018,-0.42499921551319697,0.6120707334710026,0.07753487711428962,0.3476187784994147,-1.177643459388728,-0.08193610714389261
1700,2900,-0.40428579949709287,0.1347953622959954,0.08138565029918833,-0.2573839468518061,1.3266366270479206,-0.3057117430402212,0.45675739555911116,-0.14226937991734004,1.3729843957334056,0.25963719100011323,0.6177978982614902,-0.7013875539455945,0.7324601216195951
1700,3000,-0.029202394855974638,0.2622777512727597,0.802024398839443,-0.956865422121794,0.34755780226214533,-1.19521584597412,0.2150372710440545,0.48955741295680877,0.4368510796017879,1.4842007280106193,0.28113829147304276,-1.0932423357422425,-0.37431437040696314
1700,3100,0.3278763494312042,-0.2599610707551483,0.6040326124205246,-1.0769913559173736,-0.06263645614899235,-0.1449265512953846,-0.38363706771292205,0.1555155413081633,1.2600784723478369,0.7225122876630882,0.11044621463727242,-0.7405870448311436,0.252182213326169
1700,3200,0.6464385480780349,0.34101089766226994,0.7975093589567678,-0.29575990060689195,-0.25757034408503887,0.211368667291563,0.7692067549828995,-0.6684376500606894,0.2713744687072574,1.5985903727768702,-0.1667734847511554,-1.9440759063422282,0.39523547326432984
1700,3300,0.6390656484787256,-0.7030748856173916,0.8165927426515288,0.017107340419822946,0.563375824177815,-0.21694328882482258,1.4228447846304129,-0.2573883902767475,0.4456716064195672,1.3609526615996135,1.7462614445571347,-0.39348385211342685,0.41553247158953305
1700,3400,0.875916955376797,-0.6622252119563373,-0.35436877626404534,-1.1032781306244572,0.11756041363525623,-1.4823198461231963,0.6624737765212875,0.08233299206241251,1.5622116296099477,0.746780018382587,1.1113894394349964,-0.8774351601006819,0.5540896967223993
1700,3500,0.3878347098001405,-1.0534775627622288,0.6402172493097855,-0.3897252629975539,0.43032929119761765,-1.3397791571220943,-0.15740485213387612,-0.6336667540206175,1.5589664393224718,0.6400978508278766,0.04810838871799389,-1.4050994020857384,0.9118236221023148
1700,3600,-0.07188770359922682,0.5354381417228663,0.4864028554176693,-1.0023714431148205,0.14028520317635437,-0.8089680676072216,0.03917441031220203,-0.11576126670986535,1.5059097783693167,0.6291440496329259,0.729172852563591,-0.7303845789103152,0.014718769097641995
1700,3700,0.5592880904315446,0.5524847332550193,0.3258875071493076,-0.8393977153655904,0.5412778799845714,-0.06796424850982995,0.4980251444697363,0.3775597322876459,0.5753969458247723,1.234576977835588,0.7436062554881163,-1.0450762819626367,0.7961007689104653
1700,3800,-0.8395488108752108,-0.2217539475615173,-0.22252803681249983,-1.7307441755503916,-1.0950213168196967,-0.39777689039350517,-0.3781028344770563,0.951111512251299,0.7444892533957153,1.1259278018856211,-0.15737020883692296,-0.5463026503453655,0.31836890406401724
1700,3900,-1.0006291036536932,0.5695079169606125,0.6879086594989465,-1.3551645311735643,0.24835950200157575,-0.7861929735449436,-0.7523559900655008,-0.048903106706816975,1.5688619452470103,1.2187576990762434,-0.6984774724757826,-0.3955518823402655,0.23604662386909298
1700,4000,0.39387227075745357,-0.011872379934889328,0.1295305819676635,-1.2937135930895016,0.7057494100068813,-0.6862563273019868,0.6143661095201134,-0.987128452590474,1.2482311266494797,1.6458047589030143,0.2922407560901918,-0.06891976333326692,0.697585170819774
1700,4100,1.3150542713919735,-0.13882639100397814,0.09738304788739591,-1.5048623607820357,0.4491350121486324,-0.8842421564526304,1.681860089816587,-1.7268597190164428,1.6250855456886335,1.6893238946032234,0.8908640757661063,0.40304597980554857,0.6008676172870212
1700,4200,0.9218301346474749,0.2992697505515398,0.6847103485166716,-0.8937852894640662,1.0148184497367563,-0.8667416456883347,0.39900086027026216,-0.9165256431722463,2.142477052958719,1.5537973162165986,1.0860191076852423,-1.0056282645416756,0.6275316258261442
1700,4300,0.6150172207282596,-0.7372607931643111,0.2352106081263577,-0.8375343346823894,1.9649794323627376,-0.7818915530807119,0.6664492133281307,-1.58764362155167,1.5006115923332284,1.1195094073631926,0.3123368563797311,-0.5568362189355651,0.7891026344381599
1700,4400,0.289866291381772,-0.8314327099222117,0.4593496058534699,-1.2389761678285176,1.0524871598215546,-0.5320780756082726,-0.10733346567856727,-1.3416967913993003,0.9268036429559042,0.7690679638603358,-0.21158183257505225,-0.8844882672710768,0.6689931714401046
1700,4500,0.4409988406533658,-0.6345141143436581,0.6718089484876176,-0.7147836794217509,0.468291729573089,-0.22021376182278274,0.057446265598030434,-0.6692106725137711,0.48895043928593285,1.0323974436593362,0.09491510358943347,-1.2926810056880353,-0.5053439433508086
1700,4600,-0.20151149077195724,0.821473719998523,0.954047749384465,-0.2789612405911981,1.2133857985138141,-0.3584848419589832,0.6001640130897421,-0.7202164891579559,0.27997317317109516,1.5445090350617052,0.7135831701438764,-0.3374869202601119,0.2583357996808992
1700,4700,0.7645057033297221,0.947559514972394,1.421819439578722,-0.32545593360588976,1.6593701378280579,-0.5127597847461988,0.7517541171344355,-0.8177473105671395,1.0500982153501237,2.086385525108629,1.058226957141405,0.4701568555394799,1.0140100026953671
1700,4800,1.5046090452640348,0.8670336045615424,0.4834559123726713,0.4843903164427512,1.5113255168131585,-0.4891846380059787,0.377913614137465,-0.9839626393917147,0.6934338946708816,0.645228517767694,1.117579007893667,-0.3885627834003875,1.229702997319609
1700,4900,0.6566756028018363,0.6604897000502726,-1.0189116847684292,0.18167187450881098,0.491187227435938,0.6245580743348244,1.5493445312899303,-0.6129898063638701,0.49309487886174447,1.5670918408437793,0.9369959311555719,-0.5062640219762575,0.6866856990591347
1700,5000,1.0818645280125019,0.8165375435137228,0.8427503764773456,-0.5751619368003438,0.5716329582054336,0.05941118724302673,1.0227084606153758,-1.2441363778119408,-0.41381771438110326,1.6531426690758246,0.022606438164444298,0.047394837063144526,1.1836501608879872
1700,5100,0.40699933403550465,-0.000876973027965874,0.9030510905074256,0.26111289266601323,0.6834275649937167,-0.4666048036756073,0.3239922228964453,-1.0479438055849746,-0.8268824202198006,0.4995152102595949,0.6282156303947626,-0.11151472767523418,0.5429120499774192
1700,5200,-0.5902989342488953,0.42764542259992155,0.9899457470256644,-0.7119087367134644,-0.0035272400470960767,0.1934473547226187,-0.6742953083137813,0.6254493974713218,-0.7373715090108026,0.6498507342988984,-0.13514996975661459,0.12036948384168075,-0.19362415504751107
1700,5300,-1.0444206186936886,0.3571535823051197,-0.2273613116705667,-1.0081713827263874,0.061345170524091816,0.7595630491454183,-0.7799403096148302,0.6563603066519984,-1.3743726127370626,-0.27897693575638566,-0.7275443427433477,-0.35938849035301484,-0.14495483214466284
1700,5400,-0.5322109680581981,-0.5020876535958738,0.4528026556593779,-0.9707298472867749,-0.06709437307832707,1.204029639045876,-0.5860028181084791,0.3889406414083555,-0.36436266469114864,-0.4283156884346348,-0.56167631219267,0.060331172450528985,0.5274330215789275
1700,5500,-0.35296169117756965,-0.29138353105252796,-0.36761289562321353,-0.8332266992067606,-0.5042743153369047,0.2403504932103786,-0.3966691313445526,0.4073532272934576,-1.59410641833585,-0.3330787858014418,-0.7188112586319783,-0.005140244601296537,0.3552120715027265
1700,5600,-0.6651449814018381,-0.4982353217906091,-0.8561953218565955,-0.17647686969229687,0.6025324693958711,0.7333170605362785,-0.6428830467120137,0.2665595014784132,-1.8766020499676017,-0.8800294571746337,-0.42597971315846606,0.4669619925809945,-0.7663089458853267
1700,5700,0.07820101039959874,-0.29901959979914233,-0.3783357119697663,-0.9803109182135689,-0.7414621245549609,0.21900732413418358,-0.4807027758525787,0.5289639224752045,-0.9442171899156484,-0.8475370271363638,-0.077386373834389,1.2618900952897234,-2.393596217895004
1700,5800,-0.3330706884115768,-0.18393573576164784,0.1850565955294966,-0.7562478242678063,-0.30128145013257335,-1.0227225776045226,0.23166078216576869,0.6115242049798638,-1.7457478894472254,0.010850521009657308,-0.20667602706723778,0.6638748395316739,-1.2087795914697697
1700,5900,-0.2522312054905261,0.30725480657583365,-0.7161076372674358,-1.6640866877188942,-0.26737395404370334,-0.21406166518879544,0.09828456709430476,-0.009735349753039685,-0.7215487729183254,-0.09419448830538941,0.12105461688756182,1.3620603119995158,-0.9931743221110767
1700,6000,1.2992371086973038,0.8506253192588846,0.10417100578286766,-1.2720720709140299,0.6067122280346493,0.4461084400405933,1.3655595583568765,-0.19307877775764837,0.6649092766852882,-0.35313453281155655,0.5571892520618628,1.0591532665565848,-0.7203298023913615
1700,6100,-0.06956475719400218,0.48330172966113294,-0.18506459909099698,-0.785115848732151,-0.1547572247467288,-0.01837280864262869,0.2817364602725776,0.2882952454168022,-0.17973300839901335,-0.7004008928327945,0.41579584241111345,-0.254325255467538,0.5699719252070728
1700,6200,-0.8053966925460685,-1.2472988021123066,-1.082365145502289,-0.8439340220636171,-0.0411952861479672,-0.6382669232379475,0.2712794400744782,0.5121607199677213,-0.2746405820283876,-0.8302481579205998,-0.3055409266303465,-0.1973016819344594,-0.36321399223528344
1700,6300,-0.7026410116073438,-0.3263992885464815,-1.5082412633496702,-0.8182001548560278,-1.4582190214177857,0.1413340785102164,0.10431637449457647,0.3098986137248267,-0.3282668265793434,0.06734394363874613,-0.4008767828640516,0.34970431294679744,0.35408073657049316
1700,6400,0.21129314425930046,-0.08463682401774515,-0.8413792409165602,-0.6062163445108207,-1.1910354668957475,-0.7138906874611954,-0.36335932123322107,-0.5630487817262708,0.5991526691328891,0.94134650059638,0.16610596480310685,0.7117948723052938,0.14332394512257446
1700,6500,0.06277115863704213,1.1336175737045657,-1.0454883542736848,-1.2090740030139098,-0.2973516899544075,-0.34284562894636733,-0.16202453088185953,-0.6639184950039956,0.7003506909390342,0.01563926253001294,0.3013829515515329,0.350691417960342,1.0974884776461478
1700,6600,-0.3417369918349274,0.2840877976784502,-0.2136998119791684,-0.5570716160928896,-0.9235187379172993,1.1057115508759308,-1.4027532201050266,-0.0236346679829621,0.5174371871450076,0.13085881585026662,-0.2192866316582169,0.5217498716476036,-0.041945730494474
1700,6700,-0.05287969054468144,-0.4835724652240018,0.17698016608528416,-0.544567035376369,-1.154353251059658,-0.229236334318954,-0.19664578180288844,0.1677920984312364,1.4319779413164313,1.1923013659747148,-0.0450637007481144,0.24024233028706987,-0.2516985837434462
1700,6800,0.5856855696832922,-0.3508963116750751,0.11932727951539499,-0.468844729610043,-0.6505512626980903,0.12171229802343297,0.3123486747453881,0.6326004462427218,1.2237546383192728,1.8579013323562956,0.5019467554059075,0.732014533681423,-0.27189876271544244
1700,6900,0.924516952047005,0.5841159319263699,0.7277128069839401,-0.06819114406038813,-0.7853899381443341,0.33180583695218835,0.5461507820548727,0.6252117615126807,0.01763701079882213,1.2188773796097396,0.7815082844711069,0.5653249519561895,-0.7189663400746926
1700,7000,-0.7545759906519619,0.6049141685246688,0.8231214157747913,-0.24262592463466812,-0.60888615087561,0.26043701902082594,-0.7188025883259436,1.0107639988545647,-0.3616716185148154,0.2679726255970621,-1.0509220541215816,0.2659642446242571,0.609761321914563
1700,7100,-0.3286328914515444,0.6710085990155201,0.7593594896751985,-0.8401545755926366,-0.5711662418122802,-0.6640164453021608,-0.3482574691511879,0.2251092869644447,-1.3463223876099384,0.5306896454848246,-0.5311763986131167,0.5401521415390936,-0.4361831211847968
1700,7200,-0.32873541377782717,-0.3899921321315009,1.155738600028277,0.42998628345216716,-0.7256710093599431,-0.729648720079262,-0.6836676670268425,0.594891572152795,-1.6632949118551823,0.9777576196261848,-0.08058111510786975,-0.005259238341105789,-1.3012170234392852
1700,7300,0.7039449108424707,0.7882277192604822,-0.5993342526726778,0.3269489483361819,0.032834722629802436,-0.5412741077892035,0.22923820385987229,0.8460025736746463,-0.3559629388102935,0.5097402140194603,0.5039667809281411,-0.21919860330283275,-0.07560051702616098
1700,7400,0.9285405717354244,0.9420671516748246,0.15182361517711496,0.7872088596434146,-0.4037588510195687,-0.12863598177430974,0.714106063041235,-0.05326018100153536,-0.8927086890258868,1.4408705368830423,1.4830205291021072,-0.6054255863423126,-0.6708247746347016
1700,7500,0.31153597770378383,1.5117020234265959,-0.4557345278053103,0.285008730806512,-0.2208829906518003,-1.1344052563758755,0.04771850950206288,-0.4720037765523362,-0.8281396167169435,1.6850988829628821,0.33700113464823095,-1.1607443138905207,-0.2509023481985334
1700,7600,1.4000894598924234,1.2111718250012018,-0.6492976413436716,0.2264359931921264,0.8406306497116268,-0.3964110018918808,0.7129958077710192,0.06133037568008661,-0.8564090590171968,0.8070694630296315,0.4118176500363028,0.00185608811329408,-0.6730749799764689
1700,7700,-0.47578925190050186,0.6572205688632112,-0.42373269291171417,1.463128464521493,1.1017039187923565,-0.3113498082451345,-0.6105506293189937,0.3489386289139392,0.2857840660634403,1.2072701770017908,-0.3389294665153546,-0.609307491709831,-0.5459121201117189
1700,7800,-0.11796636436144244,0.7025774107955228,-0.5539736411246101,1.21638482763778,1.2557899482165737,-1.077213331727286,-0.08985899511000305,0.26284028611009647,1.5187100724279703,1.58593606537946,-0.3972554794767099,-0.7172760837235685,-0.4083194727771431
1700,7900,0.6814039298074719,0.4476277159712093,0.38867208654239227,-0.06527670479371854,1.3685122104279017,-0.8337330259110282,1.1664700908134193,0.37212213443722153,0.06906927554303546,-0.1974227784322798,1.275653071986575,-1.4575816499245682,-0.40649495089575016
1700,8000,0.8483807415578962,1.097470818379243,0.21295726810502724,-0.25147818290478563,1.046768752913252,-0.9911449839902148,1.6112826821657105,-1.0700132246537681,1.2647566238020147,0.453161958950461,0.7163451645682946,-1.4703550213441818,0.045844991156640785
1700,8100,1.6787242461823575,1.9252357881835525,0.9357053124586702,-0.9403497849772311,1.0787785589909953,-0.6751905591413796,1.7801258804359203,-1.306204885292066,0.8695853974485062,-0.05736354581164847,1.8387939857383857,-1.5369774927456652,-0.7416063457156434
1700,8200,1.3119165362089769,1.6545005928906655,1.0351736133413303,-1.3546892301422764,1.2998936059519333,-1.0539487954877123,2.0428540623989924,-1.792484584926276,1.7044217243548316,0.2071942996666121,1.5280170267000697,-1.6865248500807868,1.6415282794765202
1700,8300,1.3390628156574538,1.6172670711818087,1.7535391445068356,-1.5723447462267452,1.6265447460020082,-1.395539870770557,2.5675005508748643,-0.9202969993710556,0.7486591872993174,0.004862424546662367,1.4560381600747563,-1.6109691460496172,1.7188470629643573
1700,8400,1.6237031148909575,1.3792207690000517,1.512761183150278,-1.235708489539045,1.944667145891278,-1.015782728194182,2.507715837315867,-1.5200444605059247,1.6392542884921286,0.06803366866255796,1.9599842512571417,-1.2150552373032875,1.9910879308380647
1700,8500,1.824507891255188,1.9890728784116343,1.6606641137386662,-1.6590993137778973,1.985280919486059,-1.4301207149243378,1.8541048856269635,-1.7796764832886258,1.9042695696346559,1.454031797341965,1.7338005317852259,-1.7075681885276346,1.5343702963094896
1700,8600,1.4448365306286313,1.7495470075798305,1.9442812692422835,-1.6143384142773638,1.015855077573581,-0.975731774555741,1.3308862526109453,-0.707162487373954,1.9299408224140207,1.570577201893648,1.4805721377144663,-1.384501503888513,1.4449146783713684
1700,8700,1.3892782398709398,1.5070823060340726,1.6763685940240853,-1.1245871771754348,2.0446279664052174,-1.3830734118667367,2.0424642763637024,-1.7962153846243918,2.317602025140981,1.6999702290010026,1.6005691500772041,-1.1748569774392468,1.8935575265391478
1700,8800,1.138230673948504,1.7326386264423925,1.5865745750027547,-1.3317496857669864,1.1047371036957105,-1.199962595833919,1.8770323687921786,-1.4479349933482997,1.5807871981415307,1.3405628910689236,1.5821410621302843,-1.6089295712406773,2.3863009957786967
1700,8900,1.792121467426559,2.170874466432607,1.597213621574924,-1.4966121548523736,1.5090600594747505,-1.8604013369219898,1.7772176950044867,-1.5155321105570014,0.8849458641955201,1.5042640379201397,1.7737914479986405,-1.219137726313522,1.0727776209357118
1700,9000,1.3115493148993698,1.6897151871477143,1.6224321392887893,-1.5623523720763275,1.9920779095756687,-1.172703635668092,1.5481832140654315,-1.8376530537254627,0.7208810613686212,1.5117090058249323,1.7464381788467942,-2.3919683722774265,2.2485192408188546
1700,9100,1.5665317653452846,1.5420373283862607,1.2863494958703232,-1.2524575575811332,1.4256229900678636,-1.1693829661644457,1.264055839366452,-1.090624325412023,0.7888483359874428,1.8213101186310199,2.021993687400176,-1.4991887211573387,1.751384228637431
1700,9200,1.3926522483334403,1.245468103395942,2.0123403712126753,-1.2450542340835784,1.307289921679054,-1.8543448969829894,1.4396799515772296,-1.3334328667184023,1.1010433877326318,1.6279526514964813,1.904423204607105,-1.2840071990530355,1.5273878896386817
1700,9300,1.9493333811892997,1.8238121649204562,1.3804771822156505,-2.124985758378467,1.0590720922660535,-1.3266829039380705,1.4661148280270597,-1.5585460428288476,-0.5407909908704757,1.7287354344155508,1.3961914898036472,-1.1206445712543442,1.5051057211174652
1700,9400,0.2810915870936064,1.3363253249595468,1.2549220678398787,-1.09427503895805,0.9796360585637917,-1.92217591336376,0.8844913589204432,-1.265485282020013,-0.2806340410660444,1.3973127305491695,1.1494159871387843,-1.5251830677406397,0.5988220353786555
1700,9500,0.23407190370252834,0.8577953153895592,0.4986353701588342,-0.971975973680561,0.811427287671173,-0.8020429179386475,0.36396763707212476,-0.6013547781023124,-0.8614769685292262,0.854252882297486,1.0506258028194246,-0.8592774400172886,0.9963910699249598
1700,9600,0.4215784430264062,-0.35424347668054573,1.0876019815925717,-0.5953607446628008,-0.1838282896845989,-0.880875215134226,0.26096228510497627,-0.4729702298446337,-0.5964709910950645,-0.7074219156541304,0.09113620335844004,0.07954914991511661,0.3172005453940565
1700,9700,-0.6101817172383734,-0.5660516673127373,-0.3009058133759169,0.5250319848843804,-0.11291895703116188,-0.5789448142227825,-0.16773909964267966,1.6217276067125552,-0.8789211744307376,-0.18595731443386068,-0.04839584230919566,0.6344204361404856,0.4545060051520762
1700,9800,-0.8363297822960909,-0.20075664398772605,-0.36251934641419487,0.5588639441735374,-0.38982758006030666,0.13976870238454647,-0.6951701546210349,-0.5315125277789546,-0.060094715884100376,-1.1792711559835156,0.4182025566767216,0.4043419107746974,-0.36851168526881
1700,9900,0.039351733528083487,-1.2312247115159487,0.504505306554514,0.826434636145376,0.3167072965877799,0.6675044032826254,-0.4964649098126106,0.5322427660476075,-1.1566394480117759,-1.2303277051570987,0.07202415089599314,-0.016267738046511937,0.13513100994171118
1800,0,-1.2138215565889112,-1.3817398811895063,-1.300033287496936,1.2887515808829275,-1.3207893832538444,1.1889484541290494,-0.9198181539496476,1.655623928332766,-0.06148424035397351,-1.4696098682649696,-1.9338942491928424,1.2096220700196798,-1.0588408027715437
1800,100,-0.8903896744453798,-1.696534171991118,-1.282105932445369,1.5682381971276034,-1.1148599657557077,2.190546335682694,-2.0780561705412657,0.6390880667156975,-1.3043281885061293,-1.3021422695315343,-0.9938586083421418,1.396809857935654,-0.8406530268207782
1800,200,-0.5692361343679527,-1.468285698351755,-1.7251659916906306,1.4614734171387218,-1.5092400052966652,0.7825767889085251,-1.1665720524470988,0.2602648197989341,-1.51634644387916,-1.5271315666318808,-1.3382864366055025,0.6600471625689607,-0.9912435146644781
1800,300,-1.3409235465822102,-1.4528718796895999,-0.8540397855403253,1.3330217358546639,-1.09483967253388,0.6313666290389494,-1.6681499185793567,1.6353432077490344,-1.8653273430307526,-0.5763287736514937,-0.7660204905434246,0.5835274866900876,-0.9521022984575174
1800,400,-0.8876644443561336,-1.1510494198262344,-1.5894207163023768,0.9186880334691958,-1.1431148226465613,-0.37638282069177925,-1.3365223816061222,0.0012161836222262302,-1.436579954353389,-1.3502847388710635,-1.0892701779735465,0.7556879882243476,-0.21232165149254043
1800,500,0.40334816165957466,-0.13709182966961714,-0.8254082272596092,0.7292124065218867,-0.04866305163179275,-0.46755782621318187,0.4735803644679651,-0.4055882677578801,-1.6757283091176305,-0.8700672309891254,-0.39234755346982675,1.1427548108301617,0.4597538310426279
1800,600,-0.14140125295440906,-0.13527248253858876,0.2757148092580165,0.8622367046629337,-0.2517921742263357,-0.28972218722509085,-0.44312695295120297,-0.9419632918915042,-1.3386413817641791,-0.6136426326406885,0.2653752534681493,0.4049902600949876,1.1576889572358657
1800,700,0.43747623019586485,-0.004554892500464126,-0.5952428104166108,0.03665115154819607,0.20557020942130666,-0.18353436964775344,0.20099015623382768,-0.10035470160024954,-0.9364584824135138,-1.2183131969743641,0.21083925228023379,0.5041486931230547,0.5966086394814314
1800,800,-0.32110859699068,0.8154240525874784,-1.499627161683219,1.0208782850908527,-0.34003590503170467,-0.08521651044024497,-0.27560046554863316,0.05740426499576044,-0.13762826281952312,-0.6173483002292057,0.027489217010466083,0.6538004545135362,0.10033397382058391
1800,900,0.5286566370125146,0.04487639843064308,-0.5641079039823105,0.20666976251983538,-0.553193913908049,0.7188677884400181,0.4150777974009423,0.10124431633573812,0.21659142024897163,-0.7233524767666942,-0.14592334509191543,-0.04195491833198786,1.149813145034853
1800,1000,-0.3873324016359055,0.5146672295646357,-0.9078704996716745,-0.16136007378925293,0.2908022648557753,0.2176064924921292,0.5851651139112675,-0.39382685212438356,0.572087632598091,-1.01944908835374,0.28244121693146684,0.8488034116855866,1.020230161689564
1800,1100,-0.6183934385534311,-0.29623647112037343,-0.12870591257588476,0.3396247041898596,0.1808472859422873,-0.35524251453620925,0.16768838988301268,-0.22753644987047583,-0.27002726967444357,-0.5989667528606681,-0.13355307200053335,1.3797080954436474,-0.7567331328327843
1800,1200,-0.2399186486202991,-0.6701618528101779,-0.19718066855770305,1.108214194640801,0.03173154908921524,1.3804357153389875,0.02644989330220275,-0.4531528607472775,0.04590253142606563,-0.1379553057825,-0.04098722817609812,0.7805350635540859,-0.3440516466182509
1800,1300,-0.7072263896117954,-0.29662276179553454,-0.2320975679608336,1.4762428503486433,-0.6156074693976225,1.6730829860980951,-0.7561160093114023,-0.02778417258070237,-0.36924114278058157,-0.6617320110828713,-0.4406521242893673,0.8992283553822441,-1.0165981712780743
1800,1400,0.679820524867684,-0.4207956067563671,-0.8895712772538571,1.119915038453243,-0.1956535937577399,1.377156528349507,-0.8988261740478023,0.07091239976204596,-0.104071864277142,-0.3279519611596679,0.13603633132837117,0.28972433778291073,-0.5878132247537964
1800,1500,-0.6801889545568043,-0.8490095614340051,-0.724108307085645,0.38476129172764684,-0.46863374647584183,1.293207643997938,-0.8045460629700806,-0.1719942713501332,-0.7136772035754987,-0.6313736981337362,-0.7105892413204036,1.0241990177398,-0.9712189148335398
1800,1600,-0.815828069743679,-0.475861454170459,-1.086049051363684,0.08857212732778616,-1.2909434507431428,1.784676725891345,-0.592362734903152,0.8100202790855863,-0.12326860115220925,-0.3420494724805223,-0.8279085998404282,1.526334769374119,-1.2022787022242696
1800,1700,-0.03532636843139987,-0.4334287062306506,-0.8725331196548427,0.8836502208807623,-0.6665933773736632,1.4715288085135567,-0.5790297799589731,-0.16965110511380582,-0.7821722716641095,-0.8640650907726019,-1.049265513825211,1.6992733700449372,-1.5702111947696535
1800,1800,-0.9907231468056085,0.0702575410556663,-1.2044590179786228,1.5234985186494419,-0.2138026210533105,1.471966575573512,-1.134955581847777,0.5512693873821507,-1.109651373695927,-0.8894719700193875,-0.9459894885867876,0.46648438456621727,-1.4177624884478175
1800,1900,-0.2020500426025254,-1.1016845166229667,0.16937278071339398,1.6089205638064736,-0.3268949784337723,1.642040459542541,-0.8233385164361771,0.21945813862406868,-0.209567156210727,-1.6637629703136092,-0.8512948868769677,0.8307532327645848,-0.715599449539425
1800,2000,-0.28926220102880273,-0.2790119676132137,0.42828541563137196,0.5937670002717186,-0.5760584303092571,0.9021038623366296,-0.8074346811287355,-0.6997005049852053,-0.1267920016558591,-1.0335235398916491,-0.11029306125909268,0.08392268498343156,-0.47719765844157797
1800,2100,-0.6237088608389516,0.25127925842356796,-0.84752407102327,-0.15892272544990713,0.023883223672134093,0.6936184643607323,-0.1645143444063685,-0.2167212569566478,-0.16276903136556428,-0.3372803778121289,-0.4195964269635858,0.1282013348673503,0.22415559649901032
1800,2200,-0.5531258115916857,-0.03718707272161536,-0.9756073801068922,-0.019790047941907515,0.02706396923646891,0.5044665731997192,-0.000834499466696715,-0.7354072436510564,0.5896743134454784,-0.7859686659328747,-0.2076566069664483,0.863250159759916,-0.08137272425080087
1800,2300,0.029771680815256506,1.105679623019855,-0.18547051829532132,-0.6087779637232308,0.4782877120617675,-0.4284388115679784,0.06471604802466308,-1.4829805331481993,0.6591053122285996,0.19819621631582965,-0.21694174893080467,0.5170736598392266,-0.2973710982268866
1800,2400,0.28859129297854175,0.9635445984741906,-0.6164851541014758,-0.6055719356251803,-0.016823627994498158,-0.46485772827693594,-0.435036753421812,-0.6419413570199827,0.2897394015464481,-0.8141187774948604,0.4744214213900628,-0.5127443605822112,0.006217172062601523
1800,2500,-0.15092518539292962,1.1008106242901285,-0.8757424036179625,-0.7921221446272492,-0.020864726438892606,-0.024277897365991407,-0.34342902747908044,-0.5386491456278735,0.9583320597773686,-0.433264990904864,-0.7585286012883737,0.5688943297488978,-0.5782215280685303
1800,2600,-0.14755334433470885,-0.273183775645796,-0.710470491646719,0.312220108848626,-0.2873166696482795,1.1899124084845154,-0.4335164364494896,-0.14081315297351907,0.5764340028486351,-1.4833922814741378,-0.3617215073939012,-1.0371124223199941,-0.8204264403715605
1800,2700,-0.6011672505928444,-0.43231196026971097,-0.6808135092054495,-0.19993224035679732,0.10147389646560732,-0.40915379734989893,-0.6080462066648006,-0.4045364750070006,0.9782861029905835,-0.5494628645925586,-0.6666477450194945,-1.0366507517350438,-0.3837090704584779
1800,2800,0.7012308664418221,1.0396201992779381,-1.0576195565440334,0.07323430319021018,0.8732244545618544,-0.6237136705420612,-0.15831765328090486,-0.6181445311958913,0.8309522171566472,-0.1770967809754926,0.05138138534996665,-0.918250967821651,-0.04684043269940715
1800,2900,0.8086172089985825,0.738414569907719,0.48180784983817826,0.32716288912015085,1.3597583554066117,-0.25179954958207945,0.3613371187597339,0.11559817865781459,1.3642443204737762,0.6941412426576463,0.24297894944721976,-1.4980831433239463,0.4262212468475162
1800,3000,0.7682873218563099,0.8726335007315145,0.2781324496210152,-0.7827894861616073,0.5789269571913391,-0.6730607171104322,-0.06823193424478036,-0.07778321746276266,0.8342750382789577,1.1590766629051048,0.7143603413634513,-1.1082148286476958,0.4943406137733449
1800,3100,0.5332468420184229,-0.09977794228093567,-0.26276406943840663,-0.48810875489259337,0.6614730468510754,-0.34580811315812066,0.23403032639396118,-0.6092444249803349,0.8794039507117023,1.7749260498742163,0.5216339024584287,-1.1019003726628198,0.160289520419711
1800,3200,0.4376612385880457,-0.30952871628150563,0.8441838065655424,-0.911494809539644,0.30377772828233957,-0.2431516917774865,0.3139893412198937,-0.1141206738223919,1.173665752985292,1.7329104015901755,0.10449790366316333,-1.4686651487843212,-0.07590089730875912
1800,3300,0.7704314934717024,-0.7270589785850555,-0.4433429430860034,-1.080197877251204,-0.3295586315220329,-0.6512325076136966,1.3455031522284702,-0.07331937670203525,2.0436034712768194,1.3650700407670198,1.4146171117575868,-1.1452034063050516,0.6566450198550646
1800,3400,0.0011017886726475158,0.5016703433955195,0.583998776952199,-0.2344334196142011,0.6715625478819621,-0.4886746678371541,0.2012396195715327,0.19613084996654945,0.387955908387271,1.219811008428946,0.8957703010933477,-0.8184916329255978,1.175911939100669
1800,3500,0.8736977049956852,-0.7364100261433928,0.4757273291330701,-0.5828039556880149,0.13993556459523573,-0.8581964822517127,-0.0704548533127876,-0.5583458305597844,0.7165572965264966,0.7064599930309415,0.8043801494346177,-0.9683779503565115,0.9500414348713838
1800,3600,-0.42203269568391033,-0.777166042829248,-0.15086495200256173,-1.1584486671891043,0.2156958011733507,-0.5439821562793042,0.29434812862439613,0.6227466468837666,1.4553689895042063,0.613712787508299,0.6866822891701053,-1.1315958925047906,0.3244342099070276
1800,3700,1.0719680748489824,1.491988232676082,0.26772716497054555,-1.2610547957017648,-0.2362643472592683,-0.5689351146534507,0.88215473122841,0.598410827286206,1.227320585973458,1.0312151501082385,0.12766031019411925,-0.8186411608340551,1.077547848167876
1800,3800,-0.9312202031319774,0.3792635545021723,0.2630317690797553,-1.3870534149631206,-0.7332795723870904,-1.015980911201048,-0.48258057473983207,0.4770432683207285,0.9039670816420509,1.3939381819743293,-0.07782101966170835,-1.0429634948313922,0.303102745541812
1800,3900,-0.67788004534853,0.7050155727318252,0.44921438078598747,-1.2118543223997076,-0.765290892164123,-0.4792229970309876,-0.7317633287965664,-0.8177369447509945,1.73895228348979,2.047942551146845,-0.4237458574791994,-0.4360871124375551,0.8964921763383341
1800,4000,0.4162326296895267,0.023149978727405856,0.18398059202648862,-1.3063479744339075,0.9520320279401394,-1.3807815966189594,1.3163531803903281,-0.9985903296719096,1.450095960105745,1.806084010196116,0.3965160750200639,-0.23715499397845397,1.6495275923373172
1800,4100,0.7838525275552898,-0.7787699210948936,0.7869976345268277,-1.7389222513878828,-0.5418226039020526,-0.5553214966006542,1.006611555156752,-1.0220235270626012,2.0184346194940694,1.812646999024284,0.49117692124068213,-0.0543287565863064,-0.27710839984477764
1800,4200,1.0790125054394184,-0.277292235132912,0.24531117170305855,-1.380921685891452,1.2088967691794992,-1.2322800353783674,0.6899365516275408,-1.7071217029398906,1.2743273485302427,1.4800296774529393,0.9964161971412793,-0.5038492881297949,0.12624177870015918
1800,4300,0.7303363724830272,0.5922890845232349,-0.13125763119918388,-1.0332019701999324,1.5528724142738994,-0.4591916136784857,1.1065418916807288,-1.719187074214009,1.5839043668665227,1.6877670081149212,0.7868580861823509,-1.213672086491415,0.33261291556836375
1800,4400,1.2142487042856915,-0.8020208089577369,0.2602891086915487,-1.2338392656747104,1.2822132035418667,-0.09776030921555677,0.3017530813270537,-1.6289999297315776,1.5423013926371558,1.2503434582498125,1.1144351470470415,-1.0994341862120554,0.8203893423789663
1800,4500,0.40520160027955104,0.09219504133185549,0.8849167160848489,-1.720951786233415,0.8859890600219154,-0.8274663240443586,0.05420105118553227,-0.7788056811775743,1.1826921600905949,1.2680483396855595,0.07294565596051349,-0.677758716361069,-0.4399568926072273
1800,4600,0.1268398548273461,0.03420233200518305,0.5395075634730039,-0.5190605992836542,1.1871022961942046,-1.1318354840290423,-0.16043114133092373,-0.4693389967164565,0.33996094737254884,1.9455743375954817,-0.12728333462592098,0.47510943898613156,0.6095454770857255
1800,4700,1.3980132821395632,1.138865617128849,1.2344654411479588,-0.4200915715351738,1.6137643259292185,-0.904844281601781,1.4482866810793555,-0.4877928625752941,0.7553545004644361,2.073799841335377,0.47159838813932703,0.27931379100842485,1.9598705789739623
1800,4800,0.5018786005395529,-0.17511025260661037,-0.16006434334682013,-0.1961688996108621,0.5044633369697613,-0.9726297675521258,1.3465484101301715,-0.6534212684631893,1.0540452418827473,1.3023509665199966,0.32780926853156256,0.038559341624034085,1.7930559152873766
1800,4900,1.8364253456071016,0.5495053935360829,0.7003838100275354,-0.31211568368390674,0.849359427336942,-0.4873932592742608,1.4950193230820912,-0.2566463242309796,0.6098825115965065,2.26345450565759,1.1205233933696674,0.21114022024132337,1.3341094875815533
1800,5000,0.8218108824914883,0.8152170672452302,1.2403665299917792,0.6530643303777457,0.7894022312861995,-1.1753722375569797,0.8764971846273242,-1.3944100871201117,-0.007178546387689788,1.629842894253728,0.4007759598672245,0.07141392857589321,0.9397206646312102
1800,5100,0.9414105352921478,0.7656856190942843,0.16606560873325882,0.075377593738367,0.16528627613482982,-0.2693441957387031,0.34073541475991115,-0.9225502085140552,-1.159935682770051,1.3559329356863579,0.4556338054248308,-0.35936965463475173,0.30397535066925796
1800,5200,-0.7927981483874659,0.6976179910434399,0.5786856825416418,0.47076516246443395,-0.5830938105440594,-0.45411975412287786,-0.6223779014373403,0.2059031264867485,-1.0514695417964592,0.9603770338577808,-0.7801963032207254,-0.17572650083352456,-0.707011778715394
1800,5300,-1.244140839534403,-0.259675996522888,-0.05325971170525018,-1.1823381534139097,0.26183391547983853,0.32321936662225714,-1.4389997228184443,0.9288270212077743,-1.3452986746346554,-0.9226310438417155,-1.0396641023907556,-0.2409001717808492,0.34233716870867903
1800,5400,-0.19381504604288113,-0.5205637015552559,-0.45996051910281976,-1.1492448877365062,-0.7328496573182155,0.9998875384692565,-0.45920128087366746,0.5536465082055788,-0.6705186171628692,0.3258672450729489,0.0052219987094741715,1.0297900276615557,0.2873087916763384
1800,5500,-0.44421696084183,-0.6245630384829651,-1.0023669626884253,-0.02247395501028605,-0.64566433934705,0.6112751826134818,-0.1372900981249545,-0.2157346821524086,-1.5150269332712192,-0.9109567754932977,0.12649196270040422,-0.4161709622930184,-0.08039380816044868
1800,5600,0.6476952050046861,-0.02629929720835768,-1.6556172609170765,-0.5411281232964199,0.23596767230665752,-0.2706920105268195,-0.7465782309509719,0.4137217478851274,-0.6028502116707516,-0.17553312358093096,-0.6912485853230836,0.38037940906409723,-0.5713729302066453
1800,5700,-0.06394784336193435,-0.9485937346441068,0.552370227848615,-0.5240113384008204,-0.5627505679058933,-0.4919036232840653,-0.37437410481364203,0.0935862612149751,-1.067298984300175,-0.5578335735520121,-0.3895855334586167,0.6449257164941767,-1.4426904786190757
1800,5800,0.24772779788056712,-0.8267401940740877,-0.016494403494344282,-0.8981912513276207,-0.5457963734376967,0.3350652808299462,-0.8315225429352227,0.33897821000409606,-0.8566646532811749,-1.1354632303543706,0.5401316818763344,0.9836193502082401,-1.2815371955744452
1800,5900,-0.6743943786719743,0.039657614224768045,-0.3066010036995325,-0.4041813387430729,-0.5394940974968517,0.36372489570979544,-0.5648157010986765,0.8265657914990099,-0.35949982674050696,-1.4693473344628956,-0.5646734336103357,0.27706094773037415,-0.7367768546973433
1800,6000,0.49782695864885124,0.5868821403916168,0.7636572237224476,-0.9926916980903419,0.5097084019069004,1.5268325545425758,1.0977279894733405,0.6216152243398942,-0.26307034624620024,0.031542390752606266,1.1128511455054706,1.0283284142782834,-0.8903064816647082
1800,6100,0.6767602905878144,-0.35331153793861086,0.7002133318463069,-0.8861633908388876,-1.121153135118231,-0.8065566291613503,1.086139100297886,0.2323192734157502,0.5370790648979912,-0.6721068709106658,0.6400112514768511,-0.17727900987620673,-0.23004026826005922
1800,6200,-0.601666913424426,-0.22586661634660188,-0.15649527093260457,-0.6400666489149348,-0.10714576982906962,-0.07725120776255981,0.22744501157290775,0.07290318197069301,-0.0008883464834201434,-0.2264489321271852,-0.28299084428867594,-0.036964004583760555,-0.7163203469242385
1800,6300,0.16785614113170289,0.07883716890239453,-1.6477782534643473,-0.7235957730167506,-0.6084543573260506,-0.743894520026188,-0.025300317019131602,0.0685998176712568,-0.4458033564595585,-0.10264837823997441,0.27998852792549395,0.4046601799876812,-0.0591490444558964
1800,6400,0.5899805804849559,-0.28069707558782697,-1.6276182377682464,-0.7038963575010453,-0.03623634991463988,-0.32287211055539283,-0.3324182761775918,-0.6766337433279065,-0.2479324826856402,1.0844884052471975,0.4493017335266009,-0.4100003948161674,-0.6790223548707363
1800,6500,0.522474142000257,-0.00953088133903692,-0.9964848488789234,-1.0188965643493721,-0.949881568564006,-0.28637378335749597,0.12028392213526036,-0.4074153500300938,0.8695580211653141,0.08947737323846784,-0.23405575724847827,-0.06916123365710801,0.11140656459404318
1800,6600,0.5032670272084946,-0.16477152513344245,-1.1036907870924362,-0.7617862581094207,-0.2467663651742576,1.7684084530019386,-0.28028510571515497,-0.7021785078761951,0.644368287775813,1.3856084224536862,0.23858046675089256,0.00868680963182389,-0.10393324272883718
1800,6700,0.8439591656928869,0.15904478140941192,-0.33647787370122667,-0.5715107635220248,-1.0969734238163866,1.4386834715879881,0.2753403022535475,0.02226297463009278,1.1919744661418001,0.8401945476044573,1.0945009210678152,0.6230344638697737,-0.5014686230685631
1800,6800,0.4820113597523057,0.28948752781699055,0.09018186620120862,-0.6885492004078343,-0.5855022477426172,-0.004580341954890607,0.17376355293720763,0.47635438323711493,1.3096321154337864,1.1810030683765658,0.6330154514940464,0.9121290873988804,0.47815536887611204
1800,6900,0.6973468464386652,0.2684309357884452,-0.1775335688329105,-0.5562568388667377,-1.1545290693149672,1.4349485487476465,0.2967311384576596,0.04002188702727251,0.9478514408562848,1.1322376517948445,1.0315530620034685,0.9152309597343519,-0.05195863865492443
1800,7000,-0.5050386832619727,0.10517567646332757,0.3772692118375297,-0.2591993667049958,-0.871521486910455,0.008398771432033896,-0.2436489295889975,0.485807651248725,-0.33027630244262257,0.6831880682382254,-0.6952877258547776,0.03360345904468788,-0.3199637945331328
1800,7100,-1.020290762606742,0.3727311318920134,1.1113603371056573,0.04856703541550567,-0.7685733253556363,-0.5435481773253079,-0.29793615290092784,-0.2840821132486469,-0.7370671961116126,0.8327253550720374,-1.1671971660178537,1.0354806170274127,-0.668120565304957
1800,7200,-0.66580331417,0.7903190636452596,0.15316193762632468,0.34665890196723625,-0.951383946438793,-1.1024848248992531,-0.5464204071567021,-0.4733624207308206,-1.2429643721249988,0.8579034303082381,-1.0879650621235797,-0.3710826599257997,-0.8952740761457758
1800,7300,0.9215521809478976,-0.08949736534102075,-0.25266967875641233,-0.09133853170104604,-0.7351480610187145,-1.025085320710992,-0.04188647745981167,0.6625286984571356,-0.7423725054229382,0.7310268471255589,0.4220259374717439,0.07839914133032179,-0.318212517381024
1800,7400,0.8756429659710115,0.6350062077751982,0.03939835609329906,0.20063812614337714,-0.49842207025256946,-1.4068704256353706,0.1766980669521596,0.7688414741183573,-0.889085725683776,1.0785954047999835,0.7929154988345662,0.0031979652677791934,-0.8096339333363334
1800,7500,0.1330100748459219,0.993999277861341,-0.32081811069196925,0.1870921509907584,-0.09898736030543989,-0.9989709561060265,0.5091487729561255,-0.4189222813407118,-1.0404837394947932,1.084559431763752,0.7001526350062428,-0.592976704511775,-0.2742385115170295
1800,7600,0.20759582971913004,1.4343727622413827,-0.4169292960727036,0.22703435336879957,1.5460417508954467,-0.16224108040226679,0.333193697856432,0.05414965704098422,-0.3876847963702577,-0.02922428676283482,0.6145399186886892,-0.7005862503858153,-0.1410868375921079
1800,7700,-0.27383798418962296,0.6722298685006105,-0.694286881325548,0.9862628268027698,0.5376579087226124,-0.2160048606127529,-0.14743755904441408,0.3899186566728483,0.41361167916920205,0.5873812812911033,0.06959509439221624,-1.128605734632536,-0.3791125846366747
1800,7800,0.3092331935284843,0.1552826529669152,-0.5107304543603612,0.6739891646558188,0.4860901495870681,-0.9673615712291768,-0.08783308767239355,0.15930995421679528,0.6650361314519717,0.25140649248885405,0.1680814494943321,-0.5879553337184361,-0.22837878195589884
1800,7900,0.5805762580255888,1.1531180062776343,0.8929204819218518,0.3102320609751862,1.3388836670010456,-0.6127074206103407,-0.8181840987152593,0.6772029807760405,0.6333877976926096,0.54530287678506,-0.04262954624830294,-0.8866201737482488,-0.40251365641444053
1800,8000,1.3811624369587125,1.35679006435336,0.4710179498559179,0.20133437917436342,1.2935642990489093,-0.7876872873439557,1.0978150280883012,-1.2638098870950054,1.2762905755719713,-0.17497031210156497,0.9838223272445622,-1.4505570085592956,0.16846654685840962
1800,8100,1.5630160168710294,1.3905144046683033,1.5454607071049138,-0.5630106704124767,1.6623346900098404,-1.3850909912783391,1.3607301169070405,-1.2207979182458932,1.598099094660939,-0.31828014924059395,1.3038516826311815,-1.6790313055949124,0.37370203330671176
1800,8200,1.4728165658741474,1.664904039026239,1.5423797712804397,-1.1752021638937253,1.654869466475926,-0.27143089500613515,1.406207128447754,-1.267780387150284,0.9992407818281109,-1.0713586413839242,1.2879422129693257,-1.0047091267709547,0.6823419598965924
1800,8300,0.6054830734583763,2.013151647822801,1.1975336139297639,-1.7047421399195908,1.1034835705777872,-1.8486375286130814,1.4547470722215339,-0.7796908190962061,1.2764150363931674,0.15700970971101993,1.558587789074769,-1.3919058756363414,1.4171228839708954
1800,8400,1.5215160125990417,1.966822657031001,1.029713794330439,-1.8721551378572883,1.3662395626274364,-1.0499600025986524,1.9206553088216185,-1.3770528360648977,0.7272340225128964,0.09406480030228494,1.8729148614164275,-1.2042857099775957,1.1188632063223052
1800,8500,1.5879046492974302,1.5789079319634198,1.3935822402745313,-1.7707320667863806,1.9703177177160769,-1.9632389803448227,1.9885682223445758,-1.2620488760626314,1.456128571392797,1.7790637505921962,1.2189191904615921,-1.608416806595742,2.0208044475162064
1800,8600,2.534150403955733,1.757784195031389,1.8492102572537428,-1.4041513426246919,1.8631260255648987,-1.2566674275933158,1.750606050905868,-1.8060998579302097,2.0108102121780087,1.1209510853057407,1.374058755008727,-1.4728005695938529,1.955369665519572
1800,8700,1.842134934258641,1.9218249955366111,2.381041053244778,-1.586641316473193,2.06971841458383,-2.082764574640084,1.5312211328883056,-1.3192689157640451,1.165287160440342,0.9417171947516909,2.1212015598781697,-1.3859065105594373,1.9969893071447908
1800,8800,1.5660526827229295,1.6368712695869614,1.9809393670357496,-0.7971808059666957,1.5814983469257615,-1.4345239555093368,2.3901113466606945,-2.0606229044590414,1.043126432910011,1.1775345405333266,2.172830340691919,-1.6643429076953398,1.6236736737456408
1800,8900,1.8386882372439552,1.2481236013185701,1.7008925959474754,-1.4057421317247727,2.2196273270160476,-1.9126173868977019,1.5306658807020523,-1.7627068279188867,1.4675503828376582,1.463854769624511,1.4517507776461616,-1.3057404424590855,1.9004035125389098
1800,9000,2.1491858095373817,2.378228095754737,2.0435964620644467,-0.5989740143540072,1.9754513591123173,-0.9570041798390924,1.4771874104024216,-1.7470337978325996,1.4477838646464896,1.3567925412738453,1.7266123841173917,-1.9466331151533918,1.409669859443412
1800,9100,1.5198736766762682,1.381880754365884,1.3087759763179787,-1.4161530115710357,1.6224275264705486,-1.1510544278362504,2.3248142252377146,-1.460241622400197,1.3955035451335849,1.2803945667330705,1.3161964811788667,-1.3162231428463382,1.8872022308786796
1800,9200,1.208633457028814,1.8483761581769398,1.5788721105662267,-1.2832492697066389,1.4927410420822,-1.5944527250322937,1.832408617778357,-1.4781244363630053,0.7675197574545061,0.8139036187837283,1.764404773537011,-1.352113974183983,1.6161390106098217
1800,9300,1.2569269685194582,1.9214732821711533,0.749580915072296,-1.5187192622691241,1.2250505120022128,-1.9512650701095349,1.8254981838851763,-1.2958202968673644,0.1915716290655855,1.2785850319818357,1.517624962908058,-0.47221711078951056,1.2440364516735727
1800,9400,0.9927661952464344,0.9564441350831059,1.1887074140279896,-1.1401364963408889,1.2067599443254002,-1.5703564689384482,1.4155023721571935,-1.1698245661307394,-0.32805376189295493,1.6614754025886653,1.1384754150483387,-1.2481059896256437,1.0118467945682046
1800,9500,0.6972726510728378,1.4757309972710997,0.8765588035009081,-0.4229430832583489,0.4097090258820243,-1.1168678527063007,0.47931767887488863,-0.7970778923807076,-0.46557705721322096,0.9055560699768341,1.2433535862313236,-1.3652200023813028,0.6260452906584388
1800,9600,0.1216376120024802,0.03403143253061575,0.43958114525934705,-0.6779087128664908,0.37785195946301314,-1.219906527406578,-0.3352191780575707,-0.7164720965415918,-0.4251045453894318,-0.1784283592128773,0.20105871023905547,-0.9346642618327037,0.8899513924872925
1800,9700,-0.17500828073814984,-0.38990225652410204,0.03525720648937709,0.8366540185087973,0.3749998188373001,-0.07339646028776935,-0.14688019189034024,1.239877732819047,-0.00789111645755034,-0.6133974376696872,-0.6776197032488698,0.09287673613310682,-0.002712141564242311
1800,9800,-0.7365866209564732,-0.249048652812403,-0.7466067491132128,0.7902126069412098,0.6662673366981933,0.6914205776513087,-0.6174984209949747,0.7938087412767263,-0.7254544040375465,-0.8875486965267373,-0.5967674012686435,0.15896934278536123,-0.3731062913751402
1800,9900,-0.9627791799712424,-0.3192051442394643,-0.7171879423930182,0.2603005068565654,0.47643290864763427,1.380587055135897,-0.2888156628096268,0.8356448232142498,-0.10319354381322204,-1.6304031865578463,-0.8532490626768957,0.21621220927059065,0.08119172311787103
1900,0,-1.510631133273468,-1.7307760139027502,-1.4742389514244993,1.9714505611090116,-1.2538930537905573,1.1740406306601534,-1.3765118450299003,1.0105245930113147,-0.7787408370843858,-1.0964480137208907,-1.8504240323649577,-0.6245210605737503,-0.3642654212358366
1900,100,-1.610362247680773,-1.2136981191324794,-1.747299181246017,1.3896846098755988,-0.7929597823378937,1.540662641541954,-1.232038379883342,1.3412334457626591,-1.2935377598694227,-0.9984878224556978,-1.2607744042810305,0.9530451641091295,-0.3473803078035726
1900,200,-1.4790603430555025,-0.9839989347146383,-1.2285106243498505,1.4418616469931287,-1.1129423301748278,1.22898185574248,-1.5732516403268264,1.1611987102750547,-0.8989327845896908,-0.5834227640035495,-0.9549061390395495,1.5530004728007503,-1.2420578662860136
1900,300,-1.0690204775019074,-0.7781406804091424,-1.1183289206397178,1.5581755862959101,-0.9056774556855641,0.09831353413572147,-1.2067828624986456,1.0336377564931627,-1.5567356533071854,-1.405270787229705,-1.1326993744937617,0.5497270480136777,-0.9146803331923121
1900,400,-0.6136112488186827,-1.1398676179362492,-0.8155722299985271,0.6779406855774004,-1.6255181665530936,-0.8664169665380655,-0.474884745688659,-0.23701865616557732,-0.7640727635860406,-1.0084602977065313,-0.6014257629744063,1.2785170621204573,0.31648313621119833
1900,500,-0.23761567492035024,0.3293609030549622,-0.5172199393253879,1.2086401428729672,-0.3786247193756563,-0.42941511951044053,0.38032720780281704,0.7354864583116507,-1.2247466254706287,-0.3382634760452425,-0.22417920284910392,1.146799873939434,1.2076502737493071
1900,600,0.003975108905884415,-0.13217992183271565,0.40581764276779353,0.36580168971148636,-0.2667148007047339,0.2513618105056643,-0.4696350718861772,0.14187230155467226,-1.4856186435152698,-1.1317214956523476,-0.24022549986961178,0.4955138873084149,0.23156248337602386
1900,700,-0.8288129922474805,-0.11115563185885059,-0.81638619289946,1.1855264084225465,0.1635467576823456,0.20298557658120087,-0.24316873766845096,0.4219618804988319,-1.0461715761799517,-1.0619847242076466,0.09052041651696113,0.21896883518067417,0.4794687937102335
1900,800,-0.12347997526265606,0.18881511900019685,-0.9791294010599118,0.36398109648644594,-0.20050234168135786,0.6954184556859663,-0.4972324600833532,-1.1776105710907807,-0.5444705429661395,-0.5769422911054867,-0.2358252852094648,0.41058456770108304,0.4281949117039817
1900,900,-0.4265701047666287,-0.17452821991043685,-1.4401121717912677,-0.6978723505191137,-0.6294940825058829,0.8419376729291275,0.16260479225499683,1.346970124117453,-0.5935947885904528,-1.0826733235001726,0.00965983986102934,0.489313951525718,-0.6355203783372156
1900,1000,-0.6146710735080884,0.5064436683706357,-0.4923050980349854,0.16009235006325645,-0.795242582639656,0.16069086758491663,-0.4523518827249395,0.7213271215929071,-0.26772523985273516,-0.4408159596638642,-0.9154793097248486,0.4959453167155986,0.1983314553191205
1900,1100,-0.07050151194681545,-0.4173289087061453,-0.23165906329846164,0.13481931532703778,0.24199742780325192,0.12282773481722829,-1.1233515180592224,0.20115325084170446,0.15227316815940564,-1.057392180140547,0.9638001228066375,1.1433220111874982,-0.3063188894183103
1900,1200,-0.5420051978925563,-0.35781559629121645,-0.5345163559896138,1.48182134709212,-0.36975710236034914,1.0935845546270124,-0.2850651845661097,-0.22316743384996957,-0.013301843980444376,-0.09009713588475093,-0.03522804563544662,1.5436674196461795,-0.9326073797819235
1900,1300,-0.5298223807703639,-0.04528967993757266,-0.8133510735430362,1.29688256486008,-0.8086214494736306,1.4085177672141231,-0.007045907623260093,-0.7090591013564689,-1.0240044619764186,-0.7093458710671566,-0.6761853200682015,1.2749172442326344,-0.7657441247191104
1900,1400,0.5989917725610286,0.500379757965819,-0.8755108314203315,0.8803252323629671,0.013146178140603131,1.1578268596520052,-0.5800103693866757,0.4978707737724761,-0.5751205691844503,0.05594183456548676,-0.6616358832426295,0.8870977168884174,-1.138602423967412
1900,1500,-0.6991807922412108,-1.1067081982616027,-1.4189083031728746,0.6749699883856428,-0.4715556420905037,1.5699406570040082,-0.5477514853177564,0.7164799715231724,-0.17122484412652883,-1.4720508289612124,-0.5415340780116316,1.3287907390220046,-0.551587007394023
1900,1600,-0.8271866948619595,-0.4080841782103428,-1.3815934308916027,-0.48520596150160417,-0.9508216729597632,1.4021996915651382,-0.7883342897869229,0.9603723623514023,-0.8691048251919379,-0.1753822426488701,-0.973669149011367,0.5340754849615458,-1.4787120691468467
1900,1700,-0.3450479481377749,0.4679658104592327,-0.7813579221859186,1.1520284629938757,-0.710323578284504,1.6195152499513146,-1.6799396774735447,0.6017539938528822,-0.9124418505003521,-0.706205198529628,-1.180990586887971,1.4299289083454587,-1.0712112390559099
1900,1800,-0.6986332416467976,-0.7601407858663446,-0.6972465168829434,0.4999192711149304,-0.41903482353817,1.2827930969420456,-0.779123397193116,1.1704533475306533,-0.6451823104846395,-1.122153559154696,-0.5609726652925651,1.525328670738577,-1.4866456768563832
1900,1900,-1.3895270219316453,-0.547806721186171,0.21156649743099987,0.9898361498212163,-0.7522903388910603,1.6202701576294665,-0.7244043480600582,0.1345687452772095,-0.5648842386620869,-1.342342140886494,-0.5306517456348526,-0.30488144085801383,-1.3665969478383637
1900,2000,-0.41811358279166816,0.679816036660307,0.030847799185783117,1.066001555207364,0.38861463763466686,0.650982092766523,-0.24169392660431327,-0.4777188008963058,-0.8045623720814166,-1.5158427367692717,-0.1267701111616134,0.38229888558922476,-0.8068054703699689
1900,2100,0.20733155299343778,0.22020605639051663,-0.31361250446398836,-0.7530692138474617,-0.5720549828259505,0.8175633798510427,0.04727690488645485,-0.9345823374146123,-0.09969841694334723,-1.0349691302712454,0.1687371060578809,0.373978554616879,0.29818214570695833
1900,2200,0.2480836271649979,-0.24000399329307878,-1.23384932374517,-0.6745635883056808,0.22413263266135672,0.10469575668603381,-0.26791230688407003,-0.7639448255051007,-0.12697237143255388,-1.356892780808541,0.14156317481137992,0.05078893917585931,-0.7077071427220903
1900,2300,0.5352763828316357,0.7551574510507794,-0.8482526321268091,-0.6439251637910571,1.2304542558622646,0.5209210883399661,0.8597981015370306,-0.8941749125660157,0.06760771085018322,-0.2803816001743142,0.475300612260954,0.9637507725351725,-0.41461414802057206
1900,2400,0.5379346373951992,0.38093422509688196,-1.1781421802769951,-0.9575216667896023,0.4980969677239926,-0.7704771849419445,0.040974125755144676,-0.5349994522931377,0.644480778832899,-0.16844865189966537,0.4272376577004214,0.5575660318762237,-0.09191031307048447
1900,2500,-0.8687072577384113,1.009841929967821,-1.317770265217974,-0.24577826983136222,-0.20048733925999193,-0.3592704542839818,-0.14763858973827632,0.16991985947495702,1.066330857152382,-1.34341626841005,-0.6283602093835265,0.1406321538586205,-0.17328551435794476
1900,2600,-0.6728097738954009,-0.024975870483522646,-0.8829191717211634,-0.43725202640150557,-0.8694489596265731,0.40806499842711225,-0.4911134646707775,-0.1686609234419201,0.0870638813440219,-0.7214021631396929,-0.4676101260847732,-0.5745269868276863,-0.774889479603044
1900,2700,-0.5109089755664922,-0.2287187026202109,-0.4135706762855206,-0.27887927767916393,0.09019242966851285,-0.14475938266670518,-0.5470159820398354,-0.9896140579752252,0.5303814654134745,-0.3328866234588344,0.05974759725399924,-1.0107138491874288,-0.5815705301530424
1900,2800,-1.0296056675719782,-0.1488867102500872,-0.8448387622495539,-1.089303479961624,0.5810110258869378,0.23616924658213967,-0.583804324267846,0.3543901972993632,0.5636439010159657,-0.7662017178197952,-1.0683654172485515,-1.0984275869442093,0.2213509595178565
1900,2900,0.31911209951595204,0.7050598056854162,0.22634367557916849,-0.692536904151419,1.615473448186416,-0.315001307401905,0.2707148091259399,0.13451650949382132,1.526019019001814,0.3579874769319806,-0.05383296054245401,-0.9588343144839557,0.20994786221049255
1900,3000,0.8616888580407827,1.2025266211006587,1.1304332081547632,-0.9909757860097681,0.9474799771492637,-0.3326506869432392,0.4968817083403893,-0.705654387307424,0.39151276320087025,0.7768026670377571,0.9389856795656741,-1.5770774365616336,0.07446660815664474
1900,3100,1.100907061532754,-0.14608167160494276,0.17067128179522745,-1.322633578146831,0.8736136341177798,0.06158578748575612,0.5197268680196692,-0.6265202680014975,1.2766055665314728,1.2177486022916955,0.2589823017762241,-1.2322151510544812,-0.45664152455094803
1900,3200,0.13890123959611872,-0.28131249320940316,-0.2066431191206083,-1.1563432347864266,0.1262443489870286,0.3449040081781385,0.47203632273645446,-0.8743937369578481,-0.007934518608571556,1.3372025793060345,0.5233374327338349,-1.6499965966872354,-0.378320066421219
1900,3300,0.398542317057151,-0.4567593113875972,0.41388581591169754,-1.1306683844620347,-0.36636686457504597,-1.1194303186018115,0.7846200903309525,-0.020452989436558724,0.7320935286753942,1.197427932190426,-0.0804713758088727,-1.3014976692800404,0.29727261559420043
1900,3400,0.17510224025603177,-0.32675836898585675,0.37648815324027834,-1.188168622536216,1.393724977593374,-1.0003769906935804,-0.291742747282308,0.6867045606962711,-0.47453304852598444,1.1991449736698774,-0.3535081919797337,-0.9141304132870016,-0.3851275148320675
1900,3500,-0.07952857866989983,-1.0648232342239607,1.125519464198801,-0.4648553130211802,-0.317139257599697,-0.9442097959709073,0.02706736560113501,-0.4445503048643763,0.8839985795581891,1.4139248938444262,0.471563207022611,-1.4734876652537656,0.9281758904005789
1900,3600,-0.31604590130174326,-0.4058415098327177,-0.07611894035302631,-1.309014413606229,1.0716187468709217,-2.058747876920905,0.10569468795631697,0.8691212759420391,1.2813302173013257,0.8802453118395106,0.3049632275904148,-1.1447173680430844,0.23465855672370853
1900,3700,0.13572589325975226,0.2942978317348269,0.16945679654862486,-1.0653779559880436,-0.3313342828375732,-0.7813856557682757,0.2289917997719663,1.1822541120200474,1.5167693338912016,0.6377857472869917,0.33610036747782984,-0.31252432139511965,0.732722405105187
1900,3800,-0.12362608275761018,0.9422580868043539,1.316427561897155,-0.6833325985593545,0.1657892080659091,-0.8375685476026558,0.21237283341919455,0.0595086444397845,0.9672964632819349,1.269740363103365,-0.26923123266836674,-0.3438290973160087,-0.1401433369958076
1900,3900,-0.19533952286964032,0.6880673374056627,0.18785077637739722,-1.6827802823426021,-0.40167737780875573,-0.5973973741137655,0.17793185389287197,-0.6163827651743766,1.229914696243219,1.565007415882111,-0.4785046412973755,-0.5182155866518188,1.25662466833958
1900,4000,0.9176938532581431,0.4485747262515589,0.5494219111380365,-1.5886967164933863,-0.5230046557693283,-1.074832582267597,0.9307494993512938,-0.6956942050094689,1.4139463112244484,0.9747977702854557,1.4862273704027993,0.6816228844072625,0.3498638290783661
1900,4100,1.684230103621236,-0.47335855864052223,0.1958219594401765,-1.0581860957819382,1.1281529758336892,-1.0202969693435693,1.0438600924131072,-1.4341877475545108,1.4315789097286569,1.5488670794388377,0.8694408243020291,-0.7156257596546506,-0.6516915022432841
1900,4200,1.4640891303177745,-0.15041176125105674,0.8316406952081292,-1.4933691432477405,1.349296986650884,-1.3680839754368639,1.022608946149778,-1.5382626150517542,1.895620175479189,1.2598478228931191,1.8373077113901533,-0.9129739636953519,0.702845346230319
1900,4300,0.5249175582903469,-0.4159673326350846,-0.6741664072646436,-0.7199824073119012,1.6296834061611687,-0.8129889646591995,1.2696133481873335,-1.6038499475825785,2.50900520444505,0.7331085037044213,0.6237570601519427,-1.06273635242922,0.8154810324763633
1900,4400,0.5499355794533085,-0.7117992115995214,0.5116935057732317,-1.3773836564907862,1.0422428104354637,-0.5393869075362253,1.365995456019639,-1.1471584103205972,1.2862335941140866,0.842470235614022,1.4188843518263632,-1.1189704445487418,1.6246608661878177
1900,4500,-0.2545626206922605,0.20658573119905338,1.4151420047301138,-0.3503189609048054,1.230634589475191,-0.6096949503092928,0.14657429906765618,-1.0443655296501684,1.1110911312160943,1.040986268580651,0.32409218688200886,-0.8858632898068173,0.06042887755552626
1900,4600,0.07036221271269166,0.40697204645593893,0.6383931712285912,-1.3843309106384296,1.1417826239773137,-0.9581581060014192,0.18859920219406656,-0.021000962002277475,1.3317094859840017,1.6158992223753117,-0.24431300744875153,-0.6669783270183108,0.9978058322562972
1900,4700,1.33794898054044,0.7001018724805683,0.24253676928443235,-0.3971141250665117,1.2041610697298841,-0.6891255563882877,0.8255368282973521,0.0289940828655446,0.42022797223954755,1.8653538046940077,0.8348784429550173,0.02639194892333301,2.1596695806321677
1900,4800,-0.31166201654044867,1.0486853486072232,0.8389583403471644,-0.11227031716879808,0.6419090366337686,-0.2896616598696057,0.9003091783756447,-1.0542293827793328,0.5656665959042435,1.6524560256739955,0.1293497263541934,-0.5457728537392686,0.9429102717233145
1900,4900,0.8076771188591673,0.9328395875733138,0.3354625183322262,-0.14551956763406718,0.5870749091191214,-0.8361853859239153,1.0134585731829346,-1.4270619910600824,0.7377340311920763,0.7273781612964277,1.4475222591962484,0.3086546990415491,1.712919983083409
1900,5000,1.4049388451714797,2.1483412560003434,0.938333493627043,0.4035994652517051,1.6389429922433445,-0.23196412019284987,1.2401966330926826,-0.9205980147311477,0.29471378225059774,1.890732862749476,1.0893674494654455,-0.1901684298417736,1.2698115352911432
1900,5100,1.7397033674227111,1.0589851623445792,0.41420370683162283,-0.5478360230973339,0.15469626105757783,-0.7943003370659087,0.6086148677696517,-1.2118386274958626,-0.4834738010176027,1.3958118986259422,0.837249687178748,-0.4179629831744495,0.3723840683109657
1900,5200,-0.17856145852613206,0.3791264772846779,0.26422130286855167,0.5347759401154661,0.8932954434212348,0.06997431886726228,-0.41606371331705816,0.8361233983352121,-0.3462547115292543,0.39406332367226776,-0.5977312402730716,-1.061880567912345,-0.353674766910865
1900,5300,-1.0062659493212067,-0.6189937149302474,-0.42316375955610336,-1.1290641446510876,-0.5023625480542631,-0.04558981391621634,-0.7588953942576708,1.0274073251170663,-1.2074849185743546,-0.5656629541282165,-0.8737521055128404,0.3632499373984261,0.09552935510585327
1900,5400,-0.2251399856884703,-0.7275756974848107,0.1272876257497228,-0.9320793767805343,-0.11091498316201405,0.7682919765323083,0.2677910146748546,0.06966476449197671,-1.004083661293381,-0.6025297706672409,-0.19448841731789823,0.5573444664114653,0.7979553496192233
1900,5500,-1.3440226414150644,-1.1099059268856315,-0.9452593567664969,-0.45183134516420753,-0.0015169234621447611,-0.007111815746875964,-0.6022291726184462,0.9995926261840953,-1.2763060251944238,-1.0814774912448162,-1.2290882486849724,-0.786352906859815,-0.8578249884799721
1900,5600,-0.5150615639177277,-0.20277119268832905,-0.7142035854064394,-0.39651970130383796,0.5865046930573706,-0.18339118494258042,-0.37875937045866526,-0.7479540276293567,-0.9064469602767657,0.13519480564710606,-0.5054687510152145,0.1307563162233331,-1.363983101760299
1900,5700,-0.61844641757143,-0.7335470812943048,-0.40312630200968064,-0.20461591342038793,-0.8465889368885418,-0.055093754059845235,-0.5895391578006074,-0.10053924688865833,-1.1290675322548218,-0.03512406243225458,-0.48166477333085567,1.0845028849234986,-1.3082383877053811
1900,5800,-0.7475129170727978,-0.9281333019934481,-1.0673780649819975,-0.0707448044855516,-0.521211933457809,0.5770470127819415,-0.43582585133327084,1.1737539147178007,-0.4363830713031607,-0.6428225777263106,-0.13540763739450387,1.0156886010248927,-0.7581792026948445
1900,5900,-0.7676995516135866,-1.0650872071241535,-0.5224042670353485,-0.6991064490496116,0.004891050638229411,0.28236293340705476,-0.3812238737485177,-0.1916719774394,-0.4695379791623891,-1.0963029458375597,0.2019291892192347,0.4641825464837834,-1.196470313110727
1900,6000,0.7807106748433593,0.6225284218026602,-0.07636634026470099,-0.6640587087532375,1.2611358453364354,-0.015547673248006644,0.7809884591009493,-0.3432052138385606,0.5388758290983879,0.5750777571746407,1.5219929890621908,0.6517190550435229,-1.750736262514805
1900,6100,0.5423008411908695,-0.7577978659744262,0.9676694883578213,-1.0882269458225942,0.2785516558111797,-0.4069524979055267,0.5469642138516428,-0.5707871716158229,0.0831704830335484,-0.4851609207326709,0.4308172549330077,0.13802671326523538,-0.18036860307975874
1900,6200,0.44133204866197556,0.9622233155980634,0.16970497075157318,-0.610132322394929,-0.38333545931486823,-1.0079145066032364,0.532765733269774,0.17940161604016816,-0.7547651528474167,-0.2515065437388648,0.6676198670019174,-0.6358655445980078,0.4847440770008619
1900,6300,0.4185751151352134,-0.16208775880698154,-0.5609301027405601,0.46778265284682846,-0.5176786345830249,-0.7795594778318204,-0.0623966972184398,0.26820006632561,-0.21982519579172635,0.20942418932211834,0.7229362040375027,-0.5008405330543306,-0.36828007762295073
1900,6400,0.22753029185212145,-0.3076090974462207,-0.7968551383574286,-0.7514093059186755,-0.7262942268802508,-0.38698278210608866,0.012887110530572286,-0.3344397589943609,0.31867128101460485,-0.21762544835984768,-0.3061363388098023,-0.5192627647212901,-0.5375502849978862
1900,6500,0.4330610728330292,-0.3557331945494861,-0.7830649002141405,-0.971590576678466,0.09186483828587377,-0.17570111808819816,0.34717283669455573,-0.5747961312403658,0.4074865330492939,0.1619532107233669,0.3037533209783978,-0.3976231427507707,0.726225802088541
1900,6600,0.013287277863914905,0.3317136604869742,0.07920097988039691,-0.22295604703596975,-0.6958933239094134,0.8499883241298538,-0.732265666537544,-0.6855016577346171,1.4301023587453658,0.43319926844558754,-0.448823325087431,0.7197193691296486,0.7903917035687732
1900,6700,0.10605033803458849,0.33904641738061025,-0.6015719180327611,-0.5223538037137606,-1.1438921305806482,0.32512970512187755,0.9085814662334933,0.2712084569408119,1.2436327193639096,0.8905689110417344,1.215142011994815,0.798140796789291,-0.23648754715251072
1900,6800,0.6195661021324868,1.4943458597225852,-0.28997713868337954,-0.6623913540497226,-1.0681617718780048,1.3126801045589305,1.492770461921969,0.22059516990302164,0.6204228146522137,1.4094942464356692,0.9075455695694624,1.356506501204492,0.40733864207986265
1900,6900,0.08299499486226876,0.1277108433485798,0.0260160880066663,-0.8772826992871756,-0.9561727708329686,1.2483342706634508,-0.34525218554989323,0.23664064837327337,0.1279836181764088,0.13256778561594065,0.5659286605767448,0.9793042226959101,-0.42540932659014563
1900,7000,-0.027486383374407664,0.5724263354994988,0.28041067714362117,-0.2171705746791756,-1.3205941260563823,1.0288564214621154,-0.21845454272019396,0.37503195568477243,-0.05937196673857102,0.3844576608686298,-0.6468705838616605,-0.2996523184688192,-0.6811390211218655
1900,7100,-0.5123538915997677,0.5258396911668309,1.137070967237029,-0.5024102376945654,-0.31412152299160395,-0.49543396197739337,0.07109758979400209,-0.14460005233094608,0.06423349084136286,1.3486617598822237,-1.063312299785917,0.32031587244861326,-1.321718946397048
1900,7200,0.3456698755738489,-0.40157679001871377,1.1966684187818686,0.4073423791015131,-0.8261713428966021,-0.3137272172635176,-1.1044390913678082,0.0071934447420450316,-1.1115677911443138,1.6270758478327805,-0.9993226390664126,-0.5735381643437718,-0.2251634909048688
1900,7300,-0.6988849856527042,-0.6081941245127066,-0.09804003049617785,0.017901313377979663,-0.5021050666627601,-0.45670404475120085,0.4183794589652538,0.656805961778473,-0.7274071497052976,1.0562314799425143,0.08910816135189277,0.05173868179828826,-0.7762997654098267
1900,7400,1.027037674214668,-0.504955232841091,0.2503485663499057,0.6076704654579351,0.3001553825644042,0.15032988719310847,0.8565976843383958,0.8518925708232994,-0.16233180880378856,0.42482071565322105,0.7736065899985348,-0.7652155814842633,-0.10495237896044535
1900,7500,0.04651943948835793,0.265991510119026,0.027782721210754535,0.9904202366211281,0.6009036953632128,-0.5022291347383949,0.08673564675654882,-0.00827850486218874,-0.29876364569246405,0.3313348036122859,0.9080233483903144,-0.6045367553974017,-0.1203824294982822
1900,7600,-0.6333906222140074,0.9552416954844807,-0.4265297481765209,0.8962170029125379,1.5662562733242902,-0.05449227678321499,-0.27548089699335193,-0.15629018586027382,-0.4088643586786091,0.11557525042236011,0.4415064339783708,0.09265864005913449,-0.16954497990452103
1900,7700,-0.720506546991066,0.18710985256825513,-0.6260035649957552,1.363984150383827,-0.25101260455134666,0.022778041453667783,-0.4613597601068249,0.2806385085856643,0.38574168898580635,0.30702832869576857,-0.26600857742208145,-0.7196814197851232,-1.0899434185507115
1900,7800,-0.23751000297816077,0.6014019892082824,-0.2561063065996622,1.105878880050284,0.2234552190577292,-0.32067906264747853,-0.17052699683723135,1.2073695394344446,0.3430746382911106,0.4560464639523959,-0.21829905998725113,-0.5192838468241465,-1.26400333831915
1900,7900,0.515109210888681,0.4909388117487729,0.5346102230699104,0.31089537835115505,1.2712006313632176,-0.7910218170399612,0.5658831196742995,0.6289603653479251,1.1106079798651507,0.07708413781482464,0.4062453154538915,-1.2381240400005935,-0.13305021280429916
1900,8000,0.24999776407217097,1.7563059885079835,0.07762269023523713,-0.7152269260124386,0.9546984792025475,-0.8588224494495482,0.23311711722104272,-0.04613519379749474,1.0576688263689766,0.7573613100122129,0.35669131382480296,-2.0229361055594786,-0.25631474542576765
1900,8100,1.3093466291279638,2.1079889796767866,1.025364929888901,-0.7193565537217469,1.2799629594054451,-0.8377183141156667,1.2810262449181467,-1.1637047691146678,0.5623824559705269,-0.5347552986825178,1.7524513436625944,-1.45724900891879,0.5656160819900566
1900,8200,1.8190950180228385,1.5196138459587143,1.2262729435039472,-0.7535070272875722,1.3759282251770348,-0.5059406340834587,1.0435539611039042,-1.6459636954905452,1.3917722454779051,-0.049488393085524364,1.7909169960273803,-1.8108731000017622,0.7712014256135072
1900,8300,1.6595892351129593,1.8896171207628394,2.0896168462248395,-1.5394052791970194,1.09190715326991,-0.7992134165904092,1.5935700327775317,-2.0967709366872693,0.8430505977331477,-0.36287522646927084,1.5823431012664964,-1.7155973969395115,1.2385190554954157
1900,8400,1.7064863895506213,1.3791006340197849,1.294628196943304,-1.5470945138556411,1.623340597966324,-1.1453000863291936,1.867458146310668,-1.821816966757611,0.6890125981216535,0.021514444146328297,2.157851070290763,-1.2673064848222368,1.5230437837751174
1900,8500,1.8616154619455598,1.3784825623802335,1.735680072842942,-1.395460684244679,1.8140925322852337,-0.9852292822499554,1.4730783483933199,-0.8816803193733626,1.7423210120609962,1.8893523513219224,1.4518621013285145,-1.4382926966217278,1.465288540248057
1900,8600,1.9817607367988939,1.6774379335281382,2.393093817431784,-1.874578220798901,2.108178531840379,-2.056719608884986,1.6248173657049427,-1.1194384821498369,1.7002836324482578,1.4701352671138808,2.532453577294635,-1.3356641682260588,1.857447309064634
1900,8700,1.474467382883815,2.1741662456554285,1.731526813518739,-1.4598450212814071,2.37064862550763,-1.2521555414186876,2.1400459816641124,-2.2492491798815135,1.4218462009071073,1.460204756593693,2.4202260033569902,-1.8312650000712782,1.3080291589662716
1900,8800,1.467222142251609,1.9150013492845044,1.9231248021869969,-1.8430491051490803,1.9540851969799609,-1.6217440579995794,2.0059690697155332,-1.179655480466614,1.6633381252475143,0.895646394141587,1.6180196917764198,-1.512964705549685,1.7426778423685443
1900,8900,1.7265732126338427,1.7374752672240987,1.1279367376007503,-1.9858464335173476,1.9859600834864868,-0.880384047379982,1.8454821653874134,-1.290906443458239,0.7012874443302995,1.957224632768123,2.066924903683329,-1.403380363018806,1.3360240805097423
1900,9000,1.9856531297341444,2.2759705458198134,1.6733596195823286,-1.517628857344104,1.8807448335910124,-1.0288112613953582,1.597329000528717,-1.6978738766833898,1.5763550436791633,1.3815519336970208,1.8519016896614107,-1.3892299238051258,0.9167733229268092
1900,9100,1.5665059504659933,1.4907945695305578,1.2703132785103135,-1.313225248481009,1.056839105969202,-1.270132714614453,1.4057385626735672,-1.6961295532793266,1.6292009201785602,1.3332353966857688,1.6099330959353568,-1.3345565760138143,1.8942336820048433
1900,9200,1.2087515229620966,0.9785131961046907,1.6244706781037621,-1.0041813925682084,1.7151217507037202,-0.9788002512182423,1.5401900129401283,-1.4629384557881244,0.9543475214240588,0.975643926174767,1.9267020014711431,-1.5519108601579383,1.541753959340998
1900,9300,1.8574863996879556,1.1368554299609506,1.2636582419945703,-1.3281200761058347,1.7094052101291974,-1.368854855744887,1.7742682211216936,-1.3390095220449887,0.9609847786941731,1.6307383502459165,2.009532935325515,-1.1866901612197225,1.2926898595173537
1900,9400,1.5513124429948848,1.904719273016745,0.9734576179356105,-1.4012050705901649,1.6196884664161868,-1.3462090988985649,1.2496804269488293,-1.4396228621058105,-0.6124216802418256,0.8794748005018233,0.8522295914317419,-1.4002062093301397,0.6410622821036885
1900,9500,1.1758060137202566,1.3371495674528067,1.4060904152113833,-1.0663136575232155,1.715081612197564,-0.48339387173778353,1.074846855457737,-0.605247038805981,-0.09106522030250677,0.5509038648927121,1.0821541310752265,-0.9217524801793759,0.775330316692697
1900,9600,0.5267879209823726,0.567636619547493,0.3438106243165256,-1.1683347636469021,0.8865030667006013,-1.2021493242170056,0.25453008291679885,0.04553021441639885,0.2956127921469533,0.2713976900509254,-0.541592550444306,-0.6935720333395855,1.1956623140738438
1900,9700,0.03256357296360683,0.14740462197831375,-0.22938782333477048,0.039983570988054676,-0.23443538760326574,-0.06304960584455954,-0.7261644354558684,0.6230836087949871,-0.1442531257489762,-0.6018233209728063,-0.11892814796609132,-0.31473014651935066,-0.13455493016167624
1900,9800,-0.6149029407805013,-0.3923858912171176,-0.5275629325837827,0.13093186764783227,0.7792945286941081,0.5930815541244083,-0.46789700085698976,1.2388933886579228,-0.22255927987653815,-0.6068636855073785,-0.9008801831164907,0.040952816028907386,0.10589323923262985
1900,9900,-0.27935688494531913,-0.2880161085146899,0.31339202968527013,0.8176485595748383,-0.2947042813418186,0.557216258230463,-0.04266535288385705,0.23159512922581443,-0.3646054954088007,-1.0436988073767959,-0.10312405593241157,-0.10554036959675377,-0.16387739533162152
2000,0,-1.5119786102194361,-1.4669150347167872,-1.0008866772050253,1.7543601633019061,-1.3907059556832282,0.11300075765072763,-1.0237275503615497,1.341231576405859,-1.6907668774763178,-0.7202380904536436,-0.7785018978374175,-0.028250087199416612,0.48259065961111
2000,100,-1.665484505783241,-1.3923780845703884,-1.221618523431906,1.878392396013816,-1.2725561199687363,1.5697449060649196,-1.4192590966271637,1.2219937773202247,-1.1013301601995815,-1.4195569092515614,-0.9424940893835987,0.9991996707253186,-1.1273038166977962
2000,200,-1.5202568325669883,-1.337324296239714,-1.4512884183922705,1.5833113673220605,-1.4903197847841119,1.3905594286551162,-1.4627968215839866,1.3352658822228614,-1.066299100003828,-1.345597526875705,-0.6311474895056447,0.6416807785808232,-1.894835938883686
2000,300,-0.3813683075867198,-1.4443319669607502,-1.6711962667084796,0.8510842877439474,-1.6849086225443304,0.15375107335655677,-1.331655707836939,0.8077680689947936,-1.1599388635358565,-0.567583982988382,-1.2457288810435085,0.20304522888755136,-0.4202479471360755
2000,400,-0.6841031098545584,-1.2668449024010466,-1.1621425180575113,1.4638258690468835,-0.2237140247183599,-0.9242973836190074,0.25789326297857657,-0.050023127744210735,-1.0037784031803323,-0.49820459947154333,-0.1697373792421197,-0.18134433443358422,0.4761347030762168
2000,500,-0.4724908382177427,-0.5695754305673019,0.34666421498482525,2.1128361004007603,-0.6082704819941934,-0.36267264610843636,-0.6664960568839454,-0.2092977334314344,-1.2641699697822837,-0.015230634293650402,-0.5939397795324068,0.251473939055935,1.1693357252334997
2000,600,-0.847406749995305,-0.9373143963741963,-0.45150804718496695,0.856010058863961,-0.5905924415417665,1.0859434614807115,-0.9184512459311,-0.19406602813957421,-1.3751113219346378,-0.6108712016362082,-0.8456477969538109,1.0007301119778562,0.4848997632316083
2000,700,-0.2295745836548852,0.4698880714165405,-0.36781614797925066,0.275431637358499,-0.3579970915378744,0.36111319836417494,-1.4595430458039458,0.457815075219094,-1.086219691341278,-1.2081448453343557,-0.8997663347450241,0.5077444225545303,0.60108820613309
2000,800,-0.8327442680807331,-0.3985466117766343,-0.4361743558241505,-0.22782061397574407,-0.4106545755782473,0.9936054983116145,-1.1163295423628357,-0.937889195583825,-0.8340283520458955,-1.3424862152192505,-0.30561843570897645,0.6794431797507743,0.5811566636967866
2000,900,-1.2056857065125364,-0.7072013828959265,-1.320662870175046,-0.09306069466610088,0.11129150398426939,0.8113371573438061,-0.10864668584635911,0.2489792267262913,-1.104174464157346,-1.2141605887419011,-0.7760710292334424,-0.14279161464045773,-0.13195851127430253
2000,1000,-1.1318683870892063,-0.3386678285346024,-0.5590615280303056,0.5057945658827061,-0.4926957904431178,0.9239538308444125,-0.5485184853552066,0.2278186229821797,-0.33666024002946277,-1.1012571073515156,-0.37822499383655256,1.017277148243844,0.7647328263819498
2000,1100,-0.5225467564675534,-0.9912524500342299,-0.5291577734264974,0.5826533422339535,-0.35540712090187226,1.2567967415450063,-0.6981036715787637,0.3409068283024633,0.1968292366255007,-1.2856863889629089,0.22487212757581798,1.8685246472833434,-0.44597850983079934
2000,1200,-0.5310059593052465,-0.46478640865698956,-0.30072911574364913,1.2553056718189537,-0.28345818580155485,0.6641928035449683,-1.0512609728458289,-0.024504441468763568,0.5985450127415031,-0.14729194875171261,-0.8201709212505084,1.306919333040611,-0.5806827982070066
2000,1300,0.06607187148974543,-0.20447639815045018,-1.031167928171893,1.020668793290338,-0.45701770127006325,1.443858155219449,-0.08013359755183048,0.5653536286360241,0.3985502128017684,-1.159350500902859,-0.09599369365945734,1.1205421160102607,-0.5866838427099975
2000,1400,0.1217254146957111,0.2510501623872145,-1.0327882593296651,0.7054198529919425,-0.3898205678775212,1.179928758351553,-0.008058893524357699,0.7412146215038475,-0.7667339493345879,-0.3172731841939716,-0.6869647744813442,1.561892648992511,-0.8014777247351368
2000,1500,-0.5426150216530985,-0.550167526280142,-0.7196959272281396,0.6829154156309835,-0.7476734437573548,1.2820522376173424,-1.1759096470042032,0.6792987891854692,-1.4253978688714979,-1.0016583020272265,-0.4850511536718715,1.701615658560254,-1.369565422181811
2000,1600,-0.6901645321747033,-0.15841416572882497,-1.3753632216017557,0.06837639510776433,-0.6714106821645761,1.1268099478577578,0.09649029535757934,1.210251300958667,-0.7377982705820871,-1.1164518699969033,-1.0813281210523562,1.122231645968623,-1.2588235986899425
2000,1700,-0.8286026815330386,0.2729312105043936,-1.7737327204615891,1.305218074213417,-1.08452937542577,1.99683154430173,-0.4585320765157525,1.1338523752959264,-0.11941552930312584,-0.5683582260796102,-1.314287327582839,0.9137203782388382,-0.6943838927641467
2000,1800,-1.3756382569368637,-1.158365787234278,-0.5156494120933325,0.5689050213979456,-0.3015533728325243,1.4272832183174122,-0.8207861123300403,0.5457302378615988,-1.3836035841585848,-0.9306579100280439,-1.2886705401568033,1.5766133512247065,-1.2009444281964632
2000,1900,-0.9580206149815245,-0.8674785860830206,-0.4671213223989319,0.6124233399642318,-0.8062109962794727,1.5257339279072997,-0.9239756492320113,0.24707362995816445,-0.7336142497267204,-1.4370534844925045,-0.18848857549309952,-0.5044641731181051,-1.385182003268112
2000,2000,-0.10251014628458417,0.4218691543103833,-0.32971467539920074,0.6753382540821684,-0.6461932748382895,0.29993473304216905,-0.23031206319617306,-0.6450867958875062,-0.8267162272007298,-1.8598266678978213,-0.19900485456075206,-0.0015978273852720643,-0.4853916836270936
2000,2100,-0.07602634825644393,-0.5186882347601521,0.5308264589335272,-0.4456243165128648,0.8923411242681882,0.3672027845108856,-0.09595677143547765,-0.9721471952877437,-0.5427373043640896,-0.39668316415239324,0.13740450334260326,-0.25372474686226515,-0.21563861315594038
2000,2200,-0.33667894283063554,-0.02860855191752146,-0.8062300934108841,0.04660750018489227,0.17989698851291866,0.7399787767198046,-0.7069568152561727,-0.25026278424001447,-0.2586181553559824,-1.0570422846488656,-0.47853932008900313,0.6834040713112456,-0.932215817150269
2000,2300,0.4042910100420999,0.2557019980994306,-0.5740044320656101,-0.061676685126691354,1.0543748044428887,0.25642934317233446,0.03539677893217389,-0.9788344546735851,0.8143488311800249,-0.08831092721404477,0.5116232068489841,0.38712280968315327,0.2618066253186431
2000,2400,0.39897175654834394,0.5366433528799897,-0.9975774006740906,-0.6495442662156931,0.5103801259359004,0.17738727039223237,0.6357563253071233,-1.1534861025768035,0.5607728064607683,-0.6575355692099984,0.5339859654783159,0.7062869158473439,1.474551649957875
2000,2500,-0.07919242180248151,-0.2260893521737244,-1.1878042279074705,-0.18894831570060666,-0.2829876080457031,-0.0763647202079912,-0.42661460894816505,-0.2808265431344482,0.354476990078409,0.01589845026113358,-0.46337996528678493,-0.36956677717760184,-0.10988321894911353
2000,2600,-1.0077057972474404,0.06264906292873862,-0.850666142216441,-0.22077875510672346,-1.354092775564092,0.15298059021445942,-0.7354836028400001,-0.6381685429183218,-0.48476783197627754,-0.8302036509531425,-0.7786532029111134,-0.6795324326881053,-0.8680767677061167
2000,2700,-1.336753025416419,-0.8058174071910428,-0.5858005666417712,-0.046399877104937794,-0.1684174897795172,0.8386424725407945,-0.6139408143634183,-0.055701339034697754,0.04596077090398654,-0.4702527549874936,-0.06967104917965822,-0.8631146879563011,-0.3348078852466256
2000,2800,-0.32959680061745183,-0.9652321040455344,-0.7505342328246398,-0.18425035581928528,0.4863533066659837,-0.11322908776115939,-0.5388242915571148,0.11030469774479033,0.4457094596198517,-0.6265875543645711,0.27863177390301225,-1.1243085010414917,0.27538273791287377
2000,2900,-0.33499907840121784,0.37661992375444986,0.19765773375791798,-0.3331687750798931,0.5961681868752579,-0.23884867711412988,0.5393407655956645,0.3563953895492193,1.1713685883058034,-0.27532899401535715,0.5447388383802791,-0.7254133403902845,-0.04216825972645848
2000,3000,0.9166832175854891,1.1129972868514582,0.8305288227696574,-1.2842973851368555,1.3883373483802193,-0.2557416470838216,0.7305559549227909,-0.5004965769603956,1.0490852858717041,1.4181716173392538,0.9836525787462345,-1.3731101321583217,0.7526508604689234
2000,3100,0.6685156726075573,0.04006121942407773,-0.5385348550275033,-1.0023787340477333,0.3669005544089643,-0.8829968678719218,1.1284118380218882,-0.4577705984639122,-0.1912853859632532,2.0159802618192515,0.3668144840730671,-1.6950561982471581,0.14860977647899332
2000,3200,0.2532414138823185,-0.8808665596378338,0.09700689328465059,-1.3494847681355706,-0.21651185922910265,-0.33680190421230743,0.8359928857592319,-0.6109429017573258,0.50609715247424,2.1978336614336937,0.5075782777287049,-1.0927439128094398,-0.11373710789667384
2000,3300,0.45390766792716236,-1.9655626882754442,0.35279526370445,-0.21616513178677813,-0.3605656864937581,-0.4112279151848983,0.708854232757731,-0.40716452843471806,0.8248316620463784,1.4529418203313595,0.03769182826864301,-0.7344794832695937,-0.11168345373559761
2000,3400,-0.277268196736182,0.20001270569675272,0.23881035527091643,-0.5611246343071845,0.3178313227794938,-0.08752826753336912,-0.2118745657650116,0.2083588161870379,0.5202129147755404,0.5954926978784335,-0.5424798872615022,-1.5994506108044275,0.0888753690259497
2000,3500,-0.059659269853237495,-0.20898358337562112,-0.5829919856528307,-0.7943084980063595,-0.10459205839858329,-0.7380946515915421,-0.10436277057352578,-0.2992539485872131,0.9156768286584335,1.0697466465050731,0.3840426529507525,-1.452858057212574,1.3306327085650338
2000,3600,0.4301759856565764,-0.07979485862366584,0.29971443147691584,-0.9215091342027978,0.25989566996135927,-1.3368385780562992,0.4850335847811965,0.9025143010260874,1.246549344666965,0.2738609290110366,0.5057714605103187,-1.0926996735669938,0.2760633865654555
2000,3700,0.7276964123807695,0.16867755136754958,0.5794649274770791,-1.1368208659459371,0.17226125350862595,-1.1250135010752953,0.41500632340978266,-0.278169974229968,1.0798758072340984,1.1129990784697106,0.6119703874073897,-0.7627896846102985,1.2368914631499315
2000,3800,1.093788005607485,1.2981806024204368,0.943839049668194,-0.5285918647866344,0.08113425776453898,-1.0518901631178552,0.9075871465926459,0.5789412256957657,0.9770824348153359,0.7114861802074482,0.5128357602090499,-0.3781856903597877,-0.23186301336275142
2000,3900,0.07333869584289665,0.554334210003466,0.8800098558065864,-1.4169882840172374,-0.3247516213101454,-0.9771495674873477,-0.08572007040584687,-0.7815263141946797,1.2221333307367857,1.7441117691112045,0.012390279468960217,-0.7163201439597564,-0.1370824658774996
2000,4000,1.273105963438496,0.43999357667531275,1.200218880488772,-1.0715966305451192,0.3956453445354222,-0.7399277486167285,0.6503895020759751,-1.5865564399712793,1.290860718858225,1.3202354627627944,1.6395308851757366,0.6062503445716719,0.6805665653113263
2000,4100,0.9831217211402544,0.0009142874837029037,0.39919171999545744,-1.121616796381913,0.8684452162012924,-1.6521748778496075,0.9554567331824881,-2.013480601056758,1.4823537708160195,1.9731700959002616,1.775926084744471,-0.6091924818505432,0.10801526323786213
2000,4200,1.1202693686831906,0.31917055623567403,0.1036064346320974,-1.3754998029198888,1.3694959899311345,-1.2866916668731099,1.5454994713662866,-1.3423440694156077,2.0890204219769513,1.6536067901957185,1.6003268543147064,-0.18535056681896098,0.6237800617046372
2000,4300,1.116653870746789,-0.2144648122050927,-0.7823710156185726,-0.4784892780019177,1.9656329046626424,-1.1833176056511798,1.5119173288475365,-1.3064290627663224,1.737181695256579,1.3525505755309501,1.5383860670639782,-1.5100541403233496,1.2891925971877591
2000,4400,1.0581208485884737,-1.0194617157744974,0.7057358312060441,-1.3345046467905748,1.5292939801485461,-0.19544117277306114,1.031057062495718,-1.6647794817180568,1.4576796390265518,1.4178493096857636,0.8581885654689393,-0.6377585885936952,0.8512881891415148
2000,4500,0.5138015901340917,-0.20604719229470622,1.406393694789378,-1.0552490080592247,1.3692080282013945,-1.168060565949811,0.7089209086186858,-1.3365480637299456,1.501595435712148,1.8922336434407143,0.49811721974281237,-0.3201445744670073,-0.8752469742759312
2000,4600,0.021736052763500612,0.6682041090537724,0.24514456982961877,-1.236451228808217,0.8541359929571387,-0.8659286157919477,0.03952808859584627,-0.4158652733023543,0.8778566453390795,1.7475350665431721,0.10535545569753846,-0.7358770046639757,0.18571296627254533
2000,4700,0.5327623389673453,1.0396586834398254,-0.10910203810769292,-0.014300623544066903,0.8071828629677851,-1.658533890574824,1.0422716249567818,-0.35954587636748914,0.707669404257243,1.2002265963236596,0.8620338472306069,-0.5614337821719375,1.1395782842803373
2000,4800,0.9454595070838128,1.2249322670474097,0.4219346378750942,-0.5974865365725983,0.8521951140432605,-0.5276739749265693,0.46863088491689,-0.7071381422957479,0.23654953439227205,1.7802372771256205,0.9996546371231445,-0.18611895821893937,1.2785543771054058
2000,4900,1.168800875142757,1.4730514489687532,1.2422204868466749,-0.5102071948352079,0.8044044352475366,-1.2705422084467313,2.057038643962165,-0.7031272228228207,0.44312410071987973,1.9720732175686038,1.199690844172031,0.009187547411196218,1.4183020238940638
2000,5000,1.365989155523342,1.9502171768716317,0.8086365872411542,-0.2697323450475218,1.6902918381441498,-0.40397358331308036,0.8916941116603359,-1.3745230618796207,0.0971233450674509,1.0167576564055842,0.8572979515992479,-0.004560556762644778,1.4267586632162188
2000,5100,0.056209478188963484,1.6621515574020191,0.6175872795887279,-0.028361148102548944,1.2838824407873042,-0.3205166310430627,0.8566638568499094,-0.7307492036752669,-0.274970803102085,0.587257564993754,1.2867165266355514,-0.615279446441641,1.0327404912025944
2000,5200,-0.06607613046867787,-0.013014353322457893,-0.37977761708339897,-0.11486365826539517,-0.008804858836753283,0.4769480688929502,-0.6288704686029835,0.7614343144207547,-0.2180366886246911,1.1598708182476307,-0.42510377423168993,-0.4040196314424861,-0.08979368385439548
2000,5300,-0.9658064454732308,0.15810920604623843,-0.36738508717247603,-0.37636930234987803,-0.2979580248897121,-0.15005052276065403,0.013636805971754852,0.6527329409101148,-1.229634949656432,-0.20362922007305617,-0.7554098332658391,0.4456144199374886,0.9153452594541129
2000,5400,-0.9643866548157651,-0.05327382920854633,-0.1684127616509793,-0.15314480908132533,-0.14076741090448117,0.2503042843389907,-0.1319151544405198,0.38890095164970845,-1.3395665925952625,-0.7371730851575261,-0.6214297603508258,0.9880676290354853,-0.4957267186779903
2000,5500,-0.8551739899803688,-0.9604982190942435,-1.112312940090294,-0.4699299421466233,0.4186234679122759,0.05523941914833623,-0.6005889766277216,1.2994743801441995,-1.3821049658274869,-0.39573568151442295,-0.9417697737501822,0.3103416372533133,-0.7589738753197524
2000,5600,-0.4494025952289258,-0.21915164328794562,-0.35429312591742085,-0.9387221585219137,0.03499811012490037,0.918808175991551,-0.32642823929306836,-0.5602017023491366,-1.3339960441865515,-0.7622103933044189,-0.3323032442488441,0.1454161099617969,-0.4377678953327578
2000,5700,-0.7150614015459558,-0.541370785358199,-0.9777320431786313,0.30466415831493976,-0.7052352023799516,-0.12745632535135232,-0.9895136252077404,0.39764626664668956,-0.9665343151460574,-0.21119097879144058,-0.8178477749947407,1.1600678798967083,-1.05308296309765
2000,5800,-0.5924356895247381,-0.7891994278742933,-0.670695404480818,-0.1883082909353465,-0.43264513975812713,0.14725411791646076,-0.5047158971995384,0.7701226269550863,-0.4922992710004367,-0.2227171834508182,-0.8519257486942324,0.7937260183197236,-0.8875561700986173
2000,5900,-0.7656720016440662,-0.4644076178288024,-0.7133619329777209,-0.4497407794290331,-0.8867188365722322,0.4000358660946682,0.06273286472303051,0.09353054770066346,-0.3959789535287347,-1.2509286104631296,0.3514509912586937,1.4179601963673214,-0.36328044222832023
2000,6000,0.6293046772068597,0.5107195010710497,0.47099084302273336,-0.6529523269074688,1.08890347923887,0.7647388828350696,0.35614593574360687,-0.053812487541480186,0.2822574283650931,-0.022815962538758436,-0.23571699604379218,0.45431574654291634,-0.943379452437403
2000,6100,0.684249565790534,0.03192090122410961,0.34857851455496824,-0.8663181025714074,0.6175325490564781,-0.34208841033767357,0.6667039298655723,-0.19199880843562536,-0.3716676367309565,0.12495199053851637,0.4669789125689942,-1.3053298895030003,-0.143651086606544
2000,6200,1.420520134236216,0.4722525670934343,0.10460772694081094,-0.6816318048311985,-0.14719863744661682,-1.400954980761747,-0.3327113841126673,-0.4114206951411319,-0.7794304374534153,0.5400960242905847,0.6584601454956812,-0.653339419003497,-0.5108808764135273
2000,6300,0.9602176429022534,-0.1850340241593866,-1.4835247124752915,-0.44073145184346174,-0.5092177596403484,-0.6759881648537622,-0.2871860422423875,0.393258478986309,-0.2955577230911488,-0.2866610136038115,0.5295245323135188,-0.3978186868555553,-0.5484875843218092
2000,6400,-0.0986047004470743,-0.17308759703082274,-1.2677890771149394,-1.3267033628589646,0.578757464564525,0.24761951692721315,0.21115201393901128,-0.75634166049593,-0.2762542718034111,-0.7852228254950052,-0.17797540735480435,0.3232326732535306,0.2732013086015166
2000,6500,-0.38545959629016835,-0.04423291246201989,-0.9953002288462658,-1.6546368808059575,-0.8018028463153744,0.177803698860492,-0.47708709248082004,-0.7828433425873786,-0.13296303685218414,0.4548869862386866,-0.027212283054715937,0.531092439769922,0.101225985988334
2000,6600,0.26562376865556375,-0.1250176397866734,-0.9693058844380086,-1.0246268521931323,-0.8477862438518355,1.9422801156968024,-0.11818544541098698,-0.5297528768393915,0.9190283713717721,1.0814711459231514,0.19457017766238904,0.9102756127552667,0.22933319942908723
2000,6700,0.568357700280642,0.37677488510497054,-0.3077667341981856,-0.5746827003093725,-0.9846908842436151,0.2981888125630191,1.0504960705946247,0.38841729803958136,0.9989051985403823,0.8133371112093075,0.9214409744840052,1.3170781750989426,-1.308475355246892
2000,6800,0.9745695909752455,0.40840105352902484,-0.06755967501314605,0.8908303837011725,-1.3166343782019416,0.1260032390879071,1.2397000790066592,-0.035943929669956014,1.3071969481509516,1.1914512743225527,0.7060361181718304,1.2693321700359586,0.38947508057764196
2000,6900,0.11261415941158671,0.05906598413673284,0.338798140330073,-0.6465897051552708,-0.6852564805185121,0.3337351225035951,-0.2225548221387545,0.28810339704394144,0.9564786375577212,0.6572242138075594,-0.5723813621479146,1.3855947087342726,-0.6133034625175507
2000,7000,-0.5108992347165305,0.8169165805029814,0.29676839327972687,-0.38226581196841836,-0.19966655851945272,1.2378741407320277,-1.0756069051629982,0.1692335749094051,0.3414554487415926,0.6155750879407175,-0.25658110729551586,0.4141025115286844,-0.2056033268793448
2000,7100,-0.30570469034479275,0.7364074483616144,1.4265831578618726,-0.30903367039004853,0.32525045818466186,-0.5830400151962788,0.031258181984753566,-0.40004863104231597,0.18201876923708515,1.428181890465994,-0.18185659319300032,-0.1890808439583298,-0.9330754750342664
2000,7200,-0.20628377750257335,0.26485470686028173,0.421178361299648,0.29059455449166416,-0.5794162698403724,-1.1476295501783926,0.433368145466539,0.19926743371971287,-0.28402087884063604,1.4975471842372299,-0.2848819237447173,-0.41765935747683475,0.33323349187348644
2000,7300,0.27127718698669057,-0.20067202823401967,0.598056238453922,-0.5081405140080637,-1.0480479982649655,-0.27036600228915547,0.3496643988459072,1.0505182512831113,-0.6027174343771243,0.7266882831856472,-0.6045969700908882,-0.3361044160796028,-0.6748849015145424
2000,7400,1.10319016021307,0.3135693201005605,0.6606405300147091,0.15503096368894248,0.2720763019289577,0.08812946934712887,0.9770146669318356,0.7153970124024994,-0.27522534503860496,0.9942124321230089,0.800043498108299,-1.2152405087753975,0.6234358291500989
2000,7500,-0.14358244254451655,0.028392786127163522,-0.2317403589970283,0.7280056910663001,0.5496539226084978,0.06145295741661403,0.014285491710530247,0.0357585581290736,0.16158205867219436,-0.25091409053973535,0.8662373948573444,-0.5403650956422428,-1.1883410461659127
2000,7600,0.4096377269758242,1.1712440660598904,-0.9748853355760483,1.411183729696467,1.7029133848679308,-0.21417325863738085,0.33489531420331276,-0.16098625808603523,0.09784105238815177,-0.5557715431921801,0.917860070832588,0.12836632153268102,-0.6084953520483677
2000,7700,-0.2273789341140459,0.6625280995721554,-0.30245909570356483,1.0965985318437481,0.014196674596993992,-0.6939265490149441,-0.1306850591618873,0.2663581716292418,0.1104669848661548,0.3869175548550729,0.1919206726481272,-0.6784193690153529,-0.5481486969589724
2000,7800,0.5934148361674201,0.31522104321245104,-0.4729397519319882,0.5597718222024639,0.692005970364366,-0.4569409918652441,0.3592079558658576,0.2797077802982788,0.029850880851833794,-0.3234910799705644,-0.41822124351770323,-0.8235926341288049,-0.9068849609925252
2000,7900,-0.4430342548036247,0.5968147213103221,-0.043752237841764345,1.0726286010690738,0.19073902726922076,-0.475524238763801,-0.23459611104468878,0.8886938939990238,0.748819427138184,-0.4395153637502127,-0.10126112533500854,-1.3885333806263962,-0.3405879475702569
2000,8000,0.33105725304341277,1.0491361437764766,-0.0887703037032651,-0.24049476591996163,1.0003177582946463,-0.654061140905056,0.48232705624003275,-0.24194129337775566,0.6964840736269798,-0.1934453958926495,0.5136993762855843,-1.437763579369524,-0.8940400466763974
2000,8100,0.7514157750446943,1.337925542338959,0.9688008060923989,-1.1550886163355014,0.4360346149624338,-1.3484360950355236,1.0637001877334231,-1.4837134391901377,0.8583426056923692,-0.37837129966965655,1.2252843064460115,-1.555426315507268,0.8143426263268402
2000,8200,1.3209963453839506,1.9120469051851838,0.9001740714214552,-1.3309353759901217,0.9464438631061859,-0.630188690967425,1.6440430939406498,-1.5981896072083743,0.846541861495886,-0.0030214364317037714,1.2857411520172912,-1.6752166393994294,0.622584885291439
2000,8300,1.6762707128918841,2.069555145528594,1.3754555514985305,-1.2240674712491586,1.6100564057998952,-1.0280847946392473,2.082732734151771,-1.058476588333916,1.4839827545571787,-0.4165483768388339,1.4062281165775532,-1.1100787054301489,1.763244439935118
2000,8400,1.546018524191894,2.9904696690515644,1.2521983038090334,-1.4300214706642453,1.704704347387827,-0.8079760417330163,1.818695017959299,-1.728845817472548,0.9506929842282352,0.6412218503528014,2.173441371856198,-1.0521256557453778,1.8353975726977034
2000,8500,1.94556516955945,1.6310044198847269,1.434413255112072,-1.6314888268337147,1.6711562009096523,-1.0253280031108916,1.1666466770365338,-0.8522365232946113,1.5889885624570432,2.0415137128624745,2.256251199166975,-1.0067992531971948,1.4617566995989932
2000,8600,1.6152988508886432,1.7638821191905014,1.5936608405373172,-1.973389943337649,1.5647710204979828,-1.2722417638369516,2.003494821016964,-0.8299352770742741,1.5049157368110064,1.5356164948139523,1.8483331361117807,-1.6730499196579558,1.5080523713546663
2000,8700,1.6265522635911864,1.7129858125174073,1.3268161777492011,-1.2194506113224162,1.3973143654596527,-2.037091867131003,1.807189664063965,-2.024497235013711,1.0762993448864921,1.252376620210898,2.0724842952050593,-1.6048025124587129,1.6137981089449998
2000,8800,1.6421162154264712,2.186813716779027,1.9006562664719988,-1.548829575482242,2.0108742435247335,-1.7944723367483784,1.7846511823576061,-1.0553910160224205,0.8550931892046839,1.1754685292806106,1.7059047995431138,-1.5872215066179212,2.1375564486995975
2000,8900,1.5504072791957642,1.4947416818099102,2.2931919750218928,-1.5333222907992639,2.1394205431862736,-1.0173350244372004,1.5172142458827758,-1.819317100388366,1.8052381572646568,1.6307319961756452,1.7466472592425835,-1.4102997775978445,1.502515562985472
2000,9000,1.0442626610094328,1.747612808916922,1.6158263767554528,-1.3903120240195197,1.7125720010065681,-2.0777131094691863,1.9528387951146897,-1.1246831832382675,2.1890964930193557,1.215295187024492,1.5574550476328524,-1.3958395308333387,1.4573229923526934
2000,9100,1.5515179499000018,1.7818439440312983,1.5015980778041536,-1.506993504710172,1.6352526444347113,-1.7749937329190053,1.6323212023192761,-1.3932970641159717,1.040655491853699,1.2710139960612552,1.3868023161053513,-1.6481841539939783,2.1468022519995356
2000,9200,1.8192256774341096,0.8115458991838266,1.08042240902556,-0.7304082753502122,0.8872037672173635,-1.4838977814428187,1.4243255701215538,-1.3417226482706723,1.299956135901015,1.0879815479846633,1.7430722977900313,-1.0969669255577976,0.679121902638872
2000,9300,1.7115640282955888,1.7520957782605726,1.1789367278383713,-1.6924383379445807,1.4641266396611934,-1.6132477157979053,1.785426146855129,-1.4007154296825632,1.087783905172783,1.5398849901690241,2.029933132537391,-1.393327025435536,1.4457867008316219
2000,9400,1.5314216000618155,1.3259677059459805,0.9970553021997606,-1.7959820468239593,1.5362855400465958,-1.1136183921703813,1.6902565500281956,-0.9696660423605222,1.039099740798773,0.9895307087125687,1.644053808530517,-1.398804913178765,1.3388106647051243
2000,9500,0.9209325420779528,1.246961763646672,1.0923100283980716,-1.0050426818358156,1.4462059938370995,-1.4203610939554614,1.3718372019111997,-0.8605958210003376,0.5114380108260526,1.1354329662005476,0.5422142565873639,-1.2964716838419872,0.7454202722497549
2000,9600,0.4986091055660691,1.0256353376488014,0.5756058163118937,-0.5613600126357533,1.0887091922162009,-0.6932400278643515,0.3900222223410323,-0.9927021484766901,0.7433628576246156,0.3179031948583347,-0.09975922925852544,-1.3820493044169362,0.4601300856070648
2000,9700,0.02483308527018844,1.2763207574008004,-0.03318533540252246,-0.4955629734979895,0.7964187882701382,-0.5867665484238408,-0.12611691192614388,1.064552286127332,0.33039696786321565,0.49345988464416907,-0.02466811907407085,-0.8835367499250002,0.6980228300716096
2000,9800,-0.5764978521211719,0.08155258799887669,-0.6376052382785025,0.01499348705435082,0.22448317370157367,0.9736491867188616,0.1766011651838196,0.5768969785136909,-0.12203218042142293,-0.6433764020881382,0.8035174627724665,-0.08843682355851754,-0.04731507084640919
2000,9900,0.02999930870619874,-0.24342623702525754,0.09097952195209925,0.7024086181917638,0.017503595194018288,0.8676076402123002,0.37345464034332043,0.4524564259635301,-0.30905911681833337,-1.7028836831928353,0.5959899377972141,-0.20528675505872446,0.163367224261305
2100,0,-1.6355227436713204,-1.5295958801755736,-1.1679401596169467,1.458845590661072,-0.7649331310723156,0.5207910792109711,-1.0509881378663246,1.9641928912957607,-0.43181413136657604,-0.9513420565030154,-1.2934835383731929,0.39520438478561976,-0.1642528010576829
2100,100,-1.2158706099349446,-1.4154309067940198,-1.6104242873296377,1.6904984363967706,-1.5266546341619727,1.6646530558058823,-1.099282654572594,1.2255773572289876,-1.6126502147019819,-1.0328865060823351,-1.383113611959268,1.0426190360180931,-0.9286214613061203
2100,200,-1.1067837532970528,-1.5219304910469738,-1.2141030614955777,2.001702080572343,-1.5639362511572055,0.8992610144957295,-1.5576936796467429,1.5517497275082734,-1.0494639178929313,-0.9900268850232522,-1.2419752771440211,1.555445569085742,-1.9635181365437777
2100,300,-1.4734150223608093,-0.9021909776191527,-1.349145473582562,0.883382536610335,-1.7173100173519669,-0.2190209390563758,-1.4945685068595578,0.06244895186805555,-1.5591295356490005,-0.057859802747768856,-1.1639402070078106,0.2651352059846104,-1.1538147873099924
2100,400,-0.8277806529936496,-0.699688024827152,-1.4107481719595623,0.4434365412094692,-1.1373527271414774,-0.4587010593570628,-0.4599695820558974,0.4617139965542995,-1.8859283341730526,-0.6949701356556347,-0.43473322923726365,0.019468992028113197,0.37174271334950054
2100,500,-0.4163521647507491,-0.6883466271963128,-0.8358111633308137,2.1404717462077754,-0.8875186949952962,0.6555825568548561,-1.025234995991653,0.7020636366021351,-1.5156447388202945,-0.1495784520502435,-0.7524719591859278,0.17760564637742887,1.063267255871208
2100,600,-0.8656070696600138,-0.7948920349462857,-0.9463650141088242,1.4497640027253034,-1.2029867726290473,0.7220316702206168,-1.3150682817134365,0.08680916400431782,-1.3239139263294544,-1.0296513372683707,-0.5941987720125109,1.043077265532181,-0.09399922134959451
2100,700,-1.3122806423626419,-1.1988188146667496,-0.8122760499600481,0.1611872475257856,-0.808044596336764,1.2715408479818384,-0.7649945673676746,0.04828915838278326,-1.4415582578153123,-0.9351154449252082,-0.8649842547109984,0.642180485084279,-0.7835513068034166
2100,800,-1.0725942890007842,-0.9524980480788121,-0.14900874086752058,-0.3277273143444695,-0.19045101362388187,1.5642717112691453,-0.5786709421123041,-0.5469255656532457,-0.5311970825831317,-1.4768075765511848,-0.30788365014984126,0.4582866602234949,0.1103378789438954
2100,900,-0.43755054195408116,-0.0068152134507039235,-0.36930668258037663,-0.6678618613655214,-0.4728327145611815,0.9796551705880099,-0.3855459778670255,-0.27370735752504965,-0.4871481889901803,-1.622713791656669,-0.097517282599061,0.36976464252445074,0.11818624620854559
2100,1000,-0.544125036524739,-0.6529425582094506,-0.27743049043656104,-0.04405230720659451,-0.012593972625158819,0.3800994739541771,-1.2790878871157723,0.6688879872194852,-0.315772321072165,-1.1966036419682224,-1.0173145531265624,0.23193948564631217,-0.5890877725660758
2100,1100,-0.8513949372888865,-0.45284671346462835,-0.4346692491733594,1.06099486747563,-0.31050169653245946,-0.21411484661144126,-0.6170787060683004,0.4502357603350673,-0.014213233295375913,-0.9042325905216553,-0.7608483787731051,0.9270170075606531,-0.19629630834369424
2100,1200,-1.3290651369604192,-0.14484423124641974,-0.455184799682447,1.4594908631915806,-0.40810506394412277,0.9800328150839046,-0.8758666825303826,-0.03313724055722333,0.07521508974589892,-0.36590951446294767,-0.3002837038870906,1.4713154495121952,-0.6227618760056002
2100,1300,-0.7056110713919201,-0.3449513454438631,-1.2672478060534265,1.4898260474406324,-1.1517355938959486,1.2050505148337045,-0.07201341009676775,-0.041117626706897795,-0.8206097899732397,-0.8108332781739531,-0.47219224190625947,1.6204492966284063,-0.7182358868075649
2100,1400,-0.3055937539723711,-0.39385706950706256,-0.7491273931592204,0.5020919086676414,0.113048093520461,1.302183355383041,-0.5618264224354564,0.8849842463197121,-1.1956618123815703,0.2451529968311901,-0.6978709559504036,1.3372145099517776,-0.5189966274448177
2100,1500,-0.7137858189661294,0.07786157136428867,-1.8373821559707721,0.6398829867547192,-0.5867020852888676,1.645751086702787,-1.3102359137232547,0.9983323712109353,-0.3464577129239788,-1.3920547122859708,-0.33258013421519667,1.570626237801116,-1.419359781163929
2100,1600,-0.971356748022127,0.15737974008421204,-1.631175838966109,0.7051542348009545,-1.4152598045870113,1.689663811124369,-0.8063464614013659,1.399855188133044,-0.5189164810404704,-0.9605122932365936,-1.5820844537622403,1.4334983857333305,-1.202948992945435
2100,1700,-0.7060544861990408,-0.15948531754181686,-1.5958493090699515,0.8913147621399946,-0.9492865187922206,1.4027171455105052,-0.8874797865562172,1.848106980258332,-1.4286781928404026,-1.0923279515419693,-0.6139682117608762,0.6477065515195207,-1.383469200441817
2100,1800,-1.4467704768629217,-0.8508933179300593,-1.1361717684823902,0.04380491279225457,-1.366547077592131,1.6958002580764295,-1.2094205717132562,1.1392561169430562,-0.8680709872076665,-1.211839547230502,-1.047581813796015,1.303305544739415,-1.5405559811636635
2100,1900,-0.4107533251145853,-0.57012990651242,-0.5691871507025665,1.3854083092168301,-0.9696018103864241,1.2214191626945072,-0.9625567476347582,1.2046910742456503,-0.9111674192877828,-1.6945647493864202,-1.6640829272543425,0.4641362809868973,-1.1176273779601122
2100,2000,-0.6521907097519429,0.8268726410988272,-0.09078086050954218,1.0403180086647679,-0.08150802031685565,0.08428107258401007,-0.6957212050511783,-0.11937352093169866,-0.4985118121969251,-1.2027374305752128,0.2915011017147624,0.35945369925242276,-1.0816106767598088
2100,2100,0.5289904500663539,-0.30215548359278066,0.21717978486984307,-0.1401108097062049,0.22381409948823738,1.289979699592646,-0.012867076549376345,-0.498289802014674,-0.8019333878072274,-1.0687900911402608,0.171493433432833,-0.5309527915783963,-0.7829054695075433
2100,2200,-0.5371189298716278,-0.3873458782271905,-0.7526889363520298,-0.4604017728936562,0.9623681844604631,1.0246583758501726,-0.11620057090504197,-0.4506610799450199,0.13310729382050748,-1.0843895359295377,-0.440462004049411,0.7365850659989662,-1.08950841273316
2100,2300,-0.2238513586169479,0.7832467178583193,-0.32988176609977776,-0.07830255582855379,0.6930889708531981,-0.4984092521735597,-0.5222861436030286,-0.5033211884013452,0.165546598754759,-0.1672093721656242,-0.5337740627374817,1.332355862661514,-0.6797867675090191
2100,2400,0.8813156931705858,-0.5220371350115357,-1.2389511990965396,-0.47664387301187716,0.7234592564439826,0.37616649438369537,1.090471070414983,-0.7489518094808527,0.17085195391419647,0.4596198089168451,0.5912532509655937,1.0702490139205538,0.4078332099780861
2100,2500,-0.605624757061022,-0.037782745744456676,-0.2672911108304864,-0.31938613413346567,0.009373200223704038,0.007472019508721464,-0.9136411909768319,-0.6395059536817697,0.3745989337936916,-1.162829807253218,-1.161988707365915,-1.1660615282320308,0.14837288280845135
2100,2600,-1.7742824162916058,0.31158374298389896,-0.4963957120039404,-0.2954127265052538,-0.3174958670161367,-0.00358099313684169,-0.7952304726327505,-0.818462789354217,-0.6212510941730538,-0.9645993219686662,-1.2073888705047617,-0.7316683537240187,-0.6138215286225879
2100,2700,-1.3404680817720636,0.7783391866715476,-0.7050247801165105,-0.5360914154875007,-0.2581841508585856,-0.27732871842970824,-0.7953768157293197,0.3342251655797238,-0.5613191114970634,-0.3911833045745061,-1.1343938011597097,-0.4500288768917301,-0.848619246834517
2100,2800,-0.6040699450169469,-0.4805787576065548,-0.42854767058916726,-0.40488776808775473,0.5545383234396174,-0.06953099066675016,-0.20467846730342334,0.5759914571800161,0.8557391937746582,-0.5685047230171001,-0.2833013927315943,-1.0292500701668073,0.6539940203847591
2100,2900,0.0059529183342023,0.3861122436206556,-0.5584080679881934,-0.8308094844089404,0.21890359018483077,-0.7762530245901711,0.5548879217348974,1.117499712966604,0.2550714508665717,0.42740523219363447,0.5521434404879725,-0.7434862082374369,0.2740514126964714
2100,3000,-0.26072678022435714,0.9972101734472518,-0.1454401014490281,-0.7397978631863513,1.0597396725762267,-1.0140207870404676,-0.5432011705219536,0.2427542752342324,0.7280431140928695,1.1067499890251034,0.6053570815488278,-0.8248206352867612,0.9770485630698402
2100,3100,0.6965623011189462,0.0358575908493637,-0.4112435095379832,-0.9885025527869139,0.28599744248971104,-0.12918574151157775,-0.11228456996955415,-0.7072965909859658,0.23024902875633654,1.3630544155813062,0.8023382727511582,-1.2071388871332853,1.0819375965332965
2100,3200,0.5448282467523393,0.04689062880215554,-0.6283250759725741,-1.27371061117134,0.05545153592827356,-0.8445072746632902,0.7386758073290931,-0.7239727955425247,0.9747940196010313,1.0039450778246604,0.7077673947395767,-0.957751090352878,-0.3353985921768604
2100,3300,-0.23566883218124768,-0.4746966704463247,0.07249006250596436,-1.0183278878051085,0.10092749450844621,-1.0031617865328661,0.31516649262555346,-0.15440595977144866,0.48384493188615874,1.3569077740592868,1.1271839466662734,-1.082828320974524,0.6427919450743934
2100,3400,-0.7665867753042853,-0.1740216556966989,0.1676420622023984,0.46575831828388864,-0.40659211184628025,-0.11184114842099471,-0.3599159551959566,-0.10553380144302077,0.4124744539000968,1.2028136691185045,-0.19085722402694588,-1.2994620724969872,0.29338122606378186
2100,3500,0.04518032838286307,-0.9698582807093644,-0.48030431278206887,-1.0351685531333814,0.2508258697707461,-0.75996946140472,-0.01099204131271257,0.24839876074592426,0.32054856472759047,0.3833403194274682,-0.2030677022962656,-1.4243508402788034,0.09710518967460571
2100,3600,0.5753429881587034,-0.15345873735608795,0.2676991857531915,-0.7450954381456866,0.10859354874382451,-0.6162126572054876,-0.04607740460408427,-0.721035020935064,0.5136162335029494,1.352755665101658,0.6005779851287536,-0.9843862033971253,0.4515462743663183
2100,3700,0.3307789728944198,0.9083766110234563,1.4185343107482706,-0.6248515666468965,0.13798719600610218,-0.9049062686003899,0.9751291580679254,-0.0009351178878783602,1.5555114584098475,1.622626931651855,0.2614630036923465,-0.15294859768507282,0.7737593788470757
2100,3800,0.9051562002478238,0.002632944027906127,1.8815431095615456,-0.5856281134004976,0.44191562844836907,-1.3167356438815938,1.441496537527361,0.2551370086804523,0.4268508770568215,1.4528971520164446,1.4387698553245134,0.045872234477409714,1.0611393326926843
2100,3900,0.09209124257103804,1.04829935292214,1.2222664370555352,-1.360176522174478,0.7375936060359178,0.2621228074038099,0.49526572586404943,-0.24609751506190328,1.3775206418840205,1.1823312252197367,0.6080288018640275,-0.04794698308171098,-0.31016092333480555
2100,4000,0.913614213649377,0.422429148584555,1.4603001961824733,-1.6746207229054568,-0.007197154919714502,-0.4665014924435761,1.622041775992227,-0.4924553350867382,1.3709585934182675,1.3709731473694458,1.3912350848496164,-0.24686095887223897,0.4271465874930267
2100,4100,0.9863938903471714,0.6061272420363746,1.2539171437235417,-1.4669360367972133,1.0276068904487294,-0.9684603112539716,1.5237523177364163,-1.4875166693143316,1.2367212331127055,1.0213402463185948,1.2016281445958246,-1.74303970447747,0.20691762097194405
2100,4200,2.1425487610842424,0.6017110551957163,0.6039252643853247,-1.346715487781189,1.5165994747542255,-1.0240176491310642,1.7205010469936788,-1.5181077459895622,2.389818997670292,0.9911499630789088,1.7100163738940133,-0.9115983357665361,0.7189320039785714
2100,4300,1.3829382607296807,0.5081142693477861,0.23012606939855196,-1.4550091272929715,1.5503913385126804,-0.8539541306231543,0.6127176751261896,-0.999778597962827,1.3364835130524244,1.0538235047189093,0.8463013346160875,-1.2171549765811507,1.2381934200713969
2100,4400,0.8319007055569454,0.08216805340058385,1.1262840905831921,-0.6918159595674793,1.3631169107992802,-0.8816420956620092,0.9911523723741663,-1.799628664283906,1.6361618247359033,0.9299900743872954,1.6524354443552576,-1.2452987281974424,0.36559616482496515
2100,4500,0.9268517224491332,-0.39332373878848537,1.6934260780640025,-0.8612244542118453,1.4780160372945583,-1.0820439808922844,1.0498906866605724,-0.8320693036069958,1.6241371993447105,1.3122048090548166,0.7076386610203814,-1.0764824876721766,0.49723598427324844
2100,4600,-0.30639416679407605,0.37479047912880836,0.8194541105680537,-0.9240207568824963,0.3033149216734257,-0.8513002656573017,-0.04623046280651687,-1.631372315229904,0.5916312987071402,1.6213363710227193,-0.5444782733405922,-1.004622251219287,-0.18305725437181278
2100,4700,0.19751077204237896,0.6647075037612213,-0.10994642290275931,0.06318753914735187,1.2443799142664334,-0.5457751064152233,0.9099982010909418,-0.6232726097760978,0.5215382230823324,1.2706482773603716,0.18149488513169454,-0.30406549458757803,0.9618340637080207
2100,4800,1.3228054584498803,0.8739824692030222,0.9638935190350589,-0.5207670824672062,0.979187250466562,-0.742374098966815,1.5748734588599393,-0.8956061678194845,1.0643520488282636,1.2766687583163847,1.3458910439028837,-1.100919379831891,1.4763089794173372
2100,4900,1.4719212487698177,1.836720985132125,1.6155860022297341,-0.2025603955864806,1.7354211373434443,-0.9481221271585303,2.111093358739883,-1.4764332052186846,1.031046675781427,1.4843133437779976,0.6313815871744836,-0.9907767834726036,0.9793592016442899
2100,5000,1.1451676082586588,2.0210312040115466,0.7519197135220855,-0.7899941750491428,1.123138545392713,-0.322425766977059,1.2884923696753205,-1.2563276979034657,0.09033478085407175,1.7010709696290245,1.593887673549293,-0.8501952028771708,0.3756179920121668
2100,5100,0.8710040237797502,1.7672851527946365,0.2208922015604721,-0.39028176917802365,1.0612124990324157,-0.20307434153058385,0.8527301012555694,-0.9168966523370178,-0.31417221011269136,1.1473572572188206,0.700356134598873,-0.6013850698490378,0.5916782325162958
2100,5200,0.33578411559755816,0.40029302682426854,-0.2613979352358376,0.5294485497617207,0.8660659152878875,0.1513736626531624,-0.085746898414482,0.3825508595108573,-0.9077587974943905,0.8548500966848318,-0.2991140024904178,0.3829543367576198,0.04910569902301809
2100,5300,-0.8578640719500015,0.3719135228616489,-0.9053088851141753,0.2915274231182443,0.20360673925989603,-0.01991152889293718,-0.8565308512903206,0.7953708857189987,-0.42735483128601814,-0.40376679362231616,-0.7127402240098125,-0.7271384377796482,0.18219501027755858
2100,5400,-0.6077891595832582,-0.6960365080770605,-0.06394968224566135,-0.49909426427068,-0.6360706126126201,-0.2416698749830553,-1.306467443652518,1.1273569596060282,-0.26207988135185023,-0.42295168387331566,-0.9949776636424104,-0.7196475426847011,-0.1303234277823666
2100,5500,-0.23856170728565265,0.21398785358317488,-0.19227911903017403,-0.8673903546386245,0.6344911587820714,-0.11817039983464415,-0.3800498004562105,0.3135227155197424,-1.5270953209998177,-0.12236959096701566,-0.6968779506805527,-0.4376109795126368,-1.1896955245686953
2100,5600,-0.26630641510498837,-0.3677929430525878,-0.07403191872570118,-0.15424462245226803,-0.3494054608761751,0.4417771266914247,-0.38224740834265336,-0.6640764359581645,-1.4069361842517847,0.06816088251094382,-1.064616807891225,-0.502277826672492,-0.5664782473412536
2100,5700,-0.9869355784848347,-0.8647626191348303,-0.5641113003114111,-0.4823138054143422,0.5250017236444724,0.031153776826301945,-1.3417065595796984,-0.10087486490045697,-1.1982252812497094,-0.4252739064601606,-1.2985610653382147,0.8350789458405001,-0.27671413797305444
2100,5800,-0.7257432035870203,-1.2932598291099155,-0.24411445860997003,-0.6429558236766989,-0.5232772922700223,0.9099643556761906,-0.435629430717014,0.4410500378790574,-0.3863625619373274,-0.8587700503756808,-1.6814359932640237,0.2557511783562562,-1.53068582607218
2100,5900,-0.1926846570942355,-0.7185264631474974,-0.5060081755137306,-0.792118422605034,0.049016292583044616,0.6005009213428687,0.04890036355322007,-0.6900268379445217,-0.471071984997817,-0.8470295692468682,-0.38963445574981154,1.23811895588451,-0.9864888473686136
2100,6000,0.8084998950119338,-0.033115425932236604,0.8372687574053754,-1.32771963255298,1.0291832281976783,0.9638952673272134,1.3543574734147474,-0.05816088136467852,-0.10188530744633018,-0.9891183203663174,0.40699053113003797,-0.20536098100098096,-1.1943162338195639
2100,6100,0.7620619971291983,0.46631454560430025,0.6058571746802534,-0.3615568413783895,0.3417491863671561,-0.20784872129425722,1.5430911026455005,-0.2768978756831187,0.7807223550943914,-0.8158067767783259,0.10932471345142017,-0.4774768481248877,0.2715731679844845
2100,6200,0.4051002496647344,1.017816345978937,-0.7165056900001534,-1.083130368671942,-0.13306761054433347,-0.7501667228699623,1.1058789468096235,-0.26484712199988386,-0.04662753794261991,-0.30893311988770883,0.9994229232485443,-0.24716333108928143,-0.7415068206226377
2100,6300,0.9567687990852038,0.3230155604699779,-0.6165130019465435,-0.7431014114073518,0.41765760200894436,-0.3028635150571501,0.5041709246262205,-0.45823799226113443,-0.5016505510128578,0.599198065797524,0.12364109582732827,-0.48158945867284725,-0.6603924949659257
2100,6400,0.7990545748630665,-0.024746822022254356,-1.0617071934732127,-0.6039081563924379,0.49085171584055726,0.6631468126406347,-0.5085050413993892,-0.9205343051442914,-0.43705070675637786,-0.026135812750988738,0.008638542308605533,0.44541103376929203,0.3056790267840033
2100,6500,0.08412836542350763,0.4109514256013618,-0.45992861676155455,-1.2613364070269464,-0.45316493033874633,0.9172292693051437,0.7560409975478191,-0.3479178868652763,-0.22914193461858207,1.0571646489590645,0.4437256334855847,0.6096898629468933,-0.16531308622853713
2100,6600,-0.03807421326373625,0.46512075572861317,-0.6982340099536789,-0.866856419474865,-0.45641144534222416,0.8130727127646566,-0.17242778392305477,-0.10136344435573288,0.08439048994517678,1.0978965627758495,-0.4549385077415309,1.0245255355752951,0.09546275974700076
2100,6700,1.013632213480758,0.9653565307121592,-1.0200410165163005,-0.9736085123836864,-1.180066125728978,0.5255204351061807,0.7924659258601966,-0.06259197644098899,1.323759976375431,0.5696878968475152,0.22627721946368123,0.7800364542441063,-0.10384565748865059
2100,6800,0.8278637758587432,1.0514503443031942,-0.04390081448647106,0.3210844815725713,-1.1323646111863657,0.3913717154846028,0.7991457599778841,-0.39544626558852597,1.0804565606579883,0.7080264319093533,1.2861575904543026,1.038864504786008,-0.2542647003468718
2100,6900,-0.6885467656913821,-0.08099681104756558,-0.622744921886613,0.20234053204567165,-1.2880625173443652,0.8306889344501143,-0.5165646993992719,0.1153863723639148,0.7648146293084183,-0.07350606050252483,-0.5997851051153577,0.8706850303041068,0.4097968368372364
2100,7000,-0.21381923916620932,-0.14546070364206157,-0.1555838758251407,0.15606228382052292,-0.5198645073235013,0.5690290846744264,-0.9776435421136211,-0.1936473070922711,0.2098891460084076,0.5009262254097766,-0.24459827130668008,0.27650156764876654,-0.31557103736017006
2100,7100,-0.6371716863592136,0.27954262239507327,0.7694375283851134,-0.12273376587849752,-0.04914063615227962,0.21016129107761475,0.11899967453039559,-0.47441691616005677,0.4286858308649723,1.460359477881267,-0.3460787156876201,-0.2332745651976993,-0.5138735000823236
2100,7200,-0.4554751363862497,-0.06526152004252413,0.6754437383046674,-0.3946248260077573,-1.039951870626588,-0.3949306727268497,-0.6476533991190376,-0.053167484255085606,-0.31443748373596037,1.4504460801996453,-0.7252834546164504,-0.6780378690083684,0.025641497503732704
2100,7300,0.31892018608507855,-0.061028638138730724,0.5419503611342388,-0.5341515349657077,-1.1859379238827925,0.20144509037827973,-0.7174788783600126,0.5760760140402972,-1.3440155371317528,0.5504941167719427,-0.11551900431186625,-1.1044925689412621,0.8408198342461454
2100,7400,1.2287455748925642,-0.11356071818309367,0.02235544002149616,0.8552139754667785,-0.813071115566163,-0.6054086703249252,0.551273261253951,0.6969624857884773,-0.9198723412817023,0.7402140966904165,0.9629832556499751,-1.3019947563100502,0.5162048940019965
2100,7500,0.7034407379810994,-0.7432594715875126,-0.5007408159730059,1.0970155367786238,0.3451397754696259,0.3414465049951598,0.05693372506072605,0.04284247696031632,0.5753946916458444,-0.17723902786571447,0.5185419319222689,-0.3671125421883304,-0.2064306920208476
2100,7600,0.5358943230103479,0.4579933817091358,-0.07471836107521525,1.3942598971937474,0.6565915072262692,0.4413372902588298,0.30011962596861425,0.2143049268733073,-0.5563472134393591,0.24718969663199156,0.0011338275316038423,-0.6520074277839856,-0.09419335334440733
2100,7700,-0.17442066291581973,0.6615497348021717,-0.37165967483619783,0.9267943062016724,0.5182225926822468,-0.014717915481408193,-0.16623916902354577,0.8643584531469763,0.10289459274798675,-0.595894144230438,-0.6129362765662456,-0.46149979851820716,-0.6957205046454222
2100,7800,-0.7233047079117431,0.5088983163283227,-0.04046507242857674,1.0991816655486188,0.1812196460689796,0.1104936764485052,-0.5250101463026877,0.33739755793179504,0.6891488641940847,0.44917931330698585,-0.32366644258684696,-1.368463880533906,-0.11124505119231379
2100,7900,-0.4611538461495286,0.10562269533966755,-0.6161541025278766,0.8950747914512489,1.1398153347997222,-0.15653517698810712,-0.4471965716048943,0.6010412531185682,0.1874730899728025,-0.3666354826837929,-0.304642361309352,-0.9798616544362659,-0.926626110076594
2100,8000,-0.453455540561253,0.8487907980636652,-0.5794962638864792,-0.2855707258129259,0.8045741444641656,-0.5392753222360237,-0.5913702349168325,-0.05398599710295903,-0.6152989343167597,0.14816865937335363,0.24512505281064667,-1.6150624099819897,-0.4476870130993157
2100,8100,1.071920042133059,1.7395110621787304,0.9328494169492817,-0.749135927358694,0.2127430003607321,-0.970189030963034,1.1365736334486876,-0.8976602599295156,1.147529866261656,0.30936665741699154,0.8967849695542977,-1.1423551004817936,0.5526074055854404
2100,8200,1.7791987216533627,2.115305953396576,1.9111074890139517,-1.221042816656622,1.2595809539135654,-1.2394544300667005,1.7530272996614944,-1.8563482384851724,0.8824049640291387,0.5169385547119668,1.7272659140869058,-1.349709133802856,1.0413140023211471
2100,8300,1.322326210222867,2.0643081134753025,2.055493957110816,-1.6367254959975626,1.7535385307731872,-1.7567655908101696,1.4244085210532258,-1.6161759920033767,1.0896464150611707,0.7467204440549459,1.7754907041454902,-1.0773326449791005,1.6436635407316773
2100,8400,1.7711416622128726,1.2162199980611264,1.9289336339514793,-1.1109733065934189,1.785753931684632,-0.21634489284173733,1.4472263528565337,-2.124385795244531,0.8627318161795137,0.21090326664528236,1.8716768473776046,-1.5231191709743812,1.6694433928657544
2100,8500,1.7196044228893541,2.15970242988381,2.0466932260477746,-0.8382649089331027,2.1936628312002737,-1.573294150416926,1.4673831133625033,-1.5629737692666585,1.7820211811818318,1.15045098881652,1.897800851586188,-1.097590125844425,1.7648340076576785
2100,8600,1.7401714006521045,1.3797094279059692,1.1682639980343816,-1.0473220939161818,2.326153212381704,-1.6560842015614774,1.7658524515071923,-0.9677036289741098,1.565630031736921,1.0262803951433528,1.8834513011308136,-1.3016923000264733,2.1284456357452797
2100,8700,1.646382451010248,1.5818040759211645,1.7836087610632603,-2.0493360467939397,1.2631042354254702,-2.090004227606167,2.076687071801502,-1.9230457964784218,1.6845894356462192,1.5918407967455863,1.8438823650625498,-1.194212146902014,1.559036818029866
2100,8800,1.9275710877476893,1.8405097406942563,1.8446823754690627,-1.3209972638989633,1.7672892390549115,-0.9656056285666891,1.7726915440128557,-1.991139041261141,1.2001251082712145,1.4010985334457944,1.58946692064935,-1.143199831570544,1.6951528542766254
2100,8900,1.692106920222222,2.053704635893395,1.4394784271225847,-1.792312365614489,2.229680926391436,-1.4423613301026976,1.8331032968813208,-1.6993926733817326,1.2924883540601302,1.592264997012059,1.7987356323652082,-1.7070336038003442,1.4536588907174885
2100,9000,1.194073408535637,2.12134533777675,1.402876189820088,-1.582278849706266,1.7710877594132244,-1.7720401030440205,1.922363339591713,-1.3931143194830378,2.115850436979011,1.637533138393344,2.3005500546272093,-1.3990163194252478,1.7264847774448444
2100,9100,1.943880361688885,1.643208013635533,1.6307252669226144,-1.4528319378689103,1.7984684091286331,-1.002528088402131,1.2433507815157576,-1.2642946554460786,1.60151568573981,1.615320163926565,1.7041802107801969,-1.1565019675948074,1.7112870989622178
2100,9200,1.9129360264184914,1.3392474989435768,1.811837744465264,-1.3611405010443107,1.5767156448513557,-1.8750704805559915,1.373440749516576,-1.4799650005647067,1.244520723386001,0.87133233188915,2.018953789608066,-1.4707433375403738,1.2382035686976427
2100,9300,1.4097473122887383,2.412442344300044,0.7787041262448834,-1.6994885441785677,1.35397129255818,-1.1676679811098043,1.4973302224758314,-2.0266048745600327,1.7895124079421814,1.4401228133646742,1.6263506798652048,-1.4647112868344918,1.6682638346500092
2100,9400,1.4613424146971463,1.1631560121530322,0.979315321138457,-1.2318183330123715,1.6768060323287277,-1.5949631854825816,1.7078926488498376,-1.3500724487875846,1.1725189599848806,0.47448491945456334,1.8274492975302892,-1.5069774846276083,1.4862057076303317
2100,9500,1.3142897180754658,0.6516477987157653,0.5688066841021132,-0.9920118840100342,1.5461370404095234,-1.4556920214834392,0.9357568109391449,-0.6700436235542511,1.7948285636661283,0.7659934753630827,0.44234811672837826,-1.253760473423537,1.641341192875713
2100,9600,0.13699808279813996,0.13210843266016786,0.8659254585513635,-0.6732065728906902,1.5358966835642673,-1.5493363461567107,0.04534198608046629,-0.14381284890869203,0.6246637630004562,-0.22381135354882659,0.014950674039287475,-0.940649566709914,0.19946336292301664
2100,9700,-0.1676763548353667,1.3746368120868497,0.5968091966536901,-0.4524329889238443,0.9890693695213614,-0.7331400533929296,0.24451150222150855,0.11149321903722738,1.0154480621972806,-0.721580080427276,0.30848715502712964,-1.1292641204637295,0.5383394263520724
2100,9800,-0.04647009867174476,0.0523901828639377,-0.3114494926532224,-0.1666718674628558,0.3217346544022358,-0.1393312924808041,0.30190151490974326,0.6046864470070213,0.23714219432431588,-0.22076325952083642,-0.6635411023063857,-0.7104035001396065,0.9409610036833573
2100,9900,0.4628983098811184,0.2223663921032045,0.20543206964789146,0.3398407856605223,-0.03478025548667562,-0.4627317850851712,0.38287878322093616,0.41508131225685113,0.25955010802647105,-1.2419002285774894,0.9020126419250631,0.15519025201340006,0.5482640914290746
2200,0,-0.8745521217545462,-0.805560408442955,-1.2012230024873698,1.7163104027455203,-1.3048398863423636,0.3878679465874134,-0.9437538363942074,2.2030686377881983,-1.158417316688724,-0.957568427613252,-0.9514920887410351,0.1928607837784896,0.19585984309328905
2200,100,-1.697700552230305,-1.2729773526375296,-1.586784914950784,1.8992143878479488,-1.6702365066836595,1.6636165494887967,-1.1829298422486354,1.518992269899636,-0.9811385333525027,-1.559693393994272,-0.7476133722847284,0.9622623007144062,-1.1876581608846457
2200,200,-1.0770251651880904,-1.4547199114432872,-1.2998914130978179,1.3279517898173845,-1.6045721936098585,2.3656297054358126,-1.3914117283263694,1.5816356007228773,-1.0427935333572358,-1.2905285054975622,-1.2131085405358903,1.115662420375145,-1.8471608550912497
2200,300,-1.3526904194059006,-1.2016218012752848,-1.41249924170627,0.90750186422255,-1.0885726538030127,0.913127970293749,-1.2621247744893953,-0.1439275482908416,-1.823942302872714,-0.3940433617873397,-1.1890981256865798,0.9150337807551046,-1.4361070423319333
2200,400,-0.22577584821523616,-1.0686218565260495,-1.3238675062956213,0.7793518005089928,-0.742405483404728,-0.1518467324124567,-0.509246233799971,-0.42464037152736617,-0.9954761717335565,-0.2155059078352065,-1.1550446899207882,0.2701987032450688,-0.4426525393972451
2200,500,-1.0233462977948302,-0.8680610698315092,-1.4854713628518017,0.7274289894841628,-0.2299152146361464,0.6849731934899862,-0.8218522256302951,0.046753127115070146,-1.239075812467484,-0.8573361613984852,-1.2889341402957248,0.1227923721136154,0.5462270529297593
2200,600,-0.7433363834073485,-0.3875249527448819,-1.5305355204837987,0.6152284269891198,-0.653054825238849,1.481614510656584,-0.7074234496276254,-0.29046619976856997,-1.2655453190015362,-1.0786572830189236,-0.6947296413163178,1.4519795124680783,0.057113272008633684
2200,700,-1.170989006270024,-0.37024802680165475,-1.156716303996144,0.11001851984118753,-0.417067223610095,0.8996069772989927,-1.2041084679774003,0.1844221711415205,-1.4422923691221454,-1.7907309120745758,-0.7356973599578409,0.5782149664266393,-0.297524075849266
2200,800,-0.5797567043819339,-0.33367723717724884,-0.034362618624056936,-0.09222643057208482,-0.4204018799204514,2.0532375360262893,-0.4502733994036132,-0.8898501677237604,-0.9427115240588605,-1.2066810123228349,-1.216918092849616,-0.09394567142608257,-0.508261985081536
2200,900,-1.1558625498643793,-0.35211157355861383,-0.9835540157492243,-0.6685325351981013,-0.315239601304851,1.7596304375764318,-0.7589537749196085,0.5678547923522649,-0.658351077848706,-0.8337617814156,-1.1290440177346224,0.4323271150047554,-1.097806311715435
2200,1000,-0.8061326301561808,-0.20979602351208787,-0.6056373661354205,0.7632663350983586,-0.6930360135630947,1.0916427703296703,-0.6367118268276263,1.6104320429747405,-0.2040131661865587,-1.8547661450020936,-1.5792042918182927,0.7919555182516077,-0.030594196662306075
2200,1100,-0.4663636135315345,-1.0584346132226903,0.018121877763741332,1.0475447332685368,-0.9173301472889605,1.0656792365793235,-0.5070609554569262,0.7814993780764041,-1.1363649426264264,-1.0446779000352664,-0.9813679685376558,1.4340284302216257,-0.6261173286373113
2200,1200,-0.6964121315175789,-0.719566535379689,-0.01632269057428363,0.8285167020862908,-1.6463703264281284,0.4836805182801086,-0.6900076890024749,0.7763069774489667,0.24865371733398076,-0.8443000047272421,-0.89752922130289,1.550081142425951,-1.3019090149472559
2200,1300,-0.2750075847732727,-0.7412966628675998,-1.2518426404477025,0.9979266666639602,-0.03871177728317125,1.6199306231496895,-0.7329724703540356,0.8695324093432054,-0.5095601670842947,-1.9508113497531334,-0.6785960734552723,2.2224532076830177,-1.9437480501495743
2200,1400,-0.8345209914237285,0.13281691503734894,-0.8618483343481255,0.4169733410545447,-0.3674470579465123,1.9639224041743315,-0.6846623803555422,0.8940263011006246,-1.539802614973522,-0.5675441350251981,-0.8100242542182656,2.0724371939865702,-0.5658090274556595
2200,1500,-1.187523207530775,-0.7087718671567748,-1.483409653966182,0.5718488632855396,-0.7714858280452646,1.9530599221286469,-1.1606394389588723,1.595251855062123,-0.5898729554596345,-1.6879839970396329,-1.0796027729669004,1.5636772917648425,-1.2403273075840766
2200,1600,-0.8932890998155707,-0.28553188678223196,-1.3612892871550366,1.2381234442687787,-0.8946711568210577,1.3722240989758736,-1.1654895162853693,1.655948122011722,-0.9814025016311477,-1.861976924017321,-1.0699797333868841,0.28728963456536405,-0.7195770511242539
2200,1700,-1.4769584725904805,-0.8983013709763623,-1.2233971565544584,0.08793328690935463,-1.0458018785712773,1.5738181165972684,-0.4810552697877799,1.4038754128936128,-0.9449993998856843,-1.1349591255112108,-0.767492381359483,0.7175714857959753,-1.2626618761195907
2200,1800,-0.9264582571365276,-0.7229296726838975,-1.3558213734315316,1.254314324844053,-1.262960968247773,1.4343958941769408,-1.0256313816346405,1.7797970865363417,-0.9527261531779893,-0.570226455309952,-1.0510164503350523,0.7777720872063365,-1.2438524618182885
2200,1900,-1.2104788634331634,-1.003916645707363,-0.8816186987391669,0.7583373341703215,-0.4713955986539554,1.218245284643359,-1.0491202967411433,1.6155766335197306,-1.0632853636800939,-0.9690109888155822,-1.61111547750786,0.8113937114965895,-1.4443087129978154
2200,2000,0.10120039164765555,0.34197081378066324,-0.537635257105532,1.0531246093344147,-0.5201192629156555,0.4865099919407026,-1.2135257727776658,0.42455190112897934,-0.12213988815504555,-1.0296517949554749,-1.0774676306164628,1.3038076977741235,-1.435047487155101
2200,2100,0.41062663090908585,0.14789198081229968,-0.5242750343821015,-0.2851370440442342,-0.04928346252275391,0.9076342739520288,0.7858841217473339,-0.7097082706657389,-0.5778962972332384,-0.6900336765019651,0.18509812626505737,1.2589942273260024,-0.6169136886106784
2200,2200,0.5778053241707766,-0.07013369392532878,-0.555046156787408,0.057659529083622915,0.659252343963646,0.3057185129105273,0.7957352894175095,-1.0136707440087471,-0.40269467268206594,-0.9981682101349721,0.4918767531517947,0.2693175368547117,-0.5134948688913284
2200,2300,-0.8355384121310142,0.30561569991251086,-0.5380700480702573,-0.7268791642291343,0.15320733462375544,-0.3695636849419113,-0.2832828064498754,-0.405026285484918,0.4312770800114191,-0.48985997802874,-0.016649118593975706,1.1874171584809092,-0.03401523239190331
2200,2400,-0.3271618319496937,0.2847347425762371,-0.7441458534287765,0.14296560489071247,0.8799097759914424,-1.0168638198162065,-0.6892757299620704,-0.8499929803104139,0.8764553024039758,0.07655207593561549,-0.2914992506742514,0.10431584625641016,0.18941863284665608
2200,2500,-0.9986717511024692,0.386216567753354,-0.8820354800064157,-0.5430316795379976,1.1618377001353724,-0.2673442339583255,-1.056735233543506,-0.30530567418453586,-0.4356906632938285,-0.3102895640680684,-1.4601193708874902,-0.29502302384720763,0.48227983880776765
2200,2600,-1.2102868679045304,0.4394128733154741,-0.6636297859316485,-0.743010638763045,-0.020609139552400818,0.130149362957448,-0.869963876477009,-0.06448887622185955,-0.09361985957449387,-0.7432190732327504,-1.5752137714205723,-0.5035646424027828,-0.20036046626732304
2200,2700,-0.6371287907314108,0.7086945271190456,0.22389000051202138,-0.4173239021358044,-0.7892460862291961,-0.4700791606136375,-1.0017738901424205,0.23650996233754,0.19275154606013914,-0.9239990635977082,-0.7945931432175897,-1.1707849591494206,-0.8612296023971011
2200,2800,0.06517835604360953,0.25897991571418055,-1.080668301124267,-0.9863567131493226,-0.11205285709467684,-0.05122052327734497,-1.1793546458501665,0.16637589514238735,0.9938076598538619,-0.5297448837743652,-0.2968610247073859,-1.539365554577352,0.22057551253009172
2200,2900,0.41168420151542146,-0.13143599088223326,-0.587945158460161,-1.175255588708887,0.039759877325398284,-0.2857584462720932,0.07736841078905561,0.4264949654448912,-0.07192209067946485,0.33971974558273793,0.6349062042260228,-1.2697082653431802,0.9572167757000257
2200,3000,0.5100551319075918,0.7873242133352136,-0.03496265713157749,-1.0681067433823195,1.7883169692959153,-0.5275642195423541,0.9447970611115843,-0.32394477018005086,-0.13430944552091498,0.6571023595775458,0.6445847955117389,-1.067978415078132,0.7130930165033107
2200,3100,1.1860083071121013,0.8991045652187227,0.5419503711041639,-2.271357320194508,0.582849933802517,-0.6763393924833973,1.2417287470539449,-0.7020405830861415,-0.19357201280068323,1.4914756716995805,0.9321561967179627,-0.745756834135527,0.9216123293351852
2200,3200,0.501485424121344,-0.38082262176256637,-1.0469010459838413,-1.4469118164153414,-0.6695937129141507,-1.2873474498458577,0.3053396647117402,-0.4525867600465478,0.8492205631757206,1.3231637933690448,0.36277722476018237,-1.2406633836561674,-0.2795713189589377
2200,3300,-0.26965137149804047,-0.3483150621565123,-0.4835484126949017,-1.1104798601143302,-0.755273852666002,-1.2184635678475972,-0.8741286277633509,-0.6182046555115712,-0.38898370208003064,1.8878985904008456,-0.06268293986697822,-1.2965861935026177,0.5042431515699902
2200,3400,0.4626507064673832,-0.2157800163395476,-0.3671356458463331,-0.5809878173114146,0.022649851261915814,-0.5717919069257594,-0.4042248195429406,0.1502419882696001,0.5031675890646047,1.3091975797492257,-0.06742519281979678,-1.4863675386544895,-0.12197962137199946
2200,3500,-0.12648983272453374,-1.175093145379383,0.052283160993518374,-1.2018033430247221,0.2707805995014182,-0.8720173848207323,0.008480287538861661,0.47311828999982264,0.8376724515939434,1.6395236092007155,-0.7143605758537428,-1.2932479952037195,0.5423288963462998
2200,3600,0.20618049622034018,-0.6569023750645405,0.4133411044073428,-0.7456505579033527,0.35774841847368566,-0.26437987546204555,0.8397737395003948,0.18869472335950777,0.7038149540421923,1.1787544083404793,0.5236186474581573,-0.6658855055904989,0.7160747665800263
2200,3700,0.7075955046212715,0.8760114118416618,1.3258226511128464,-0.2691232685361073,0.361625281943145,-1.4860745229494683,1.4556319784585317,-0.04709231609515453,1.2184295436789123,1.7385081797792847,0.6544187210955112,-0.7998721148149467,0.213377281220508
2200,3800,0.4165787603248385,0.6452710073753165,1.8361243406347156,-0.7529286526161735,0.9603938672143734,-1.5310176494295156,0.7266006995489833,0.3701646983451722,0.769786248648469,1.4499985741592205,1.2851209152129812,-0.09893917509760636,0.9609554324126832
2200,3900,0.21198952531712126,0.5890372166046823,0.9881519907918611,-1.1603572566342002,0.5518452415250068,-0.61025325793215,0.2112071420994427,0.475735261824014,1.3898896381128525,2.0839844065440674,0.4032615147115253,-0.5546559105656313,-0.6199751183377913
2200,4000,1.2731678620627598,1.0072828989252316,1.4413659942228139,-1.1045594997470904,0.8579562158722265,-1.0071390908204387,0.8030995083865895,-0.5626452666152165,1.6969490661580107,0.8733958972426792,1.4353701538741452,-1.0264777145970523,0.2080434525134301
2200,4100,1.3987564501065262,0.4574453105156224,1.158691593162758,-0.7288091907708089,0.5600851378824425,-1.609813992505809,1.848737164741153,-0.8939700795261593,0.9401760779979836,1.1437686467597878,1.0701291596717557,-1.4710595908324284,0.1783894520759138
2200,4200,1.420770675435734,0.32421593856689906,0.571452606843494,-1.625733821449754,2.099293285429811,-1.5497212823787612,1.2883364020797217,-0.8692812708307526,1.4427704771712118,1.3064100397879452,1.4358347451799605,-0.8230658900286175,0.6777823492541002
2200,4300,1.5328915487880534,0.2594325506571087,1.3293327450127874,-1.8477522492428644,1.8509014784852027,-1.2874148720926855,1.4642087914522806,-1.687617757993997,2.0276795644317223,0.6354820432754336,1.308438633882716,-0.45595368891430704,0.737854268283592
2200,4400,1.0176426705007209,0.4021807804182239,0.6879913146077224,-1.4837556099227511,1.2083611163853496,-0.611700850847685,1.3413496792826225,-1.2511721874602255,1.5807167575546446,1.1217856243287594,1.1190818729425964,-0.5898777622322708,0.9712316000971543
2200,4500,0.1262897045039915,-0.32317472606345404,0.6943873371952689,-1.3821775373875438,0.9476353720631462,-1.1154291685172735,0.567100263916708,-1.0656855277727366,1.4498027324020424,1.6316413589791756,0.5708925156934515,-0.9162545638879022,0.23961570091626624
2200,4600,0.3367675555638162,0.27180288652369544,0.4238751414341604,-0.9207470043790633,1.111842441869282,-1.2724111434503043,1.2352534682854617,-1.2655871954716122,1.153999652672005,1.356941085058038,0.6468593458654468,-0.547544073819508,0.5856032839251548
2200,4700,0.06382353948860513,1.1520667222466268,1.3175847766912319,-0.7864919122153582,1.0575095716788256,-0.947623034357535,1.5912401909566734,-0.8047403787442096,0.5741613330158679,1.7407471202039508,0.8781969439147765,-0.775870338133759,0.8843571192101938
2200,4800,1.3591875481530906,1.0679180717443464,0.6404262194655295,-0.3849518786846385,1.8297311677508605,-1.250163971541629,1.6238238529688205,-0.8960933624878714,1.0789396371169606,1.0307903857098653,1.1642435992805658,-0.719952607151658,0.9807671837578023
2200,4900,1.6952128107149933,1.033663898924497,1.6050709664207554,-0.006450077860574159,2.0496567012866826,-0.3353912148699807,0.8775191258614828,-0.9162872701049606,1.9960217311438382,2.170187063259576,0.5609766008102423,-0.7266997278804708,1.2760946990509359
2200,5000,1.8639605063945608,1.3065940324084444,0.8597605411382707,-0.2641272111847819,1.5472976198918396,-1.1423401989776072,1.251033883168596,-1.2973766904958612,0.0997832026110921,1.1531522331562203,1.3102465050946004,-0.44870202002679127,0.9762901370839536
2200,5100,1.037994369203956,1.2134458104383563,0.27199691579320656,-0.32310853370963927,1.0475797288950883,-0.582291416652253,1.283031022882254,-0.6010799009312716,-0.007771715967278422,1.1289627486277145,1.2100169950967499,-0.5146729828939673,1.0278079528076678
2200,5200,-0.17687415953933006,-0.12475327781800676,-0.265699109189737,-0.2902453192677042,0.8429142642869356,-0.29403296879307284,-0.061214340471521,-0.07324842273157496,-0.048183583202723375,1.4521591341771105,-0.41438432783117407,0.3328090011318814,-0.8710853565071026
2200,5300,-0.6245048989987905,0.3652673165122529,-0.9394401928898427,-0.07586971688349589,-0.20621648359417308,0.03565880244102627,-0.8688735830720815,0.47148191630638503,-0.21117939304661087,0.4665108853870847,-0.5884625590524261,-0.8395951877748502,0.26070056905277256
2200,5400,-1.4265823520621863,-1.0336978486435258,-0.8429798645847916,-0.7382138625434657,-0.3581912476848228,-0.08839838775437225,-1.1601157510108484,0.33755985652821413,0.1913288776943244,-0.4038706359740564,-0.9540430151964191,-0.731537615809047,-0.40572516878675396
2200,5500,0.30839411864264066,-0.13506503222130062,-0.9727045346203474,-0.7538836570025599,0.249105439856751,0.25610739210924166,-0.39695583809487794,0.1875310482274333,-0.8474839682906896,-0.02611607694313595,-0.504976142047597,-0.3477682909118688,-0.888541977261939
2200,5600,-0.6659512081373966,-1.2048111210228494,-1.0352237236660942,-0.62729580783313,-0.5800084121696604,1.3122728410577897,-0.4626949689091768,-0.1880504831681137,-1.0594463918929713,0.12266054062598483,-0.01999503277587778,-0.3218195469041709,-0.853287095014081
2200,5700,-0.46422096587990586,0.21303378635637435,-1.0880138891375564,-0.03995357381773539,-0.4906181783493419,0.9244998102334068,-1.2083892399169174,-0.33698685027459485,-1.177475123087287,-0.30449348289710165,-0.9012044220270714,1.3405475690482411,-1.2430573868594157
2200,5800,-0.7689245899100675,-1.058409298396,-0.20399351546341707,-0.8188267178146712,-0.5808909662774779,0.631678713477113,-0.35063485689022406,-0.071331911228754,-0.6396109688604878,-0.21214258054028493,-0.48123646557662936,0.6865770748272602,-0.7875185398172527
2200,5900,0.09861292368378098,0.34069704111678084,0.5513797618089702,-0.6760870991881028,0.6089762337261511,0.18945517112983032,0.5528016999129558,0.012017704798208026,0.114658073495435,-0.9150869312557324,-0.512430125040884,0.7383463786753481,-0.9147295693643396
2200,6000,0.5288018919199419,-0.00908187396006365,0.17831576545807243,-0.8699585729535187,1.3141740528676353,1.5227596025123042,1.2486838464235603,-1.0627755231435758,0.354145614045917,-0.8149880002668958,0.49876577691943913,0.48592042320703316,0.029491109611540705
2200,6100,0.5789121129132005,0.9527547616674619,0.13865881449659528,-0.12097387049093446,-0.09555203998495865,0.06461979552674864,1.3424131712295484,-0.7559203582235227,0.4825900337344636,-0.12750411836230807,0.6514401655090767,0.10938366513415283,-0.6061352276461845
2200,6200,1.0671933030739578,0.5740278997899337,-0.22093795506228298,-0.8598487828580869,-0.6883614490401286,-0.5650066861062208,1.8438352470157064,-1.0981463576692811,0.6740259397692508,0.31233104007203955,1.4702871193649716,0.14101658314935808,-0.0860655627862629
2200,6300,0.6372958644349541,0.46075787387019923,-1.0766239194492062,-0.5050095118702995,0.3169829494015528,-0.9992746421125438,0.7849188008380436,-0.6205116309255352,-0.38418894421907257,0.7229645047079005,0.9124032173280213,0.17991729749255822,-0.29972066274856835
2200,6400,0.6886583961008684,-0.2541011223876644,-1.386235209995398,0.014331089565731234,-0.30852981672379004,0.9098109690154337,-0.3742235073901729,-0.5443862067135765,-0.7176133504258404,0.16936116620345507,0.12414877797579447,-0.19101779688918147,0.32801133684923417
2200,6500,-0.3370515969143081,-0.39922559228742155,-0.5893732546694606,-0.7645401740653484,-0.7146685388627464,1.0266917552818862,0.3298529165903192,0.399207872526009,-0.4042795923812914,0.9862175657983723,-0.22020067685196812,0.6804252108845635,-0.28835112669990604
2200,6600,0.3041073085383821,-0.3916797309513313,-0.7813530428765042,-0.8941778990100107,-0.9321343568563132,1.2520003106887783,-0.20178341028016764,-0.6926147610625749,1.1772478900310694,0.5065609966321949,-0.1066470823573106,1.3090912837840594,0.2957636089768085
2200,6700,1.4799306852761955,1.273061005025375,-0.535650782113393,-0.10242450978859582,-0.9196241718937065,0.2678197543935902,0.06506924659341742,-0.48840908072979833,0.5850980891095385,0.3928211844694499,0.8322924709472203,0.690250217827023,-0.4030865167706055
2200,6800,0.2601672736504034,0.3232303163602694,-0.7859788518726821,0.3181919549250438,-1.062798492694321,-0.18527584419875215,0.7013298792779041,0.23892807229498378,0.6810705472631312,0.31616790760461994,0.6483085619710056,1.1846245832408038,0.9694414726809181
2200,6900,-0.20096920899828175,-0.33325997839832877,0.099989353141021,0.20290152722839191,-0.807000835332007,0.7573029434511178,-0.29270913172030744,-0.5029484671655216,0.6168584791550036,0.37784813240263526,-0.36696753393446885,0.21211945886698633,0.5237469252038359
2200,7000,-0.3017896738835182,-0.17106985610874986,-0.44427402308336983,0.3879453970003725,-0.9141105249639859,0.8058624244718255,-0.8278405950438918,-0.4967133976910244,0.337351863123117,1.211419767849928,-0.15419592646549837,0.2394483754317478,-1.2681906108378582
2200,7100,-0.306242981097809,-0.3477388650995988,-0.18973159248150587,0.1224167450605176,-0.29184270692267367,0.12118890682888427,-0.6320057648874954,-0.30513273892464243,0.5098453646859118,1.2978143641478481,-0.08084442376722306,-0.3055730389600563,-0.16272216647194193
2200,7200,0.08304126431153365,0.8618319063893806,0.5469513735961522,-0.2122066205363911,-1.1956653331349198,-0.27788540936392725,-0.6891030519097847,-0.470468470703928,0.20951303663092596,1.7299336393667484,-0.11624809992667304,-0.5941062623221509,0.18468871163977413
2200,7300,-0.11421663965033148,-0.7667057348943223,0.9322217565422821,0.4758509692763545,-1.6679697893328278,0.5969200725189124,0.2074014009978633,0.1437203250542782,0.1687858169472961,0.4823367762785995,-0.48401487376111424,-0.5330052637816616,0.756112218359918
2200,7400,1.0285123900007718,-0.33748617743923165,0.15763148152773168,0.8600745811654189,-0.560638766536288,0.8560482914473213,0.918118718412502,-0.0480822538000679,-0.46141745018683367,-0.21200207451137457,1.2946615458640736,-0.7069960170353002,0.2582810179936085
2200,7500,0.029906698839511133,-1.1292376543891216,-0.5332272715014065,0.6428209643267416,0.40309830267768343,0.7252140894572708,0.1255152174656425,-0.02704366837018137,0.26678178716384815,-0.3573088346472199,0.4772908117350111,-0.4697055370960831,-0.7391025038706054
2200,7600,-0.3879166580995811,0.02801460608341602,-0.3622737010077487,1.1870040954807017,1.4735249505870953,-0.22135837661314517,0.23704931245737787,-0.6676635433461596,0.48104536371939693,-0.8924412694321446,0.03020947546052194,-0.900782937804009,0.2440610326171691
2200,7700,0.16156883848499434,0.4389874051344537,-0.3646807222674653,0.9745189134011146,-0.18729010163684273,0.7110221800559337,-0.5566571467040128,-0.2763267778580968,0.6381605360926771,-0.23362001680167435,-0.5680701337184118,-1.2989217140744893,-0.7991593002966358
2200,7800,0.06774815158915627,0.2290806688791537,-0.03768073097423135,0.9066892752789398,-0.49057571689083534,0.4277424383055417,0.12550006916093295,-0.04208707204472309,0.33327028458296654,-0.5576160181553705,-0.3257001765215258,-1.3034852469468612,-0.8128354538870027
2200,7900,-0.3768942300509736,0.5196101919731393,-0.38143537153682644,0.9788060637356899,0.5658211349270957,0.3309941136593122,0.03210630189765754,1.039753424673898,0.9375743268025832,0.4241320611341616,-0.4037745396863303,-0.6453708792799235,-1.3102707429890303
2200,8000,-0.5074788751230155,1.2863079264753652,0.002299529270259835,-0.49585107069061124,-0.5012814910322033,-1.0319504627745126,0.39348475250271897,-0.2645372868051687,0.19314663678594754,-0.5104923915168688,-0.5204433255027459,-1.405161818589033,-1.1213160017948025
2200,8100,0.523497189892143,1.1789826016222151,0.9594407595618455,-1.204815469366724,0.28213618872304685,-0.49001830331355084,0.3788815050089425,-0.6183160605520786,0.45771373624859385,0.036643559174442855,1.613017057989064,-1.1426743397504537,0.3084807811012938
2200,8200,1.8634347854731057,1.6268441937561622,1.2910345279563586,-1.2430180687068009,1.0904993746779208,-1.5267923863221224,1.2299781171582005,-1.8009024428742895,0.9213721486176522,0.49048325741447,1.5433446952578123,-0.9527468791674997,1.1064604008604473
2200,8300,1.588755684654575,1.2104215797046565,1.4981952926847564,-0.8582781390129699,1.6812929839135067,-0.984976116875169,1.7741866777911242,-2.171388573494888,1.273917353466517,0.15082129217062706,1.5733036950841812,-0.7310406350216306,1.1649284713863153
2200,8400,1.4084771563806662,1.7843229657919117,1.7665915276668203,-1.2347855501518397,1.2596623986874025,-0.7878205874907664,2.265750409035754,-1.308879554772648,1.543693481225956,1.0683327573485837,1.7628942645683772,-1.1932642116477385,2.257116016035351
2200,8500,1.3501668903140818,1.4392464607922013,2.476246765233049,-1.1837972641240946,1.4786080950760543,-0.7428129228550336,1.7342632207687094,-1.438938153348472,2.103720548368262,1.2497153958433187,1.7012181063743625,-1.1616862837790243,1.8999542114040848
2200,8600,1.195803419218588,2.300552846537807,1.8317669131900118,-1.98869880325861,2.1060278426804833,-1.8703684281894395,1.9656235498981451,-1.2254142828861232,2.427327492346977,2.2823030031626175,1.8154569127219866,-1.5972314246971815,1.5817757752557162
2200,8700,1.5552220566972395,1.808255669736611,1.8977454226504085,-1.5603089733142412,1.7194746098408824,-1.0516291772561652,1.2106492835426255,-1.198443488811705,2.0359030676345657,1.33710441385641,1.6961027797707493,-0.8070046163810882,2.4892634240278606
2200,8800,2.322321507106745,1.5187423718063198,1.8894345637740033,-2.103262143299593,1.5771924895719194,-1.5123627871509133,1.426374200455318,-1.777444454919844,1.2626708840029381,1.4577318061231814,1.4435247202127641,-1.6210016172462183,1.995613767528146
2200,8900,1.6205635365780704,1.7546046335409342,2.1402717180792963,-1.5333030344253202,2.246054127926243,-1.6272717497614524,1.7024717669739318,-1.7396883390882443,1.4249590037187274,1.7105208301623784,2.3363518859758843,-1.269595647662088,1.9845829786620763
2200,9000,1.4654064070484825,1.61289934532265,1.5554093972688279,-1.2000655881323627,1.8877245694907012,-1.7081013344560547,1.65209240162764,-1.581365608202266,1.2848907404703611,1.769476387236099,1.4612676842476695,-1.365679686899505,1.865210766432187
2200,9100,2.7691624004959308,1.6683747972487477,1.8609336429520411,-0.9126799715389122,2.051181846712198,-1.9306414916361956,1.2545240943664477,-1.706753987390077,1.6956415484726628,1.6784338771322718,1.512648530017234,-1.5537596458300673,2.179969010617833
2200,9200,1.2208987407315377,1.898179855772327,1.5683822622033672,-1.0510853273305163,1.793274911035509,-2.031846901556832,1.8646257236555994,-1.3626757587362606,1.5177071609078325,1.2919056444635866,1.9388206962986052,-1.2983587861250598,1.4451274335865332
2200,9300,1.1047926807832702,1.9029907529069863,1.3098752525931825,-1.1054410343868495,1.247785085005225,-1.7732327219358683,2.475137313133206,-1.605307922332609,1.0884138454829297,0.4714139199116979,1.5827176559998768,-1.4012452733334255,2.306494431518341
2200,9400,1.3809825953977475,1.805808233711796,1.8487853056296264,-1.7001380840999074,0.9725258636519029,-1.3279753790044906,1.9269514688143985,-1.1854496126086198,0.9542975778936709,0.7803217687673557,1.507343221223255,-1.7929649048694123,0.7055767022926956
2200,9500,1.4448371702470777,0.4690922067892905,1.0683765354306114,-1.7059070726067718,1.9298927965340404,-0.885203300376612,1.2109540157314433,-0.11873574612375436,2.1340027114345568,0.488034454596684,0.3032729529261521,-2.16530882831954,1.3516567129143093
2200,9600,-0.03517745463921544,0.3787320056918832,0.18952090053288967,-1.2109535366549748,1.7623595627093203,-1.4094849917248955,0.7629893734922418,-0.005996707713022762,1.1718760017334788,0.3267436139441964,-0.37222386000516544,-1.0176364684674368,0.20238600689577188
2200,9700,-0.11744690056017068,1.4167605406675299,0.3960402619797681,-0.5679212911656262,0.8572745660924781,-0.18342506161855124,0.1239300091263806,0.6070763892034906,1.3488342979945562,-1.012917961781091,0.6759264066773621,-0.5065883273371101,-0.30795868682488897
2200,9800,0.48145620505997727,0.3866305854120134,-0.3730154594098115,-0.46412644555059657,-0.001630311514056544,0.43415052548020155,-0.24710173959015483,-0.31030102446528135,0.587740014802529,-0.6516935040540487,0.6742722629645608,-0.050264167716036846,-0.11386143843947419
2200,9900,1.5084580462212422,-0.010725826410155525,0.270699963296523,0.9145133674720577,0.43082521199045476,0.32910245655218817,1.00056736963098,-0.27213371129591846,-0.1728198469061019,-1.6676978316093858,1.3593972952585514,0.1432708099337591,0.90687298509668
2300,0,-1.8488422315663595,-0.9364299320112512,-1.1224124484555873,1.7076822937965133,-1.0978342432368702,0.5342581581309543,-1.5505386048582634,1.5367887234888338,-1.3016779942003178,-0.7504026323829724,-1.35350566971744,0.5951397757536924,-0.1840700427199424
2300,100,-1.8470976396646432,-1.39246064769691,-0.42549515868524185,0.9703264359690456,-1.2174035976202464,1.8667320212368232,-1.4499432763395843,1.1116703877709624,-1.415362132132977,-1.7185539946119903,-0.6430924540670507,1.0161718379215017,-0.8622478186752869
2300,200,-1.241494713974042,-0.9201206758006149,-1.5089282775022805,1.3979238671598175,-0.847678511072612,1.3837970012019765,-1.4934602874965337,1.5415225407856215,-1.5348172301068659,-1.1756232485800335,-1.4999398144822842,1.1860032426987743,-0.8690433579444732
2300,300,-1.4321156665547663,-1.1651619085524934,-1.5996978408581937,0.9960874666917368,-1.1062652680376444,1.0962064112253718,-1.784259247730542,1.1100933161563442,-1.690246037124688,-0.9532794630581446,-1.5430930377322873,1.0526565911923407,-1.0618416908161878
2300,400,-0.8496345973244428,-1.2042010274841761,-1.2643258062747162,0.1940898177955985,-1.1878095985924693,0.2021376103377697,-0.4476498896323563,0.3415042771427401,-1.3023385897053126,-0.772237878355057,-1.4488144566819128,0.3019331925593431,-0.09583263743139797
2300,500,-1.650303316318014,-1.4709841814732638,-1.191398787273654,0.7468439411924848,-1.2616519912365263,1.2052511227314553,-0.6351161263028816,0.046706665727228154,-0.9128164077891741,-0.48776429493738266,-0.5345847701458815,0.3583113218590049,0.760556264699368
2300,600,-0.6181407194175478,-0.24948727944640953,-0.8751062732985366,0.9630166126988053,-0.43202376557021777,0.7969353943991618,-0.7769408612626573,-0.024990967358859462,-1.3571341520380518,-1.523180294972227,-0.7585320990818487,1.1473662709125376,-0.279039900024709
2300,700,-0.9342386067067567,-0.26851507307460065,-0.5967831912504878,-0.5432799178748356,-1.0603561807961848,1.0186212200230758,-0.4759734739524033,0.8469648567597522,-1.1101085448895032,-0.7793648327153582,-0.9529755244081372,1.8782960794625332,0.01579790691145118
2300,800,-1.079462537281849,-0.5009245444594805,-0.7050263427677562,-0.05215111100930548,-0.29822276903766237,1.0338577592702234,-0.2057840751830303,0.032395446005250565,-1.215006422726168,-0.7730004437675428,-0.6209907776562812,0.2438233563011896,-0.15514065942910615
2300,900,-0.8569988420147439,-0.2078721709942026,-0.7065575634771911,-0.7748740559938504,-0.8684474126744984,1.4351791072020448,-0.6068927224062398,1.4939578937861204,-0.3813844097535794,-1.5627037743198597,-0.9562529762368991,-0.08269839705222608,-0.6399156251404041
2300,1000,-0.6763954130011808,0.23196082655715639,-0.23012728332353552,-0.5481852728939761,-1.7646327343922918,0.4331556312016887,-0.5886266526848181,1.50289026444704,-0.8699579597076562,-1.745651235439856,-1.025481623319846,0.7574928076900747,-0.6055792343133941
2300,1100,-0.5865834074151968,-0.8248677587463243,-0.2743892572673028,1.409077786112493,-1.0452662082222706,0.7093988009383374,-0.8223637020161736,0.7709860668791121,-0.3351486417985884,-1.7366036870282073,-0.9806546536507442,1.3749295473285543,-0.6860431120563057
2300,1200,-0.7331262550577936,-0.791202097300722,-1.1181708969774597,1.0212024313049703,-0.6843021563574325,0.976176440471721,-1.3927076367292939,0.5747066699782902,-0.45782465943240824,-1.4842637725805554,-0.5350135813821294,1.9757891709633664,-1.01498229847445
2300,1300,-0.6094029347590628,-0.8932142675552539,-0.28007058800316437,0.9764659483130727,-0.9278386032827949,0.8805439151745776,-0.40093279234225204,1.1359314919404009,-0.0030186924556922057,-1.1507538270960482,-0.0734551139731573,1.325774520952131,-0.6474379749889976
2300,1400,-0.9958250199177658,-0.3837833566982255,-0.599496237280623,-0.3174552252518626,-0.7820281996983479,1.8948235511518652,-0.8874151128038863,1.5530791898398075,-1.5985701809412294,-1.148708388645508,-0.5285604221469622,1.4365245551918897,-0.35045540985021334
2300,1500,-1.0062598692160016,-0.6053040063342713,-1.7310761139663984,1.2852963812192908,-0.8962666845361563,1.6530205688798834,-0.09403143102062432,2.008490991181436,-0.6796444061751331,-1.723243492748556,-0.9008613097104191,2.143376744681594,-1.160307621667793
2300,1600,-0.7629644687194387,-0.5378483186572296,-1.5928486052310085,0.5952663802889633,-1.665152990591306,1.7905648545416342,-0.9004859760060588,1.6437209832333677,-1.3463292668578086,-1.1040687748900957,-1.066138431431157,1.4116179673742104,-1.3182801808701585
2300,1700,-0.5182161121238611,-1.0250472857252069,-0.9465592354274424,0.6558030145748648,-1.0138299972181104,1.1946092624240074,-1.6029947570073115,0.6817499927154245,-0.4198827617122552,-0.9570757188582508,-0.9177478345535893,0.8119683840657961,-1.1086343086621944
2300,1800,-1.0716776566935928,-0.6819159391665393,-1.181504419620491,0.9537313924225851,-1.2037941782589014,1.1148465782052015,-1.4293286501491307,1.1196182131635626,-1.277046576949842,-1.5909980018269965,-0.8552690550206283,0.45386177394366856,-1.6039194571844397
2300,1900,-1.4484863173146285,-0.3284684694943888,-1.0492876471645245,1.5407588048374106,-0.803324658595387,1.7117147520324247,-0.7464329941690488,1.0366985839819662,-0.939697422476708,-0.9153026968317998,-0.6835866917624461,0.3381213286644664,-0.8375310324824939
2300,2000,-0.7811488213615462,-0.09675403973593281,-1.3266916516528136,1.484178581862255,-0.5590978493705764,1.1489628057730183,-0.7302865913882696,0.18336792249271505,-1.1182314074734874,-1.4978093506630816,-0.3801100001715637,0.7789788815918194,-0.41954264185137274
2300,2100,-0.22906915278745912,2.8712065664777922e-05,-0.5085301991699321,0.22903390063100504,0.13969112984804552,0.6360354849969484,-0.5749093587482151,-0.9031672954475055,-0.4227904323679206,-1.174883013201831,1.0951094891134396,0.2854284621025773,-0.9297769669978929
2300,2200,0.38820777923910094,0.27363674067272487,-0.5340945874689037,0.07347366578838715,0.486167042452678,0.7422860490118208,-0.061370193524313124,-0.4344156494137314,0.3410063384582319,-1.1724510422810202,0.021807077817291576,0.5770705699884051,-0.4234498533075354
2300,2300,-0.8758502955123486,0.30519433696051235,-0.7235706216861836,-0.14905580273114935,0.3705132656919871,0.488465610676955,-0.44577935827686227,-1.080628365108446,0.5676406853376822,-0.3684548649836412,-0.34254601112227323,1.4675875347464278,0.3021370313103837
2300,2400,-0.8294293334212325,0.3836210921136515,-0.5837215372700804,0.27081932643641093,0.5115092120015275,-0.793461984628945,-0.4413569624080971,-0.9302116181560589,1.0950571061796008,-0.27423945621745166,-0.43677288633850253,0.09548699053457319,0.38353444180626045
2300,2500,-0.5574508975166684,0.4810974892434647,-0.10100635743736582,-0.321641941227954,0.8281291865227504,-0.7417501547257545,-0.6431091150190175,0.28438165564596135,-0.15881796933298215,-0.8738891170200593,-0.6335961361661381,-0.31716784554494454,0.503047848539011
2300,2600,-1.169039569592769,-0.1512875563991146,-0.9887246107849929,-0.42244002977358136,-0.12204625883299679,-0.2379158482712835,-0.9711516780910432,0.131145344167311,0.21901772874293535,-0.6345081762658547,-1.260280709470643,-1.1213290348699259,0.6720276481737626
2300,2700,-0.9366617542546599,0.851280922417904,-0.19975591826274763,-0.38014270040498993,-0.0059550633857607576,-0.3188520939465127,-1.21801076397311,0.44194224971406393,-0.020906001725203932,-0.40270913567412847,-1.0239698522221186,-0.880345841054054,0.27556833585449914
2300,2800,0.3200087230172181,0.6045575417945528,0.11697289717932992,-1.3282547383807246,0.37923955560394884,-0.9545001735395882,-0.39121667101131213,0.12414306623143567,0.5098286204799253,-0.09856180204062731,0.045771370815390074,-1.631239962326269,0.31660179478528716
2300,2900,0.3602960017977942,0.486872111663572,-1.2557522686310392,-1.0177239605202584,0.003016620897613643,-0.7288768352359745,0.22609668084897852,-0.8209879709610225,-0.02156323839236075,0.7278531007468217,0.8882288300340156,-0.5239428698485519,0.6653386372573479
2300,3000,0.5171384797581978,0.8453798732716677,-0.3389829177562296,-0.3642091912431755,0.8711511260223491,-0.9811015661619029,0.7077638044011502,-1.035925694054588,0.24508305363430016,0.3897348017264669,0.3226543250097412,-0.9200375977122881,0.5445062215004245
2300,3100,1.3504559802996334,0.4766252101053718,0.27402805205058844,-1.0150347587254376,0.788059537054287,-0.40951693209281564,0.646646254340801,-1.0202622601627414,0.5960588543588834,1.0204038489432279,0.596351904697902,-1.228772321847282,0.7329496195208949
2300,3200,-0.5814425103206711,-0.14742214836728373,-0.804368139889278,-1.1096415583034474,-0.385775833129197,-0.6800227129387707,0.24040606799198655,-0.471100506005286,-0.43518125551315806,1.7479292370051458,-0.524025796372719,-1.3188595486880912,0.19627107137181635
2300,3300,-0.289857446820308,-0.5006745367949978,0.3910808422556144,-0.570920556400371,-0.6368137713095117,-1.1606622520946446,-0.4052869942505704,-0.5839246176149802,0.11577794489397393,1.4229358953934361,-0.29149379826492294,-1.6886778275770384,0.16451550128703388
2300,3400,-0.40322377894973577,-0.4702877087138043,-1.3608362613303582,-0.789529758822322,0.3959959606297898,-1.3027522982057644,-0.36330824183636246,-0.09961969674704853,0.6887958142806003,1.5983474583534125,-0.4030191670858255,-1.033751612148437,0.10694165176390533
2300,3500,-0.8393927635380882,-0.04748919658660548,0.15700094029580564,-0.7834235195181682,-0.018849811830527037,-0.5931128158240894,0.32387938063097915,0.8924290757593952,0.34912576307259363,1.1060052108091345,-0.0902480197066448,-1.6659847195908102,-0.33093631419890823
2300,3600,-0.07638185225214313,-0.41274388708070736,0.24038386377723941,-1.04678044594849,0.6609691103233933,-0.9666515151705324,1.2067425147310773,-0.7673296402321724,0.7316529792039603,1.0683901227123251,0.7828849952425949,-0.8935643914572889,0.25105202494108425
2300,3700,0.8135575059533674,0.4387263427314768,1.4106645578025694,-0.30417214609140064,0.07288987154521648,-0.9719548174799301,1.1321532562281076,-1.2370498268548957,0.6474798647311721,1.4411492580688667,0.7901893201206832,-1.1931119355195396,0.7944759120867966
2300,3800,0.7685096692784052,0.9031846418458203,1.9875452934239555,-0.931697271634871,0.33568067034193594,-0.6371554795918593,0.8325754126446185,-0.16754754715781683,1.2107141628871163,0.8543504131726197,1.234808842635625,-0.4626159088974315,-0.18482916494764937
2300,3900,0.48388988785529197,0.7747405200702306,2.100955685552842,-1.1791653877407866,0.5988533692339549,-0.6436841571646622,0.5786838451882964,-0.29377522793998717,1.278213293221493,1.117908692769449,0.8556250086480035,-0.06747040736587874,-0.6255494203715343
2300,4000,1.0473594936456068,-0.3901057301754922,1.6362514877394247,-1.0351189543294723,0.39429340565892645,-1.6602569246725611,1.043303903301727,-0.023101250840219904,1.5035672532835467,1.0786996854048208,0.6869282689333578,-0.7785026805680565,-0.6130563545269181
2300,4100,1.316992155335354,0.946271723043546,0.7721762872272045,-1.5363784051959428,1.0696823546942564,-0.9048228152809332,2.1235097462527475,-1.1913727957052105,1.2439355326481425,1.7253925967069532,1.9805608816335307,-1.2616983189462532,0.46763667913013834
2300,4200,1.4176144023041453,-0.16567317545721733,1.1707275582799668,-1.0583521537191203,1.8798959597268692,-1.340780704473438,1.4555187693626166,-0.8967608269409175,2.2523267117488754,1.1893557227219325,1.21133001032263,-0.8421770622733395,1.6869984389407808
2300,4300,1.5348313227931765,0.8396393829242714,1.5253953248316716,-1.29099696498762,1.631336089518342,-1.2411562228243367,1.5389322596830046,-0.9225504292550675,1.6995643917920495,1.708338127940453,1.4230412716576555,-1.6555880399592708,0.5327460183518136
2300,4400,1.8310408011102068,0.7264593393418904,1.3903982343439685,-0.9521512292020528,0.8821799233937496,-0.8996608504054825,2.070529401891389,-1.0439284559565216,1.5137326716828663,1.775766276260076,1.19546939552325,-0.07716281757137496,0.6010957322831425
2300,4500,1.1881237277501495,0.08143893832907437,0.24003098812382934,-1.842345341416111,1.2294331203272353,-1.1088196569575097,0.7773937302322266,-1.244698287587254,1.4745189797176839,1.547434703256361,0.6272352521526117,-1.1621217642069697,1.162980688103645
2300,4600,0.5621818443065824,0.7163489631156859,0.6038850721985032,-1.6114045604954,0.9577789722717931,-1.2874456804476282,0.23512545864551518,-1.3865969968193181,-0.2045531878665015,0.9802781704373832,0.787538851865109,-1.0318812361752094,0.06379261495135234
2300,4700,1.3407803446647952,0.8125560044016634,0.7875229885108584,-0.8309751655626828,0.5285513651904202,-1.0524961211408466,1.44335665504051,-1.7583585937150754,0.31852721816427143,1.9077814915561737,1.271630445032137,-0.31183063699846153,0.04800406457055435
2300,4800,1.4501018626924391,1.08913044006582,1.325624849788098,-0.6306182356067972,1.3613721430414742,-0.8642025629375475,0.6045436341902996,-1.427124934729814,1.0450819800204363,1.6424093932472068,1.9539255682753314,-0.31094325449802546,1.3700008254565348
2300,4900,0.6884779448152762,0.8759175252646859,1.0520304671583658,-0.7759984489211169,1.8535755651270016,-0.5115170292815466,1.5661372331092969,-0.8532078719441395,0.844500166135594,1.4617991599937785,1.2118334610206931,-0.10131684238414602,1.1969220287615958
2300,5000,1.3503749127081126,1.6262549027105013,0.3800278736468622,-0.16977094982178542,1.3986687665979585,-1.5176133499497244,1.5199405389041594,-1.4624941940365914,0.9242875816826626,2.0596992599071564,1.2186190937408174,-0.9834527753833955,0.7334999812441787
2300,5100,1.5661836904960054,1.2278443992430064,-0.37129650346065945,0.13297733399629078,0.9609452074742638,-1.151208865475694,1.2326799466714982,-0.8618006683649678,0.15535945370275756,1.4284805451759168,1.4543981176773053,-0.7603916342076482,0.07169156427286368
2300,5200,-0.22533112218199075,-0.3630686106647667,-0.4657126289457222,-0.10070996027721987,0.7321581084561124,-0.43608516956110327,-0.36981123968044605,0.2669051318501219,-0.26990458910476606,1.2938491938856898,0.576195452022741,-0.1083340217157663,0.2724413563288043
2300,5300,-0.8991364605083061,0.35014834748899065,0.1825305243384568,-0.16825334588897836,0.015921428056915855,-0.5366685873722382,-0.588553507936937,0.24660899206788817,-0.5176658563931792,0.5469788729458724,-0.3467748755888796,-0.3868973510761108,-0.18887384359207135
2300,5400,-0.865383245689526,-1.2291676214102565,-0.8596827290383171,-0.16764518385317306,-0.0992328604679459,-0.059969766061365615,-0.6286157420474744,-0.39626495233553316,0.1989287154763796,-0.7252369966818456,-0.5325216168851081,-1.142280987736923,-0.2602594091736455
2300,5500,-0.36185665392957056,-0.32498887975692436,-0.426588927240732,-0.5984070297997254,0.09995378343200538,0.0519203000074403,-0.5427726747320961,-0.4140314490754875,-0.8104519279809484,0.6938532366343061,-0.10064673223802685,-0.36397472290198984,-0.07394712988502981
2300,5600,-0.3774745236770957,-0.6969636286834842,-0.438700592887936,-0.9609189305697149,-0.5691785106562106,0.6011598922435052,-0.5520764595109863,-0.11528389969023108,-0.8466546712530106,1.0216530890848114,-0.739722603638914,-0.18849299224445776,-0.2717746312162219
2300,5700,-0.6687638874851278,-0.233948607122131,-0.056005719507147216,-0.6622710448022642,0.011613774787926471,0.6230211208345093,-0.5355788748889064,-0.8311546280168893,-0.5167404823030715,-0.5162903743307191,-0.44771272857651156,1.4684277518717346,-1.042984899444068
2300,5800,-0.3094610733860533,-0.4218469440749838,-0.8105443339772764,-1.7491802521578639,0.14544309928469737,0.3454210301513863,0.25192661085347445,-0.2354423022914074,-0.7856756457213546,0.07353370508472967,-0.982746550972282,0.5618885168383242,-0.8547786365522934
2300,5900,0.9379164655958933,0.6639353008861786,-0.010756395382657824,-1.6924110978792393,0.26129889754351726,-0.012952742244900431,1.0703055341093939,-0.9849481688244354,-0.5822027676665348,-0.6171099917972417,0.21351529033692246,0.63120617384967,-0.03994326506232537
2300,6000,-0.06800178174891248,0.03994976059875744,-0.2952356849496078,-0.33074749707342993,0.8390611612892759,1.1446649922197873,0.5146454519934718,-0.7382103851613415,0.13615475780406888,-0.3793955412426679,-0.3681668491436832,0.24569344017371028,0.3938356211368342
2300,6100,0.9998699704695881,0.7799311023167304,-0.3641945744573122,-0.7695788206003301,-0.30053101902371504,0.44182943036875805,0.9196369674420796,-0.8054944630822555,0.10246186452417086,0.257719131577584,0.23303639951070457,-0.6967820269106714,-0.9798460080712862
2300,6200,1.0583503961650573,0.7101512207368248,-0.6286506743532918,-0.546164886029984,0.1621291413727388,0.37506547078687447,0.7141069871692403,-1.2682430950159143,-0.03426569787959042,0.4209773392993553,1.1943869323782275,-0.1573783319133004,0.1891478578366822
2300,6300,1.3485427925045528,0.7137215399917004,-0.4573731195924194,-0.5083619235766565,0.43911602006304273,0.0015443797010386117,0.4681823248086986,-1.1306197653108732,-0.9587747122988238,0.7046606931126428,0.5826533154792507,0.7329993102302584,-0.5772619197447355
2300,6400,-0.2525817322132183,-0.23904993021066734,-1.5536916557637892,-0.8972013301575834,0.13672960004500762,0.37125302952279654,0.00615308618373292,0.26598867523746444,-1.029713282742704,-0.5724146896014339,-0.721340593348737,-0.5907170738321557,-0.3558779402455998
2300,6500,-0.4979104147019679,-0.4478590271945281,-1.1878012978150145,-0.463346172704567,-0.5830822547795393,1.539965287886285,-0.4663720037958338,-0.08073080315457162,-1.2454851552398634,1.1886155403108591,-0.03931887767484383,1.1158547162362624,-0.4561978514767377
2300,6600,0.02218808511399883,-0.12071021900224145,-1.5245413356986923,-0.7963714979903658,-1.8016954503508715,0.9799285709012372,0.2380023444926388,0.9980284799702036,0.7092081113974374,0.43111714107114507,-0.3346492403806039,0.7949405123618019,0.07389207630409421
2300,6700,0.7600490621020513,-0.04861346302259736,-0.5637477160622056,0.2163125257657421,-1.1819785694433524,0.37037171549496195,0.3117292942494793,-0.37829850826298883,0.09484375793541025,1.1804116472281971,-0.2554105532641001,0.15442218704021055,-0.34791883438968735
2300,6800,-0.28107704200610695,0.4323498314790915,-0.40665789043200146,1.0146389581450135,-0.8718331334818077,0.43562995492588763,0.09917966786271727,-0.810400673844252,0.900147439041076,0.45260998290166743,-0.08966165894163418,0.9776781928422112,0.4541166564191921
2300,6900,-0.7302773783612861,0.03545773878041289,-0.2393929406029392,0.72291993614075,-1.1357671665826141,0.8003291520975995,-0.8937717481657336,-0.16565446670632167,0.17131243697988552,0.2046894042581324,-0.47785722734842945,0.14544663712827402,-0.5353058601112513
2300,7000,-0.3108288776070277,-0.14263685185285027,0.05229171079332544,0.7742055610684302,-1.2203862872860185,0.8460777735709861,-0.6036746353999547,-0.3219529511898219,0.4073189193952758,0.42351789927702405,-0.9653809975547349,0.3128625471430806,-0.15716275605108895
2300,7100,-0.4307593403189679,-0.35375615574934216,-0.22076960880076543,-0.675009695037133,-1.3373677504574142,0.2167666495855971,-0.3598888940274497,0.15350390209977754,0.19081252474428134,1.2068870608986233,-0.41081220662376233,-0.36294926661534227,-0.0795304635672584
2300,7200,-0.9017584396281193,1.1297749549418363,-0.0754989399158846,0.13118008248938437,-1.1951248491866575,0.3594199716544503,-0.390274346552671,-0.3462684115933701,0.09020926992916428,1.0361614262983134,-0.29793085720948986,-1.0966215167480753,0.19099767570007845
2300,7300,-0.34219600430342,-0.007872912552118147,0.36686952905069387,0.08334700530706435,-0.7558438189898176,1.0231558635408926,-0.10879688050580757,0.767298574625209,-0.28793609195565945,0.7487855113310135,0.22471134872011833,-0.5674077350977913,0.2405989413398356
2300,7400,0.45473571366978427,-0.4917122155344126,-0.13993212214344697,1.2329085009876928,-0.9895310575959549,-0.2536580701515354,-0.35527878013267117,0.3022853100452101,0.2151033354071325,-0.32332265323804193,0.25965718791796394,-0.29802583139156835,0.3112613033431478
2300,7500,-0.45324387974235264,-1.0125459539781265,-0.3202630600062587,1.4381344936731064,-0.2716057458010497,-0.42162648595097885,-0.05460972294359573,0.19684050510462262,-0.4342773098981079,0.4916149423054407,-0.514750997245935,-0.33602814479422705,-0.1740192830965653
2300,7600,0.199569980787926,0.1914325874247946,0.43555322890412757,0.8705780275081128,1.5005921979864902,0.9674572702340308,0.8379478098947478,-0.5124877591790308,0.7478448179144153,0.45679840478002276,0.1658904105882419,-1.3908940751998529,-0.11949708299367208
2300,7700,0.2376022461508304,0.9293858169769069,-0.6532996395256615,0.5954616388304304,0.6983680625965382,0.48460171983696937,0.366415316987764,-0.1476597956444243,-0.41726626762658897,-0.6161172596945923,-0.7195718999458849,-0.40282363039460584,-0.6343028651422027
2300,7800,-0.10167200590946167,-0.7244810496633872,-0.5085495235539462,1.9310496980855525,-0.07701974610292935,0.6186421984792594,-0.3848673348339497,0.3263471221265009,0.4326488055768818,0.21503654139492553,0.0789767314273534,-0.7785179925679198,-0.7703596176085254
2300,7900,-0.7466089862444322,0.2813553233207735,-0.43030801968384225,0.010723740253588255,0.31643151120089613,0.6310969247791348,0.14983112730163956,0.4752255173714256,0.547162371599919,-0.7359467825701385,-0.6261655197481483,-1.2406204255647175,-0.7094197706360063
2300,8000,0.29213857014901395,0.7308386795838497,0.41257406436236943,0.38603991001017124,0.30143133758729435,0.30495891303090106,-0.017781981947820748,0.17899287998301477,-0.10693551652753029,-0.6100156239949802,-0.0412536951258107,-0.6834606151562124,-0.7733743613960061
2300,8100,0.6829792014883637,0.5475720193187037,1.2191455451443243,-1.0967813448056398,0.6823523575583548,-0.47841457729487896,0.9030684370259622,-0.9866220065738097,0.6905115127996911,0.8567640033873551,1.1357025373981042,-0.6586947192606876,0.21680827908579714
2300,8200,0.8783442180025752,1.0850501566210746,1.6649926562846773,-1.5507819418293254,1.1239511746720412,-1.2257137042110784,1.450203399494264,-0.9940864533256296,0.6049062319030004,0.3833518140308095,1.4503028410039083,-1.143940943132805,0.9105539041487462
2300,8300,1.6557187117823575,1.5211121372670344,1.854397792624505,-1.6752198421591684,1.1998714712873846,-0.8823728327394605,1.5636506385244302,-1.6440877233977191,1.5905672568982125,1.288721240456126,1.3132589443766878,-1.2072511151978373,2.14984491658704
2300,8400,1.9613846877784271,1.8333718233232,1.5611359288006748,-1.3464554392531933,1.1512425131374913,-1.4031238686045093,1.663736878617132,-2.43375240142227,0.634119976073647,0.8300162429238018,1.3032291493803454,-0.6992564570163294,1.4531739674578394
2300,8500,2.24789276326243,2.457357180019798,2.0446280494038533,-1.7585095807616997,1.869587562734943,-1.8115266531622856,2.137041159948577,-1.7247150163869465,0.7460879764493318,1.4660887988527787,2.7717882961514237,-1.9364541086649885,1.7336841636232903
2300,8600,1.7180944688478657,1.8156103730292557,2.073841324052526,-1.3624096573022708,1.6557955516261873,-1.8167069893436676,1.502223387235178,-1.152551994310958,1.6519528575079576,1.4470694446100127,1.139269689683598,-1.4373299325154696,2.1604622529800532
2300,8700,1.4965852163447353,1.2597459614703783,1.640180684056922,-1.402622502182054,2.5567592724739083,-1.7356181773566925,1.475833460241854,-1.6868644755404534,1.6572613596010175,1.8836578025981603,0.9866481075847278,-1.287506863467976,2.038735917275664
2300,8800,2.1064750258119775,1.575508860177623,1.4300412451354905,-1.635401166329064,2.60289718347431,-1.4485412101179649,1.8249145043550299,-1.21210842831644,0.8863095760541805,1.707955656921373,1.3513339752623488,-1.4693613560589103,1.3807017997779294
2300,8900,1.6354396266100413,1.775349626535972,1.7506852763653586,-1.4974548178500078,1.7744683791008087,-1.1781693444965657,2.2143061190290467,-1.2302970380614984,1.1299175176170273,1.559458955781658,1.7702711118673164,-1.4570492175040068,2.003167801452777
2300,9000,1.5258064480293163,1.8279767906790048,1.6987988870429465,-1.2769458689125224,2.0366505176588023,-2.018447163508568,1.942549848021032,-1.7247628920740692,1.7964744961985664,1.291851535299014,1.3933834814180197,-1.0417554547995083,1.851469856214551
2300,9100,1.3868889229007666,2.0624953092350697,2.0252414570070876,-1.6365415804570396,1.7429147378113452,-1.252120754052101,2.596644089529759,-1.1502272190353457,1.5756144285998337,1.652893784389565,2.107744343145742,-1.6146001743921605,1.8891890951932455
2300,9200,1.5028179246977476,1.6608116495793426,1.5924380246984482,-1.6865821820756535,1.998073407780298,-1.4283796377117959,1.4864315589286965,-1.5180300812418777,0.5294682430511425,1.4921027925790067,1.9307717283327934,-1.5474482959484905,1.2424207757309549
2300,9300,1.6818279060296686,0.8942756582073601,2.1659030996820623,-1.5500001833047947,1.5992618701959338,-1.4227800212999937,1.976504540636097,-1.4276828875970071,1.1304903729014935,1.2506139310615314,1.9445749402569625,-1.620310781188044,1.7738354686553572
2300,9400,1.417232739148926,1.2764610424389473,1.633908188265881,-1.289248345637474,1.3919010593051222,-1.6473090960229815,2.179184230450453,-1.0673938143677717,1.8286365564353282,0.5370943246793876,1.7136236403335756,-1.1111384231694408,1.0871588014817923
2300,9500,1.4309423471006761,1.323013157438197,0.9265921852103952,-0.7052216722098104,1.0355538934749877,-1.0186357066952356,1.4355871946296295,-0.08692630529265173,1.69819950022955,0.9741087343716536,0.7132366136533103,-0.8330217787701182,0.9863108977644549
2300,9600,1.055012374377154,1.7053233765803917,-0.2543613980298676,-0.5697243694292509,0.947787056442436,-1.056069823233005,0.9596208178373214,0.4147368859237887,1.2989286403786677,0.49634768965166326,0.6123036558460953,-0.5290691487335892,0.2781908542486605
2300,9700,0.7819717259093419,0.9961232383225604,1.1854326181272743,-0.4625343889959619,1.5343798538027922,-0.7383125535392802,0.5343265041146106,0.14467169091625706,1.0266064484733812,-0.22336452629903045,0.7282878894038005,-0.9631446354342773,0.12208788793321455
2300,9800,1.0124847518049842,-0.4554884715334015,0.18005224625109742,-0.18090856133313235,0.2609602318534594,-0.039691041388684234,0.29622690192846557,1.0487937238675438,0.9818231419133842,-0.5080815145271079,0.10576864712604157,-0.821718299249889,-0.2757446873641333
2300,9900,0.26819099823047593,-0.20244671529348485,0.6895918039294558,-0.17084495538075128,0.1051712620620667,0.43905398011217983,0.5576291461055123,0.9967187486174353,0.2661059040907245,-0.3293553428760116,0.5702597274288904,-0.4571416374063201,0.26717150121614264
2400,0,-1.7364526489770438,-1.609158624815533,-1.2837362593534576,1.102258801085628,-1.1800635784937532,0.9767634682081363,-0.5463325962525105,1.71290862147086,-0.8472430532320643,-1.644508792287815,-1.108972889323339,0.8429767774166966,-0.729386671275385
2400,100,-1.417042540907646,-1.7956602029879771,-0.36264990769373984,1.6829171840318293,-1.6623951151549463,1.286881442326039,-1.0976195860077531,1.5372298831181639,-1.9519560562290335,-1.0418360170586936,-0.9340604981528736,1.3933847114918596,-0.8857298937751196
2400,200,-0.9893127362652793,-1.8591566412007559,-0.946453141382871,1.9028404635178189,-1.4718798931730428,1.715429453012404,-1.2143337466070796,1.596138825803522,-1.5943603856095383,-0.3003620915202558,-1.373864111022943,1.5268915135229553,-1.1027661319095132
2400,300,-1.9518439677665431,-1.694351929862183,-1.5211182109678343,1.4718100629690967,-1.8510305495136963,1.323980133533391,-1.0278594748574448,1.0306484656517512,-1.5791858680205924,-1.0602800532483665,-1.0465398653414284,1.107249450340251,-0.8224613701019727
2400,400,-1.1921553347821767,-0.5228422908031594,-0.9693831163216265,0.6524219182031636,-1.946077346052524,0.9066055302153833,-0.7181726743761861,-0.4350675621747095,-1.4353185840447236,-0.4978184857121913,-1.249892037391649,-0.015977918490596762,-0.3397559127727421
2400,500,-1.2436919671299131,-0.4486533814990636,-0.9187260109840841,0.08408276305628125,-0.6639000642573759,0.7069045543494396,-0.8773220851229697,-0.6982210507439524,-0.7353692189064276,-0.40723489196882173,-1.2516881873315533,0.6453370682231069,0.19480661007823172
2400,600,0.1136191414838521,-0.5684341978848082,-1.0835665797014313,-0.3265186380023706,-0.300052626345342,0.991329859549106,-0.6764033344715903,0.39437706309323967,-0.7332532844438042,-1.1879114808870301,-0.08372433496895411,0.5710494814562765,-0.2116528887219089
2400,700,-0.9838443607227249,-0.9647318319544155,-0.9648099449490954,-0.523802190691436,-1.3939987092996242,0.5241740192587298,-0.8404899639742475,1.269384884995947,-0.9724025153327843,-1.2826308144226106,-0.6870075554032571,1.0373643398360608,-0.15077786067394125
2400,800,-1.4130896225917269,-0.2201133362829452,-0.521127128513962,-1.152811320526402,-0.5553802804340754,0.9999912098741743,-0.3692395049603556,0.8136130037841555,-0.3356342012313245,-0.48250353680940783,-0.688814563212185,0.8417372216515896,-0.8378165364935869
2400,900,-1.0997359507469862,-0.6574346142249848,-0.5486958957091578,-0.05554565480002634,-0.562159642605569,1.3805476500734217,-1.1046250418670753,1.2677843805881595,-0.8168027992584346,-1.2003485425236573,-0.37974502715267416,0.08613802964352338,-0.4813932768650312
2400,1000,-0.7089617276253729,-0.08834537226340104,-0.8106738560823871,-0.212174265541098,-1.5553058595378015,1.4295939243768594,-1.3144427148086293,1.1806839910662839,-0.016970197637764597,-1.3324071664891632,-0.9988464268584487,0.7084542817170479,-0.9213897318395572
2400,1100,-0.7368510967078861,-1.0423288598033467,0.18974949892655638,1.1507266320891665,-0.8077008041413769,0.7549053391680808,-1.1041378886425648,1.040703919054719,-1.2464232202106535,-1.7754275754817292,-1.3451148847388128,1.601921517967961,-0.9189177286758916
2400,1200,-0.7504300296057023,-0.024495946894530888,-0.17612764731897787,0.9950426974158262,-0.5700291807091942,2.0443837289320936,-1.2049934819014263,0.5028183266801551,0.3758194678446891,-1.0604964671282273,-1.0524463714788745,1.5161764973683918,-0.6485447728654552
2400,1300,-1.1275690044965165,-1.7991866207565759,-1.7628593544992457,0.6659060067114678,-0.3967901790326338,1.5819397108931266,-0.8688799051542899,0.6603625147924211,-0.6755997859784825,-0.9950914110046252,-0.5620132100276218,1.2885310911934045,-1.1861957440455824
2400,1400,-1.0795650136143,-1.1109769241526521,-1.168501774071156,0.17821269857548502,-0.9475012204852415,1.2855303339057227,-1.0339558420438915,1.1210903260833132,-0.2775444713581762,-0.9922589901869462,-1.3083933114737611,1.1383131401032378,-1.3567198276244445
2400,1500,-1.0310668497541653,-0.9478986004191882,-1.110601863296408,0.7766827029189972,-1.1248759773029504,1.477784957804831,-1.5940706226235957,1.6549729573161966,0.028290059934410652,-1.1601086577595936,-1.5363206096780073,1.9176144849323111,-1.359297921041256
2400,1600,-0.6397525161980129,-0.19164229027696453,-1.2024559075280417,0.48806648976856815,-0.9908095469365946,1.1693210109573675,-1.1888435859873243,1.5681745750544318,-0.716164452159743,-1.5958313582236356,-0.3449535174027678,1.5250775622532753,-1.327721227830076
2400,1700,-1.0448997091145449,-1.3572239681156273,-1.720077954466167,1.128799890331129,-1.6441931683225208,1.9013074282259121,-0.8133427582846245,0.7121438511406696,-1.462674193425493,-0.7485724284782708,-0.9604450477448334,1.2776943943678682,-0.6913688325522431
2400,1800,-1.4906418738720453,-1.504212112085452,-1.505336407488868,1.3403466239429254,-1.2654018696054221,2.1765016163664885,-1.2297418175094683,0.9895794967544432,-1.6547395166528576,-0.9031640936317363,-1.1835352039454692,1.2109299292711047,-1.6113827059470462
2400,1900,-0.5765481276830252,-0.7298522671665558,-0.8177259621147952,1.2366077584313002,-1.492141435758877,1.9319376741707734,-0.3915316474214027,1.4264964384583596,-1.1100564313507364,-1.4535424032030648,-0.7925716294790224,0.3608882976641052,-1.0612040157027727
2400,2000,-0.4702573627014454,0.6019009826390307,-1.4016288073556329,1.125534584423655,-1.463443544333253,1.2234568328468012,-0.3942939312255028,-0.20963988199384834,-0.61924298738679,-0.7763891090609119,-0.5485101187605189,0.47046540091855527,-1.2670012881936974
2400,2100,0.5341544227906043,-0.26491272906893715,-0.28944551036549615,0.6208914237316459,-0.3229116675812531,1.1392769636377886,0.47519504323640516,-0.1276702753057793,-0.6458239209875006,-1.4220443608469469,0.9937274073154734,0.579991112766364,-0.7462266200316718
2400,2200,0.19782137411227083,0.4047653693227256,-0.25415307294626116,-0.9166991727812352,0.1694133532348601,0.6037259456208529,-0.46488529247272453,-1.0009534296356501,-0.7921776662532264,-0.7483150069564597,0.22544437187620497,0.8824914237793999,-0.5961360578098737
2400,2300,-0.8551464797272135,-0.12004693428247679,-1.0450983470326558,-0.29163890902756756,-0.5028044425621045,0.03148862871925144,0.5422295254524141,-0.9657627302093725,0.1462058000036811,-1.0336672752358018,-0.37897582588189543,0.47090572012134857,0.6985867627290073
2400,2400,-0.37125858175184595,0.6572414225408628,-1.1039142441762972,0.16897294162602636,0.18054590192563477,-0.5497715899917789,0.5374769584848892,-0.6702562286800616,0.9471780601179008,-0.20443040658835812,-1.0322679423666639,-0.0693174763279382,0.883962235065202
2400,2500,-1.115690793018446,0.5386413146086633,-0.16251490071684802,-0.1809910560770131,-0.51072426469394,-0.7054597888890121,-0.8119346676882581,0.2905016809880839,-0.27506979489873135,-0.9691594721097764,-0.6954606472883602,-0.5994410296414779,-0.2343827202504212
2400,2600,-0.6856147389678302,0.9972162231665458,-0.747022378589886,-0.1861209539818704,-0.4784751779081087,-0.532848754667578,-1.1329596871866767,-0.11255784420621133,-0.368601842346434,-0.24626475940853343,-0.9265226863204065,-1.5234574596370698,0.10078001999759306
2400,2700,-0.6001125980457652,0.18655186363198512,-0.4916698060111585,0.11630579638734045,-0.1701185837467177,-1.081964221804223,-0.775671924955129,-0.5402143167378824,0.16952054817815024,-0.6258323305426589,-1.5313902643744453,-1.194524837961754,-0.5665761525620846
2400,2800,-0.8090614476712285,-0.2336609854081622,-0.6438563828125019,0.030401166644585455,0.08382645023462576,-1.5349287722291896,-0.8186836408264513,0.15770887354478447,0.5669368929222679,-0.3874398046684743,-0.6959570582687307,-0.528219466249307,-0.29967310540223985
2400,2900,0.6493345511333183,0.6263181870004998,-0.12856618463715264,-0.8399345054565985,0.952648525318525,-1.2020971732372905,0.5302992641037242,-0.27798177128678325,0.7378670458482498,0.18191954892625423,0.6357590041221743,-1.3164159937638498,0.23183796487418648
2400,3000,0.37469194973033226,1.1753744697674808,-0.5689546209404169,-1.007899411592104,1.2034780072018874,-0.5932082272251449,1.253908441252788,-0.3652729099258115,0.22140498610029735,1.0448066592639214,1.239125395573634,-0.9908612424209395,0.1330187883919764
2400,3100,1.3391459849554843,-0.053529761659353206,-0.012442018964846426,-0.8139701545923297,0.30366781932959186,0.09623726948553492,-0.2835091424159335,-0.6197695864008921,1.1004868078119094,0.742740188205777,0.18558226009714082,-1.970042177529788,0.826753899462864
2400,3200,-1.2097596923014347,-0.29004455929741674,-0.3983383229166552,-1.0950184788134931,-0.6300391319255164,-0.30389648319437773,-0.04520341341345604,-0.6184667812936676,0.23125157046933548,1.6081233345849257,-0.43657535817101456,-1.5407486017815384,0.472394811436165
2400,3300,-0.22702202253712875,0.9257174749857189,-0.028930863474125018,-0.2778697617663656,-0.2977736569317314,-0.4404250831941038,-0.5307326514815294,0.2199539034404938,1.4858948656138407,1.2355802969098462,-0.6967550967101802,-1.7147751320039173,0.8206740324795795
2400,3400,0.6093086149884933,-0.2868692866331383,-0.06391123350849441,-1.0541147386380672,0.44869392414283676,-0.024520862258265077,-1.1879693210333968,-0.5119004802782642,0.9055199033247254,1.232549345719311,0.2074397972972003,-1.598779150031164,-0.08084525334507753
2400,3500,0.05411979949425155,-0.9002138767519272,0.7154923436623426,-0.8442489955146111,-0.06147515986742136,-1.0401968926446432,-0.5243187129630583,0.9561936257341013,0.6104252084053453,1.526682031468121,0.1184823819669165,-1.4743150032949397,-0.3214766325794649
2400,3600,1.2219975098270077,0.259019574818462,0.5079640454266006,-0.9333325864367926,0.3092214621924693,-0.21216788423357014,1.3671996561935909,0.19120891142783747,0.07025079928349524,1.2467037517274082,1.5153482268826,-1.3014015191483321,-0.42796662595087814
2400,3700,0.718900367303837,0.35682752154050007,1.2605722468109952,-0.8743054775264966,-0.4241501717632609,-0.776184293018697,0.37118475381667065,-1.0991746724714722,0.6935321085497134,0.9111349216393458,1.2188997016306296,-1.000428621685587,0.3330634916298126
2400,3800,1.2521271337638302,0.12723764438988255,1.7230007447478157,-0.10182892453534569,-0.45108511215254476,-0.6928276723289312,1.702598927698174,0.24929234839008438,1.292980169910855,1.2780960890470365,1.1471231562757114,-0.42139381488401056,-0.41875783313764814
2400,3900,0.9025676669178284,0.18752017297016188,1.3875886147772516,-0.7251675593837007,0.8227547257834168,-0.5970534250199894,0.5337091807931962,-0.628099300738866,0.9659163184805072,1.033939037382126,1.8037882353689028,-0.4270046298318226,0.4077268134160865
2400,4000,1.3761914261262171,0.127299750720267,1.5512462485812404,-1.0404492878699625,0.13729177576638468,-1.4098085821952495,0.9643877860400122,-0.960805473425401,0.7313914753655743,1.5177403527719504,0.7007518771122885,-0.5063619292225578,-0.36078445201563364
2400,4100,1.6113631959441905,1.1223290244743749,1.1373576363086952,-1.0136493179689026,1.1726108669804118,-1.3322292282127706,0.864425902355283,-0.45493529879421984,1.6563895690668449,0.9037063209025272,1.0170473612329154,-1.2173187741242406,0.5061195996901022
2400,4200,1.1525094360355568,1.2427774456446137,1.4815611781080826,-0.7558976990838002,1.531720771047748,-1.330805002993075,1.5792008354867972,-1.4472483478053424,1.6382996846512479,2.0855555949653635,1.9808980499901236,-0.953065790662483,0.3497433130567202
2400,4300,1.8329943720605337,0.4903011649795053,1.4468442406481503,-1.1396729998534134,1.0941619199409185,-1.5250063579013682,1.4143505003236105,-0.5348463152002668,1.9454896468062663,0.9120660848036183,1.1204221011272828,-0.4596464788685482,1.2738143752565956
2400,4400,0.9919706016489722,0.3454959340798447,1.1380154506392832,-1.1864712858189717,1.6523365553804128,-0.7657950781883094,0.8062263919183423,-0.1489069979458419,1.7560540338354533,1.201168434471597,1.7541521758530927,-1.22332489508364,1.0798539840706134
2400,4500,0.34379199982428854,1.1285905811503432,1.2316070806276769,-1.3785875809131476,1.1239206609999497,-1.359028166514349,0.9746951716573532,-1.4782901989769242,2.3071731713543615,1.389405091890237,1.1426618262375468,-1.5139505457166509,1.3154004388586151
2400,4600,1.3368931335658962,1.431862399602113,1.2147751157302953,-0.610252488644922,1.6673565947400584,-0.9278327592595801,0.6953216810446953,-1.9736791458172687,1.2759779611561135,0.9753065893315713,0.9675799149184212,-0.916779370489191,0.4445279529882706
2400,4700,1.3024020318691105,1.0061151840397342,0.8739035748474989,-1.1177318623013264,1.4120633192170686,-1.4978348284289829,1.61091882348121,-1.2146459383792994,1.4660068064958698,1.7243825278021487,1.8683384549739461,-0.5395776234155922,0.8178236084525542
2400,4800,1.0688731279883847,1.1394756461398348,1.4864008442061347,-0.5604134886732205,1.7620723091315533,-0.8221664935263567,1.0184308700454934,-0.7080077150783483,0.28798332347021927,1.73294005798953,1.7970236540828737,-0.7188138639816283,1.6614787446642
2400,4900,2.092809075448119,1.1875318007139435,0.8499805688101687,-0.009512575642694693,1.0051022192768266,-1.1188502495592398,1.3357607239147518,-1.375339800163652,0.9733059624106253,1.1987493773571833,1.1579852087597746,-0.8911145323490799,0.8667224111831987
2400,5000,1.711195925130179,1.5858503268393878,1.0504575945824974,0.11249987103793145,1.4317152787325946,-1.3421482845643504,0.5745087412201743,-1.0028309697312154,0.4795542488403577,1.4607904775486766,1.505605750596054,-0.8459336054356797,1.506329228598481
2400,5100,1.9098583833981457,0.8818288903039556,0.459448717649735,-0.646477727817075,0.9039874212003869,-0.6133079016910613,1.3182938892590434,-0.3698176452710293,-0.2895691707526203,1.8964516900861417,1.5294666801156012,-0.37149487914670987,0.233536873146149
2400,5200,-0.5921310091215911,0.04004088234901579,-0.3263896205923982,-0.847664221432761,1.608572488038741,-0.3790966527992143,0.09203893892460385,-0.43825646482403574,-0.7331956712802397,0.4322097543122955,-0.051299235618314495,0.06791797948066057,-0.5147158594205746
2400,5300,-0.0014340481390208069,-0.41755086583235346,-0.11313479671454761,-0.20081842089204785,0.8234038742144514,-0.4325268934247372,-0.3769553849434932,0.21638351416108556,0.6059544113683041,0.6223868750253166,0.11221311312616308,-0.15891412977833239,0.2322136097308179
2400,5400,0.10231530667018081,-1.118985667458721,-0.6424578656761999,-0.9547532486465837,-0.2574097526005334,-0.7337962355180754,-0.63255763508293,-0.3500533104238824,1.0813232574306277,0.045945039672344166,-0.48018862832949744,-1.3425623892202292,-0.25531317679188914
2400,5500,0.3763900974474711,-0.7079380884617021,-0.4902748437108302,-0.7297630789966314,-0.6009628819546201,-0.21590548857322878,-0.10189891456097926,-0.13736258116887168,0.008394459620825712,1.3475413898612578,0.3143101699077698,-0.18792524537633531,-0.16835469703654513
2400,5600,-0.4785832096234596,-0.5879171507604875,0.27138986790727176,-0.42837815962916337,0.11161003550731127,0.5588347918093431,-0.9188679702044211,-0.8129960966164111,-0.5110049428320222,1.4071374744373657,-1.2592111304503197,-0.2827700963128558,0.11414423248795731
2400,5700,-0.10431911212771679,-0.204438544917356,0.22388089498699734,-0.42754992219403565,0.5677707443372298,0.17615072904036144,-0.45638008841186395,-0.0808255776249865,-0.3509889150574054,0.029380004575665593,-0.4302738933725293,0.5039415510390132,-1.2670978888000402
2400,5800,-0.758384106220114,-0.8072696967183391,-0.19642908423080163,-1.0870372927486338,-0.0596623638963509,0.23392565100694276,-0.2718042487563514,-0.4241872790665932,0.1638899579666626,-0.07986015228133168,-0.36829102111207984,1.4103849681606613,-1.1844195954596535
2400,5900,-0.714879305885323,-0.7229229724871385,-1.1834661575006653,-1.3963060801750307,-0.1944900626374068,0.9723761911376166,-0.11308349283986792,-1.8571291260404128,-0.33926428729619323,-0.11566964326125753,-0.031157307728265145,1.2344129714398133,-1.1613537400615317
2400,6000,0.08806568334527069,-0.06600267877858693,-0.044089890885096926,-0.8539642995652539,0.5516468724289019,1.3160781738493401,-0.006067348489567141,0.08601223689494762,-0.2300781407576364,-0.05599935401109051,0.0405421167376071,-0.44982644229801483,-0.3960062121396201
2400,6100,-0.12170506838523058,0.42650949379251524,-0.09418058739421221,-0.3960083411788498,-0.7071474746007729,0.6488644454834185,0.2869165252336949,-0.4922337286032365,0.9330779135018539,-0.5321149103309339,0.39525279828422116,-0.9009854521125462,-0.3528681720379974
2400,6200,1.1727815898380893,1.2432620681038793,-0.7828119009391858,-0.0482347220107874,-0.1421409318634523,0.03883135126009553,0.539863852857645,-0.6860412753429784,0.6546726968426773,0.0374156034598074,-0.1667050653146924,0.5856722883982552,-0.05753473528207659
2400,6300,0.5697272063766946,0.44052714064492,-0.5086952320666497,-0.35416313973162905,-0.07757287317572616,0.0801832628330623,0.45583189120263296,-0.7579700083707557,-0.36018665907967257,0.8805229242579226,0.6461176835673305,0.2875098582158978,0.0827891388871748
2400,6400,-1.155439959350426,-0.36956563158899775,-0.7854152019225056,-0.5953606382787728,-0.7770505938624822,0.9965532962615711,-0.5071745996547089,0.6779219202331555,-0.8638130653964968,0.4973660426498517,-0.31579711123752785,-0.8940918984965496,0.4352034026785746
2400,6500,-0.9790281170610071,-0.6507131869073972,-1.43981183735082,-0.07592350984511191,-0.7345936730819314,0.44614609620340806,-0.7534028137365597,-0.15445372317787234,-0.2668871256586689,0.4587670543209009,-0.5274083438912418,0.9259108008021169,-0.8748508650024581
2400,6600,0.22362505093360105,-0.2790275089884291,-1.194537831217684,-0.6042889251469648,-1.088681502033802,0.2269018690063097,-0.7254276083008496,-0.09618490302130318,-0.28046896329925036,1.2263642734085065,-0.6002498188800952,0.607963068696125,-0.737085356726745
2400,6700,0.8607868927277931,0.6490680824715112,-0.3083910877610194,-0.5408723611311953,-0.558237615757187,0.7653142671601417,-0.2061912285580904,0.25980315391330605,0.6306613920746889,0.7849207796300437,-0.3555759008101164,1.3296109376998697,-1.1288313471389724
2400,6800,0.3108293098852262,0.17072244161886102,-0.6443426512307616,1.0288412169356127,-1.6949028188775674,-0.03903106527064187,-0.5396911395873508,0.738041679175436,0.43096618290831573,1.213446871252487,-0.33495415487262276,0.4805535823705651,0.017477157890716865
2400,6900,-0.06791043643267466,-0.03051691702732596,-0.11044444872020116,0.5289717219815666,-1.2281606628685633,1.1998337633111829,-0.8771301603949268,-0.5599882562672104,0.7995579046426092,0.3620569991592844,-0.7588732768482181,0.4259022168039147,-0.03824385394085182
2400,7000,-1.2703255254574186,0.03491814347731268,-0.03727694415705619,0.9386060080953772,-1.0636992385344357,0.766586650815491,-1.1133178341882521,0.10071306347438046,0.777192395565392,0.8984658331006228,-0.052600866463567576,-0.6422790642856404,0.09528570306796728
2400,7100,-0.28516196032133584,0.22862720690752486,-0.12284084902519919,-0.6347945422534597,-0.835753625722349,-0.33479910153197084,-0.13315376688341599,-0.1377836133305807,0.6857296207450413,1.1340236187318784,-0.16775351961034948,-0.37511838437443906,0.006486946140080984
2400,7200,-0.19049135857582505,0.1489376238047161,-0.3073122689016233,-0.36372639981888455,-0.5610815860335662,-0.7769781748329774,-0.3014593903784358,-0.03240482783798775,0.046750180280413944,0.3625627226243132,-0.24970667324538964,-0.6585358297704986,-0.1933035771555743
2400,7300,-0.6775051691681707,-0.4066491010111532,-0.4967383811425389,0.26318817712188913,-0.8692305843696518,-0.16800938884639136,-0.3572396801265374,0.952575185357741,-0.6147345380229327,-0.08799082623408587,-0.2761991793627511,-0.9736629762801795,0.2696606026761058
2400,7400,-0.11767409215100248,-0.5792424793320544,0.11079291595251749,0.9702957715009982,-0.46479501635844717,0.48445905269918077,-0.36000994847142714,0.6772239667048073,-0.051816390389087835,0.3922509493301012,-0.22470379146851735,-0.9461082889378827,-1.0481342324882303
2400,7500,0.31787093917391,0.08037313787865785,0.3875412896449216,1.51249865560649,-0.5103870123791313,0.4833593825101079,-0.2792536062113539,0.19152352417111343,0.37445188846661576,-0.06989526687355269,-0.5784744972976933,-0.020942077260627055,0.4923822361028315
2400,7600,0.12465963832006678,0.3259590397043348,-1.2538438758149406,1.0146422939192974,0.8383207949872682,0.18779411973912613,0.8279697778292927,-0.524974219214129,0.5649960026709485,-0.359161420129992,0.4127134908248071,-0.740740740699004,-0.003735841915421216
2400,7700,0.778684261434627,0.2894016691625324,-0.5370426637241338,0.4201154293417471,0.6205018306200096,1.1027505832718942,0.25615201992572273,0.2472672453502554,0.45895957411821847,0.26527695805848966,-0.47824592730704807,-0.5184863107284617,-0.5478049206021799
2400,7800,0.13789170714780344,0.6149846785454655,-1.0843910156190095,0.9576515308969633,-0.23019346772606547,0.9172228599558456,-0.05350111625623287,0.4255268591548082,0.7214374893067262,0.2743490740597642,-0.4228181443575176,-0.1446754099661125,-1.5043013257711269
2400,7900,0.3146167398387238,0.5565452320280329,-0.7147779514407296,0.32477688946364863,-0.6201036826295316,-0.16250200605680326,-0.6662080868584094,0.13862464780160963,-0.198310350233128,-0.8924140970116156,-0.07117197401067596,-0.7442776636823435,-0.06495565661876651
2400,8000,0.3665165633960964,0.6210089585054285,0.9814752427854296,-0.9172352567278443,0.461505477345466,-0.5536617107735886,-0.5721993391882613,-0.5786124461075952,-0.03144446415736862,-0.82957189340186,-0.6809908030114578,-0.9229965243495487,-0.2098344338406266
2400,8100,0.11367057461069142,0.321755380228046,1.372646749707343,-1.0989388536900075,-0.02820849243062116,-1.096723807011825,0.9997088927383959,-0.6263131649789576,0.4808119419317687,0.5196207945382889,0.15032380019272937,-0.8096414692365822,-0.2781078178843219
2400,8200,0.804267277531523,1.1341085675979827,2.0524846829515475,-1.771684371616488,0.7810206210927122,-0.7229852730554427,1.3559626383894554,-0.5135182454007139,-0.4069652980418861,0.11373739465720804,1.547916719378576,-0.8758963267896397,1.1210163226296852
2400,8300,1.1727300712436843,1.4821463439384774,2.2080567707065444,-1.8972384807740217,1.8694493518757276,-1.1981893770355174,1.4064571738181995,-1.4449604844428814,0.4343197478252296,0.8211128921227697,1.4801134212542197,-1.3141185289941095,0.8429074371040703
2400,8400,1.4382795785034264,1.2986453503985362,1.537496210557774,-1.6424365885073937,1.9239568822982636,-1.0991431431960548,1.6515648995991976,-1.0635382329967418,1.4722411934583013,0.3474523084489098,1.204702094781016,-1.766073559169188,1.3910406374033886
2400,8500,1.7638843289057324,2.2143087313470207,2.4279979898106956,-1.438275482343686,1.6852145826829865,-0.8781322603717661,1.7324296112734516,-1.2295424476512908,1.9455831338491931,2.177800766633731,2.059646032287649,-1.6924418127243221,1.8030666293321589
2400,8600,1.9623334509883303,1.65412753277292,2.0133540266486594,-1.4983905688251877,2.1486024464620233,-1.5806889471146939,1.8566225199233082,-1.6021678498942609,1.4526721441361867,1.3237257231830488,2.218245221097614,-1.4935141587355036,1.401977615291389
2400,8700,1.858156389939015,2.548318458356415,2.0863537641946563,-1.3982957087686931,1.8746213726243879,-0.8456017501519605,1.8427351594210886,-1.1462800141360254,1.5142628209283566,1.357296551794654,1.5485046036227514,-1.7401263900792125,1.960870461906716
2400,8800,1.7719616096937447,1.7585057626185252,1.3229764061173837,-1.5977456352027493,1.3638521540617132,-1.7130892803155238,1.6589282480791852,-1.5275261085082672,1.0216448202358386,1.4891235385503119,1.7449315900641749,-1.4894499086552593,1.2736060541685252
2400,8900,1.510549493068932,2.2409058361306062,2.0011451902733337,-1.2847839065180686,1.7844622855040975,-1.5204244958329465,1.294274480453016,-0.8775537114475216,1.6351033704983589,1.9305683220052283,1.472046720707192,-1.6597507362914556,2.5983845797290384
2400,9000,1.1668158333085048,1.5314145034522282,1.6323041040139656,-1.3116662142481812,1.6687093458019577,-0.9787374214776376,1.1621719957577374,-1.3408828051991586,1.3746885626757148,1.8597290969290876,1.5797879157382388,-1.715245477654544,1.8178782890321807
2400,9100,2.144273601175419,1.3849944739123834,1.578982510680021,-1.412145184250145,2.07418753096959,-1.6799523522309978,1.6834162539627164,-1.4843546700997483,1.835856165094781,1.8364143905884678,2.206201361534582,-1.4684309363935426,2.1317259963048385
2400,9200,1.973009356102062,1.052645458251409,1.7478779789237167,-1.4088885273337042,1.8988807597611248,-1.692688893849422,2.187566524138404,-0.9966909917180877,1.3141674919478845,1.0418215343079693,1.94960129110401,-1.562339023911168,1.7829742973622784
2400,9300,1.4795708856597691,1.0095599238087911,2.013131985313769,-1.3182868022975063,1.9817024564311434,-1.556041874970051,1.9834147338950021,-1.4199400783221308,1.6693190149072226,0.8866178795633364,1.421766514065105,-1.4247032360128737,1.2878217021627938
2400,9400,1.8631028895708415,0.9745712073985904,1.3958771711477969,-1.079974381174318,1.9289867931314575,-0.8559868869546775,1.467811310895923,-1.4201934763396862,1.3014165386965624,0.9483705007175883,1.3920404653201637,-1.2775027782150814,1.3959476144722627
2400,9500,1.2107619837780403,1.3301390180530634,2.2029974636554672,-1.2041656618575458,1.0274055937705302,-1.4889805076404505,1.1552837669828804,-0.5579267387174469,1.8356688092220983,0.24537689049197653,0.5096552097509878,-1.4922108539505725,1.800611464063389
2400,9600,0.9387524772624984,0.8803890313443193,-0.001053482756398737,-1.0432751648827379,1.3172238335117925,-0.8783239352778783,1.5686800589602168,0.32537465476453564,0.9954620947691685,0.45826356744101804,0.4966342924510681,-0.5125344911356419,0.83910587446125
2400,9700,0.29996286198415295,0.8321299688711312,1.711577993975387,-1.1784566314808715,1.4019952288553221,-0.6092035719089175,0.45247148256819414,0.1465085841957058,1.7701786763256016,-0.29363503102078276,0.788237473488686,-0.3282103192674967,1.3976683369036667
2400,9800,1.6230885935153996,-0.676242363925243,1.178193083698105,0.06632642973309966,0.528456707440157,0.42979051978202315,0.7340230752244552,1.086732364973331,1.444431859738923,-0.9235480435825929,1.2695587901126202,0.4704060286888156,-0.07892453315845249
2400,9900,1.0282654734197774,0.0038861917327127774,0.8671527630178317,0.358743649066668,-0.4629711870024012,0.35075081070366115,1.2276191726960322,0.9807473430787683,0.7083347863527123,-0.7299243144123497,0.047660908604692784,-0.359395776279461,0.9800719670273105
2500,0,-1.7813780518878404,-1.8978089782765166,-0.9234756890429355,1.3809839154717143,-1.5215620386303237,1.0131484126595338,-1.5820403587339897,1.7770727707125706,-0.9067722294893534,-0.8655942753088435,-1.2821649215030677,0.6309617031447738,-0.4619560129674706
2500,100,-1.8706761606122886,-1.5036256708330056,-1.4948331519896896,2.253298024410562,-1.4554512902525323,1.4640660980086573,-1.1839753878694386,1.6508994897051015,-0.821638458068444,-1.4705397610106035,-1.0813169326118968,1.4084503072277776,-1.2758264208164658
2500,200,-1.8886838359339457,-1.2306476415476084,-0.7100215277599109,1.4883377286420612,-1.2526879632960521,1.3966030785629917,-0.8656340411606681,1.3386496322926753,-1.294453160232993,-0.34595291386163524,-1.227984281344,1.0830338005322506,-1.4068158649648288
2500,300,-0.8151782741725846,-1.5125939127225818,-1.184914364665075,1.4340491679066047,-1.3894599832955998,1.753992346655099,-1.5074149228859217,1.3182330529176745,-1.5119775086700606,-0.5007934280786868,-1.63002576363241,0.983808404016533,-0.823029760859265
2500,400,-1.1867983196124048,-1.8928237355097894,-1.3745772489541677,0.6365431618531802,-1.1947909546672655,0.7428228339801962,-1.5844826452230192,-0.07882648955891283,-1.1097500801812452,-0.388641722922048,-1.3874937330554928,0.049738544804247574,-0.16451670096405757
2500,500,-0.726531919573064,-1.17227084879938,-1.287200646858399,0.6066205428459127,-1.3078575292999577,0.5758134938578958,-0.9417092041781815,-0.15914926975843838,-0.7787412177391956,-0.6382503851300813,-0.7104595535842302,0.2366679253602638,-0.5640018646468481
2500,600,-0.45918721322443035,-0.48588750888487464,-1.0103389536824632,-0.11748332000721423,-1.094633864680396,1.40578393969026,-0.1262790828293291,0.23966708727570749,-0.9924889322325114,-0.04823757252002313,-0.34593577613184384,0.6666028450300572,-0.677424532064751
2500,700,-0.4011945023149919,-0.671885462652311,-1.468151310326332,-0.787282629142044,-0.6004861490935381,0.27163907772827267,-0.5805774242353468,0.6643656631129843,-0.9087573885517234,0.1418490881866172,-0.4893875283913228,0.9761341765444319,-0.8077999902583801
2500,800,-1.4292503313067142,-0.8435689261091488,-0.16202509999659728,-0.4020888498567342,-0.35685673146736724,1.6865463663369897,-0.673755140391727,0.4231485210218644,-0.7917624436003086,-0.6702822436895705,-0.9790653141530242,1.227410352290379,-0.47491967321324163
2500,900,-0.8176124806850206,-1.0720299716163084,-1.037758808347955,-0.09155365297253058,-0.9177195696922503,0.4961898316408379,-1.405899769526393,0.9051544618767414,-1.0062242972959379,-0.9456208887248203,-1.1546637801611241,0.6337345204056167,-0.36763205774745866
2500,1000,-0.6393403305262091,-0.5634413592926596,-0.6716278083569434,-0.27437743942022874,-0.6867857865224414,1.0679501510081901,-0.6622200585149915,0.8582172437399072,-0.8132543453931873,-1.5010499014418839,-1.4555063477548313,1.4141882355789186,-1.2414534797967551
2500,1100,-0.48571346250346453,-0.585205914526636,-0.42240356268466817,1.575935802908047,0.1813958509316849,0.6542842161402387,-0.6600366003455399,0.8802509230495156,-0.183124287799076,-1.4600642991277206,-0.9116456199055383,1.4910788722777173,-0.9942675165131047
2500,1200,-1.1129403382613126,0.26027065843327163,-0.2371424140496631,-0.002284599735024008,-1.4221301191381148,1.256411231550006,-0.7748437176974408,1.621316475033391,-0.4486868968409892,-1.1741112179067301,-0.8889672784642035,1.6159284456197378,-1.0514585220054533
2500,1300,-0.3324531290912983,-1.2869407851885877,-0.8737662285996635,-0.12091401695447601,-1.4482232521252618,1.5704086445874865,-0.4964589894558377,0.50317236077865,0.1299857467513619,-1.3520748606901094,-0.9966445992474255,0.7063342941314513,-0.6894641464442123
2500,1400,-1.590425295884692,-1.3543193905805644,-1.461854832453547,-0.27756349760476146,-0.15155348860913023,1.8187220203377419,-1.4511810895568273,0.9788951449206192,-0.1552712974154445,-1.000141663040503,-0.7354120263468321,0.9056814722722903,-1.6109041702369031
2500,1500,-1.286397062608511,-1.4922712371051214,-1.5239679772586507,1.3955911903220068,-0.5707594598265449,1.7765461309134614,-0.9975668811459009,0.9995675493241465,-1.018575393410703,-1.2162345424906815,-0.8855366419445968,1.0120140710073071,-1.2641528591581654
2500,1600,-0.9351105660109372,-1.3414873331495263,-1.218476085057948,1.4712003512307823,-1.261195924198913,1.51888438400995,-1.0459011463954198,1.1872257572361047,-1.4226036699690634,-1.05792358186074,-1.1220513134475338,0.792697461203338,-1.339624497956688
2500,1700,-1.2190974756698127,-0.42210430425460904,-1.466762603063876,1.333267087945534,-1.049160111211016,1.4831694701183014,-0.5151833958851586,1.30746519445053,-1.384368285523192,-1.3010374724246498,-1.5178686289706236,-0.09426652684717671,-1.2212564444087874
2500,1800,-2.1601529112103637,-0.9626207591911724,-1.205749817524622,1.4156084711755246,-1.2350983798235082,1.7796312099912728,-1.5455423065461942,1.2585537550479617,-1.7251955566093593,-0.7435570659975138,-1.1894412056231813,0.27787822332151446,-1.182284983735579
2500,1900,-0.5351967228019681,-0.7591651571247765,-0.926054438233024,1.5543586669437466,-1.9368727906651249,1.265226260744059,-0.7095755094730664,0.6932903463830916,-1.2381400434668068,-0.9288041262455072,-0.46682481405102255,0.26343216465460795,-0.8839570335815843
2500,2000,0.14039573347380352,0.10237919874266091,-0.7773364241462996,1.202515589588834,-0.6162203105680157,1.1599435884029459,0.15050983632063045,0.013679603349993083,-0.46234082269727933,-1.1257685791443344,0.21531083863297665,0.5752567421362952,-1.4672109588461275
2500,2100,1.128722970166381,-0.6704609881223541,-0.3402034492230067,-0.6631299359496121,-0.4175456018106657,1.7922029875968442,0.765353662453369,-0.1537224123608772,-1.0158750258279217,-0.9087467102835501,1.1867718765802748,0.5598314923318519,-1.1267421670957092
2500,2200,0.20191417775644283,-0.4861059137190063,0.49753728906479694,-1.2134411833969694,-0.12785564664923307,1.3601342306924815,0.13438505472184306,-1.0296914957867564,-0.49602212064917983,-1.009950088153483,1.0234111531919048,0.9383224539432911,-0.5574319231338614
2500,2300,0.10507538820201631,0.35930142168061624,-0.8579417115928648,-0.7679924211208901,0.34665629787289165,-0.5753704682196483,0.5995170058347712,-1.1195611303816408,-0.021378999918400678,-1.0675251984088074,0.285070491056718,0.3365162380859785,-0.25322344752561526
2500,2400,-0.4436567918626358,0.6497954500555465,0.22281544356808367,-0.43236998085408884,0.3567190007865988,-0.5759171776064843,0.7184048650286826,-1.2987421999205986,0.16260496813719372,0.4737636925348185,-0.49926113306480885,0.375460196967846,1.4931658691814484
2500,2500,-0.29370273813485837,0.999017202327748,-0.7256741997179437,0.4418023782029933,1.1283710044362358,-0.08041005587094978,0.1070733274589951,0.2536009638398044,-0.43772593759667744,-0.8653477586153328,-0.4095768238973629,-0.23883217589548705,1.038213406407404
2500,2600,-1.3302031517856994,0.3853387426695807,-0.99671989657493,0.6404807418043686,-0.6843388555915615,-0.022497935967393634,-1.1245344937369626,-1.1943064057188713,-0.16958241444665215,-0.05001840114366819,-0.6007033946205924,-0.7667528941561762,-0.07281621817489443
2500,2700,-0.7323890113127373,0.7399086239111244,-1.1387075177714496,-0.27505634053984623,0.06339734781706124,-0.2321029522713152,-0.2209784618626889,-0.41140703985405896,-0.5448127152693109,-0.9322873441401932,-0.6066211385470359,-1.0715363287206867,0.41201049490881897
2500,2800,-0.05306047551689236,0.024529207222062605,-0.9784575497576806,-0.429352211598027,0.14192599929086405,-0.8359148262783161,-0.6515772034172044,-0.6727028241056416,-0.1842205898122701,0.44858653483013017,-0.7945129164583165,-0.20343533179564988,-0.03525633838810532
2500,2900,0.5880338102496724,0.7425958757061923,-0.6543469305189827,-0.4637235730860773,0.41493264472541297,-1.712021805803155,-0.3789006115659175,-0.19753966811521104,1.0776162688100936,0.7316698149953905,0.4545822743104961,-1.132703910485554,0.4406436169889899
2500,3000,1.6088367801710377,0.4807710964537733,-0.08024763454512893,-1.5063934155263086,1.06196955957736,-1.153050406042855,1.7002725335843765,-0.5850020234292919,0.8412689997769079,0.8354949973402274,1.681779746401621,-1.2160122796453467,0.3041579244215722
2500,3100,0.8512928069838087,-0.2069597455476163,0.5157034088481403,-1.0104402786387885,-0.6014200174152026,-0.5356529087765761,0.09057048165370757,-0.9593002422519347,0.5428262531066615,1.3105200606834446,0.7333073381620752,-1.5054270218690617,0.9735956950620882
2500,3200,-0.3954584560501492,0.04197598163361071,0.022114976224057573,-0.9235791288495278,-0.3373415568313082,-1.3099026868560664,0.18716060008218224,-0.6391821228237973,-0.6681344227779038,1.7308267172113854,0.09291362812902057,-1.146997587598287,0.6424909700365217
2500,3300,-0.26200222385834887,-0.1019015659552196,-0.054225683756230034,0.14755867045525364,-0.2363555617727795,-0.9650896356682572,-0.5469351782378057,-0.3029676601484732,0.4572009640058698,1.7949042273020681,0.08578894378539369,-1.0161936192630256,0.2652638485155329
2500,3400,-0.032058465760983534,-0.09910292143528342,-0.3293089378916893,0.15038133869005002,0.2835070530841253,-0.3891078508241281,-0.3237307804452738,-0.2997493516576768,0.582585154929269,1.4700280271379864,-0.40277288770072356,-1.1366543599120487,-0.9358979325751211
2500,3500,0.8019828936598161,-0.6871355577326504,0.7761064103219327,-1.315971192068534,1.1803833933612573,-0.617512630352482,-0.2791626198537464,-0.1748939993319399,1.6948629298899058,1.5033474756212037,0.9767239450837267,-1.5599292888601328,-0.8614348799052735
2500,3600,1.2751432947389332,1.1502189267688456,1.3378521065838993,-0.6105441444434283,-0.4652107837326432,-0.4410928342758748,1.1959779861203488,-0.10768340816291391,0.7636047995868507,0.5358562598685513,0.9282647905481112,-1.0190389047874477,-0.8026586798973983
2500,3700,1.3170074085092582,-0.25826920885856,1.4757334124170047,0.021337278652917107,-0.7886059772326403,-0.4303013576068448,1.1379637307860684,-0.6236427978889821,1.0052025299286627,0.864936022387388,0.5477771484506913,0.26772142935848764,-0.6421296788051671
2500,3800,1.2620291116992954,0.3114214496341301,1.2962576377387263,-0.09759068001283015,-0.17638197957433152,-1.0476965799418791,1.6681261394929392,-1.2162262240336703,0.7805172683482209,1.1715869479458108,0.954236658440833,-1.3517265404685448,-0.49316997537907425
2500,3900,0.014382206720422638,0.2508504495245759,1.3587711157160154,-0.23497201059692638,0.28445052932622034,-0.5103354880494972,1.2298146648860357,-0.8892839957098566,1.2301121212959512,1.166361813944719,1.2002334728756463,-0.4391419360138416,0.5540325720238581
2500,4000,0.7280339064820985,0.6881070447530303,1.3354532880257008,-1.0790288846531464,0.8885578811676794,-0.8985451166701217,0.9516758769682248,-0.613060117765839,1.312104416192753,1.100967814247125,0.9830316529085684,-0.782156596898812,-0.25835047598859173
2500,4100,1.4768412309303613,1.310045701343661,1.3797899341616053,-0.9669215340755468,0.9535484089928234,-1.5058603106010975,0.7330300665954439,-1.8271719991432163,1.160675248660024,1.4665512607223388,1.3598990312505201,-1.3631840931058536,-0.0005261927996147944
2500,4200,1.5241993333993862,0.8416004189418436,2.079972201836207,-0.9318275000494517,1.2620902563750662,-1.3713332735683879,1.4001960705192222,-1.2904333522571934,1.248121404799386,1.7706482499340943,0.976968486681836,-1.026235783370287,1.14423279006689
2500,4300,1.3301307680580636,1.209879672944366,1.0509361332123064,-1.4233294583070375,1.593801588575918,-1.2407011352060415,1.8984237312175265,-0.9810011698985376,1.014502284844955,0.9968026349185838,1.1161508073831674,-1.3466884863930177,0.9858137707140507
2500,4400,1.1423394130229172,1.2921755294028845,0.9060443231151811,-1.6199500988143993,1.3921139971081473,-1.039830513417809,1.9366158543628271,0.0867874043075288,1.0956158971612793,1.5457401767692063,1.282091736477412,-1.1528458113625077,0.9576408282878631
2500,4500,0.959069272703745,1.5740307357948966,1.4291729446259778,-1.0822202612141079,1.4399757497191497,-1.6116508165887427,1.2365241634559578,-1.4007884285638281,2.311763019626098,1.187989228331429,1.1806962422845286,-1.3626603104497927,1.2777399954746629
2500,4600,1.4357482209676629,1.8503868746421963,1.4840727791701713,-0.9093842615969684,1.1123218473977172,-1.7120877704538777,0.3942715384725009,-1.5245012064963206,1.509395620947298,0.6146809479828724,1.0429106997979154,-1.4585330362973143,1.0599860427711143
2500,4700,0.6569198629855049,0.972309967612612,1.5427259424188644,-1.3579820510504794,1.491266623349439,-0.9344183241669257,1.0552167503683605,-1.6853911089236235,1.2813541814986276,1.095913960678872,0.9280643748041518,-0.5564620123677271,0.9940817634173069
2500,4800,1.6730458785713058,1.2572698606466084,1.376655451887593,-0.9820908281269848,0.7367704344325885,-1.253875588331403,0.7667041036493462,-1.7718821888782,0.6773239122493244,1.9390981587073253,1.654700615775483,-0.525764349933577,1.043775064664264
2500,4900,1.3242255512101744,1.6289490232321076,0.8585772770212328,-0.37075460101009533,1.1709990548373919,-1.4100293037042908,1.4069279732548545,-1.1763742119509686,0.9952207175245535,1.9694828430640643,2.3202546334085317,-1.0084451721571173,1.02110841661502
2500,5000,1.3650256056706624,1.24283252920387,0.6509347785453063,-0.7449983976502265,1.160589872478471,-1.4284166889778742,1.7476009231529848,-0.8957086736183657,0.7182073307316555,1.286872353135333,1.0511103065290262,-0.1621510831668257,1.2779436119021552
2500,5100,1.716551340686331,0.7203206156368067,0.4120798218375298,-0.8012548956738534,1.4911055767098467,-0.9753124426831087,1.0050893865715873,-1.4188349052333824,-0.5027874157773453,1.6103634691360367,1.0384325016735831,-0.7835829215084058,0.9764975975898108
2500,5200,0.043691694412401824,0.4314470583489734,-0.9990470676170518,-0.9045736728597785,0.27211379010245157,-0.5377991536729179,-0.581775324444534,-0.32182475207427336,-0.5079197099245167,1.0787861219088017,-0.18037748534405795,0.05556520134930116,-0.7064606284186951
2500,5300,0.14852721966028415,0.310187863116648,-0.37469873403666687,-0.2163931967524336,0.8274838323965233,-0.43305226131796226,-0.028268679386491188,-0.1633766751602793,0.35319463791430233,-0.03554463850699415,0.3934751516174661,-0.5588418425516232,-0.5607719672965049
2500,5400,-0.6144726286136071,-0.6559228191838734,-0.4666832197195339,0.024119615129623056,-0.017769939960552053,-0.25519348828754407,-0.48010693034813023,-0.5786326492390741,0.7962201683541243,0.4933523731829357,0.29850528545940425,-0.7604156721215414,-0.23621891420454835
2500,5500,-0.20791785206488148,-0.03607328452039724,-0.31129126988820555,-0.8375669702265056,-0.4298220003149231,0.15409838042080443,-0.1990737014028507,-0.6067755867036496,0.38063382013194613,0.7094441455694236,0.3544522274124179,-0.712310345674452,0.37674442555153065
2500,5600,-0.04204075926665652,-0.3688500663949751,-0.29116474959432975,-0.8358683715949989,-0.3863362014160198,0.44315030724914223,-0.08732705415362003,-0.2146820324858597,-0.33252536733505833,0.9503166862497218,-0.5100455067674634,-0.47477808978245756,0.5380600836023671
2500,5700,-0.31716025058463554,0.6537745832927344,0.8922645950781226,-0.6082025019104641,1.102524585388615,0.41982030062916703,-0.030230107042795936,-0.266137456390161,-0.7376589626357892,0.9336639550971823,-0.5215419477190144,0.6032413183435901,0.11115175673137744
2500,5800,-0.7930381301942347,-0.14977803869800804,0.3797660808290353,-1.4040890972869038,0.4656421214364499,1.7070023097520712,-0.5284602286728537,-0.2583583612737731,-0.5564982479182212,0.46784625743809394,0.4626339574545234,0.5178744486486176,-0.8193653973954379
2500,5900,-0.6620771633470417,-0.09503465845513179,0.01957239687912168,-1.4426377173287408,0.46310498525465116,0.8867117657295548,-0.2195373713582281,-0.3790044779311637,0.21588333314014652,-0.14132720593521939,-0.37868516497254223,0.9658918300238599,-1.244718581089012
2500,6000,-0.032309034075426145,0.20612465086433196,-0.529503565448895,-1.8833558084687596,-0.46593082250660117,0.765902920395444,0.045829581861271826,0.11279466226344842,-0.1417451842120029,-0.28488518726175033,-0.02275170506747493,-1.2364977625315603,-0.17929818750902557
2500,6100,0.4657185254610122,0.7013833151636865,0.7714557110236054,0.08825632157526285,0.8173466225882317,0.061258960885176274,0.4375779123753109,-0.745808516447142,0.4943600657393308,-0.23213394406304888,-0.08094972202519748,-0.138857427126636,-0.38029367931532265
2500,6200,-0.0386372185092552,0.46547047364374716,0.39255587204503584,-0.7714427973404554,-0.2623096993621611,0.5015421176618547,0.6281507596572604,-0.5917806909628857,0.4802899096156045,-0.3372020343736316,0.6123164123562613,0.5128440532290374,-0.7497784752180585
2500,6300,-0.3666281241245154,1.392196486774833,-0.5133976728601531,-0.15391855863659973,-0.8040487349831793,0.7326136317162563,-0.19806882146778446,-0.2742180087885288,-0.3871264384478357,0.4712892328456828,-0.09808530608489636,0.444879198310127,0.013402322330709825
2500,6400,-0.08347062697895759,-0.4464715906355164,-0.594013068449426,-0.2925689392654641,0.28381961873682704,0.8961445764634174,-0.9136595508516038,0.23049347007141058,0.07563089605448513,0.714981100775106,-1.0081271275434078,0.08441648843181529,-0.7349558818199525
2500,6500,-0.8158415865034924,-0.8318442933245593,-1.1106018178261223,0.08014785637325399,-1.4351443004279514,0.8743232583780732,-0.6750263927842227,0.5408310051456161,-0.6273069167430187,0.9482033164324933,-0.9602519686708205,0.31109342008123286,-0.8102498665279467
2500,6600,-0.7167824693694543,-0.4826949337894651,-1.5179766224732167,-0.9419557932474955,-0.970373922389337,0.9307367726645513,-0.025342024929260982,0.1938858167014616,0.784494230576186,0.45582332217605825,-0.83673580076987,0.6690734882279882,-1.2858946414249628
2500,6700,-0.44315901681455944,0.03345878252618641,-0.7971582546073074,0.3077489993419739,-1.0328279629126913,0.6629785413354131,-0.8414620495927222,0.19661045141684555,-0.414863708897985,0.550234289787021,-0.3528658435389114,0.9287138405941764,-1.189426954470911
2500,6800,-0.4920854193484282,-0.37757656049086413,-0.7913111735287509,0.8590899816753208,-1.5335556314864887,0.36547223574490595,-0.5344337903126634,-0.24437807284873214,-0.20798214001264775,0.920901917861717,-0.3420535859593286,-0.475833621768118,0.23843820254718448
2500,6900,-0.6504473539313805,-0.054171006046558126,-0.41904893457109016,1.1486029213248565,-1.3357939498589975,0.7571859985672507,-0.5130940341696535,-0.19535287846531296,1.3406961638415804,0.9181492250807044,-0.95945180036527,0.8930471417718594,0.38052845032069293
2500,7000,-1.3594144679334985,-0.9012520345790164,-0.5542342302171283,0.5721970490397827,-0.14805826103897896,-0.2458669621471867,-1.2707393664010185,0.08628722736183925,0.897259282830747,1.4887864378608329,-1.0237077090519897,0.06125169708732205,-0.7073380223274134
2500,7100,-0.3136002300138802,0.9762608405443923,-0.1552432035515664,0.33826225581856717,-0.9455441576361587,-0.103347879442223,-0.3309553457960397,-0.17381889144021628,0.46936689249291824,0.5168901858568884,-0.3972100715222946,-0.966203193517255,-0.017456221888822974
2500,7200,-0.39714358334654076,1.2165097463006345,0.231261213144299,0.17082355974471367,-0.5888415834215854,0.5956934936263968,-0.47370299498261714,-0.13498748123937404,0.9427292821204045,0.8534710008273053,0.12407187295694609,-0.8228345912822784,-0.7475817880696928
2500,7300,-0.8570789688266703,-0.0989069501342677,-0.5870671367514558,0.7559465325606203,-0.9738683984570099,1.2724275215359317,-0.6437658610654939,0.3127990229463098,-0.21983729019857556,-0.262566955296642,-0.3031927521410068,-1.3335373379657665,-0.05269452232986325
2500,7400,-0.1918268557445628,-0.8325040505055484,-0.48691474748072217,1.9888901120522902,-0.07397537262164966,0.08389191447280508,-0.42784449618148435,1.1613070579069786,0.41430127909740627,0.27700222431736293,-0.2886648621409404,-0.920385042710897,-0.45500108642626313
2500,7500,-0.8035297022471707,-0.16753113806383318,0.13877841486222695,0.39693240076848246,-0.21245918500337632,-0.06523508054908253,0.35835241474226803,1.141960642435457,-0.44639887383426224,0.5669522238059357,-0.8139648170866067,-0.6959063309670104,-0.6976040985545136
2500,7600,-0.13542996667001017,0.0636659515687755,-0.7489900864234358,1.1939530020698756,0.17561240020151828,0.5057805858061375,-0.0663334778546791,-0.6543733384548689,0.5518697618650427,0.15502311987730522,0.6815617426241554,-1.4782764877643277,0.16731582597384517
2500,7700,0.12040529870341495,1.2028927330142796,0.02849390072098487,1.0959826999101305,0.35401973016687843,0.3109308995569359,0.9828085304324664,0.36273819799886625,-0.34289311817638507,-0.1288533416181471,0.47479934634758153,-0.5843219067799462,0.722992073277957
2500,7800,-0.677181599817832,0.7919791638226312,-0.39048010994460197,1.4913440457399378,-0.2058899380220925,0.6181561756926731,-0.7387306692954246,0.3480103899034136,0.2165198610232207,-0.781863951229628,0.10789415625241387,-0.6402956912138982,-0.795397047579936
2500,7900,-0.4090502357732659,0.17859319387295386,-0.48548645569103677,0.703492440695149,-0.1770488806429428,0.3309247543782633,-0.20158023846046808,1.0759341687297301,1.1094794134925847,-0.9474004522698843,-0.41175300051598307,-0.7446966827647533,-0.9042756068874864
2500,8000,0.9877560625298244,0.5004523725808407,0.9621733196688876,-0.2752996463402087,1.1491122909137417,-0.33743049307583867,0.34345961129655955,0.10724182282730686,0.6597308495545797,0.5284600710285106,0.4786738945005394,-1.5492357285516352,-0.9490484248224235
2500,8100,0.07176556243792065,0.035580245717991,0.9416205715444715,-1.4040271642775606,-0.1362552797856666,-0.9126573717435171,0.37656357300471505,-1.423920905984034,0.1638696632096713,0.2852049225398006,-0.09902101868289549,-0.39981190306297437,-0.863222812017742
2500,8200,1.0376863903123044,0.9198583143498446,1.9382044748226495,-1.6906052051255718,0.6825283898973024,-1.3109684192038191,0.9595611999294631,-1.2403353652415061,0.1851609081078728,0.14569140407517042,0.7858065943872183,-0.16062615456482923,0.8106012552306061
2500,8300,1.7618042706796972,1.4214673491317817,1.5113639856762497,-1.5740718575079697,1.1288330610356356,-0.5453282047457566,1.6930463421186428,-1.1315580281608544,0.4752295261365291,0.06060367348928807,1.4955693488000774,-1.3053451689323716,1.1752730844368098
2500,8400,1.42440903787969,1.3716682450201154,1.8209977507927284,-1.1610280304739125,1.716454623153069,-1.172624711632087,1.1492852618781537,-1.637996237195135,2.243101830962065,0.939130864354415,1.812299555958205,-1.2202146948610988,2.067823363278212
2500,8500,2.165114432383576,1.4915308423937101,1.2448070479234918,-1.2320776815370034,1.9788040911943228,-2.0559077582985696,0.8922108727806337,-1.345709332749218,1.1513395610277044,1.207482169891824,1.924271578900351,-1.7880284494975869,1.1242894798168221
2500,8600,1.3943939402400025,1.3899744978999127,1.7580432097555918,-1.7682080590467444,2.2419668563444897,-1.3258485118718053,1.7521968192007726,-1.799167775939032,1.354899207261132,1.606913933094562,1.4019302838146854,-1.7592509962910732,2.429698189280529
2500,8700,1.767004557128273,1.9046553190117117,1.8864234605085317,-1.2595862696173172,1.8879329012647377,-1.33631096898427,1.6016654722763257,-1.9426644431633646,1.5131365463724193,1.3406312372862106,2.1863755382560934,-2.251171530754778,1.8165142886023942
2500,8800,1.2733895980422243,1.7952420625307428,2.140292746703854,-1.4374292691418915,1.953936505301417,-1.2480887252725743,1.6276429832069217,-1.4576666779775613,1.822249079543229,0.9051345464522853,1.8985394285392787,-0.864115044021035,1.109822306737217
2500,8900,2.085075872307309,1.3013346541895712,2.2351118683528823,-1.3891182162187272,2.6212573190075843,-1.1054544928611696,1.2882526974134163,-1.1563730000846242,1.5439007882503244,1.705358356497126,1.6341182284209301,-0.9032699827395464,2.1564354044895464
2500,9000,1.5889566101043355,2.00425061965929,1.9272493663872923,-1.1504280573215964,1.980632759780903,-1.7456700820669528,1.71743549816305,-1.5369191051043039,1.9113800282742162,1.5109106294591277,1.5946582307736423,-1.2542676716114656,1.323531850109334
2500,9100,1.656825972460068,1.884638407499677,1.996786962539332,-1.5488036628212833,1.514455036544167,-1.8868204989544741,2.163511283917992,-1.6876267508723783,1.9420867603121619,1.3590694533177672,2.115528136788694,-1.7534735706061426,1.4513642793642723
2500,9200,1.224629140391781,1.7771378041445873,1.1288341831240583,-1.0935690972216898,1.9331708897234567,-1.195983938166568,1.7950525472926169,-1.6447670995096906,1.217129756892712,0.3883611188278784,1.636476181900065,-1.4963164707166041,1.2075888744206957
2500,9300,1.1073981669803867,1.080886433317633,2.3185013447806218,-1.3630576660760023,1.894616438950988,-1.518020009953338,1.8404013872352876,-1.4345384284165874,1.4010467002315976,1.0741560044521719,1.3657439322601872,-1.4905753572780327,1.6948948093888918
2500,9400,1.2342676007756423,0.9664715820198923,1.4118762868981525,-0.7255082023765008,1.5599192393708248,-1.9985189261397667,1.5041995722590054,-1.2746141293589612,1.4912689166984663,0.7030341063521641,1.46084058474164,-0.4366132885256683,1.5621157623371438
2500,9500,1.352941352848406,1.023464436945805,1.413902359371417,-1.5109977218026884,0.4878605175996494,-1.0765772410288175,1.3157214355004383,-0.9928444248065352,1.0623423167691182,0.1476711691094383,0.5336985729232763,-0.9840125283827597,1.0373629112571001
2500,9600,1.5478847781674283,0.5503442443831401,0.4240554702344265,-1.4721798796460568,1.554604674183689,-1.0154769569059159,0.9356026973489515,0.010075158300465513,1.0669039518989876,-0.2697504899395206,0.9453160831442816,-0.43119177786452195,0.8951826502639153
2500,9700,0.5428907716807816,-0.33463243860477193,1.332470871621303,-0.2891685824405735,0.9233611875866602,0.15608444492071474,0.8673895184457627,-0.17493457609588625,1.4856191379969406,-0.3356586298867392,0.2658839247655305,-0.2841184480311285,0.27626813919091536
2500,9800,0.8692797681169371,-0.23663121252372277,1.1609527255709686,0.44374118013988234,0.30779285340514767,0.06636453140159371,1.2363043696576101,1.4694047559676449,1.573010648917424,-0.867961699409916,0.7256466273888705,-0.7708795015243998,-0.3279757191200558
2500,9900,1.0386852197381142,0.08831753754255432,1.144993161736405,0.1693819252385454,-0.577590541091323,0.43207365580185486,0.7654424958733491,0.8209433345233725,0.5687458555904541,-0.3225611110808744,0.23920495500833255,-0.35669505323888817,0.6533873501553027
2600,0,-1.3634111549214054,-1.620275691135392,-0.9564827564363009,1.3698841993215978,-2.0305958639823087,0.7681604507257543,-1.5219369759620516,1.2938211286428787,-1.1098038917034572,-0.79001594748221,-1.6236867527962726,0.7065940181243251,-1.3073140515946837
2600,100,-1.4091160164758312,-1.100220437888958,-2.133066254133779,2.1659336231039377,-1.7471497661659168,2.0233434236592576,-1.5277312489492407,0.9564302427450272,-1.9605013968960399,-1.1973818404358056,-1.9469181286943178,2.160655341251979,-0.8915156237233592
2600,200,-2.1419700343438,-1.869840286557204,-1.2646954849239316,2.10010008674113,-0.8718192442060467,2.0143053176635766,-1.3917992262786008,1.7491877247191747,-1.1849330376253484,0.12747691536725225,-1.1306573893396459,1.3614859506788797,-1.1422720427045157
2600,300,-1.2494349281594253,-1.5585589038881278,-1.6143451934185529,1.1317554356403652,-1.4698195705349861,1.689299197606335,-1.4296273777134836,1.8360949425182371,-2.1287322018835133,0.04272446500750838,-0.8642646824092732,0.8771226643262805,-1.4281332720716455
2600,400,-1.1549306848829997,-0.22878276918735851,-1.2543712559305242,0.9584849061934447,-1.182659957628664,1.3892282672394267,-0.799882706002472,-0.20821360446452017,-1.512386845620865,-0.47691575414421616,-1.2491665566528642,0.2574630340078584,0.04804808222222651
2600,500,-1.344283706918987,-1.3156140424775455,-1.789021280576111,0.6271774095677167,-0.5550729897563245,1.2892906723465898,-1.0320254886172855,0.6000810092919489,-0.8298656276161096,-1.0675487444092076,-0.8412187555424366,-0.3255558634029838,-0.0579557666357837
2600,600,-0.4076603446477155,-0.6357416338775983,-0.727984031895602,0.35534081473799684,-1.3633621919831134,1.390932338888005,-0.5557066626569934,0.7410858643110949,-1.4098977266787263,-0.03272682864748976,-0.7299507311442865,1.7041916619291166,-0.35485090128365127
2600,700,-0.4714498594377719,0.19508676194569652,-1.1946371906387907,-0.8676671991092533,-1.1239948414399858,1.3277060116555572,-0.9185722214397828,0.5946563153099064,-0.6326201765095654,-0.9228521986019446,-0.26266942811719163,0.8436002440650706,-1.1841733436696575
2600,800,-0.7678961893005057,-0.08269059579194986,0.09104628159331109,-0.6684776193684399,-0.8603283574862728,1.6544815267284405,-1.1136877156516747,0.024951708037702504,-1.3858614504554723,-0.32867440566686346,-1.2714820576369916,1.2236183641271456,0.23342124478967965
2600,900,-1.0362746545896506,-1.1170280666357764,-0.9670162429830469,0.643752933591098,-1.3588649382254572,1.3456559033265558,-0.975522043636903,0.8927553157384817,-1.23688764639924,-1.6629423029982042,-1.3585435026406065,1.1098648581877235,-0.9342431703274059
2600,1000,-0.7411439664789207,-0.5306898323940779,-0.31234698970325364,-0.023243294691165792,-1.337682295284012,0.634898625444788,-1.066947724677308,0.9838110625072154,-0.46548072327601175,-1.9811556829668455,-1.1058566167145774,1.278880640629844,-0.2681898173356803
2600,1100,-0.6976958674589522,-0.394792515183591,-1.0838040282505041,0.4039099252670692,-0.7672131231030758,1.0022019705175875,-1.3230760812670774,1.3989129533748574,-0.3837517759898119,-1.2556611527929578,-0.9826811181153767,1.3136462566146556,-1.4177638810699311
2600,1200,-0.33641400314717845,-0.2555871319872455,-1.034503727704019,0.6500533788385574,-0.2962112608156516,1.4435095542497636,-0.41319784421285305,1.5062404767417628,-0.4528508648815946,-1.9058848524082153,-1.0998799321451258,1.4557846278179851,-0.8698497910698968
2600,1300,-1.1064080024296905,-1.4810848765686924,-1.551306983260828,0.071222212891006,-1.3936316657571672,1.6916358665096287,-1.3271941712965485,1.2158668546416627,-0.29529971409310474,-1.2685401004658527,-1.0163208097872194,1.8315778111608472,-0.5848121946492771
2600,1400,-0.7369011970917775,-1.6230417634829384,-0.9941840881098084,0.07317332289977972,-0.6310429728119648,1.3257092885360338,-1.582646631105995,1.3714864112632201,-0.3276689849989015,-1.723287812432585,-1.386116295445131,1.7613791194874364,-1.786663925999282
2600,1500,-1.2274269048446864,-1.6628799885570178,-1.2760499561128769,0.9942006191760735,-0.571049253711414,1.5491759753165515,-1.4491378149880452,1.4698603183816517,-0.9250950659011007,-1.7601085395113465,-0.8306989040392326,1.2255557362374676,-1.2155119255699158
2600,1600,-1.58788162760197,-1.1255356361091433,-1.341010516489336,1.0963001786385003,-0.37844589309668797,1.5210713353099308,-1.8558053966805947,1.2128334012591904,-1.2835313216331814,-1.3729521718848288,-1.474571896176171,0.9477224391511754,-0.7659121536172259
2600,1700,-1.672711480110112,-0.920827786077146,-1.276755899209868,1.3392191617944735,-1.5915757171295628,1.619121248500776,-1.4133580338182128,1.1528722652782188,-1.325868158087179,-1.451583713488005,-1.0098686934069152,0.29841330729927473,-2.145636707645031
2600,1800,-0.46619411034666447,-0.6585869305104275,-1.5528367206951783,1.6759155781054118,-1.9943896149913831,2.2137715950625987,-1.0869564047464195,0.9024155294689175,-1.8869812307094143,-1.2502149031024328,-1.239791506070093,0.00319721495237644,-1.3866669310845114
2600,1900,-1.1101005645474322,-0.6962646956672877,-1.5272928821855252,1.5374748804638088,-1.555612266748753,2.0433990240962108,-1.0313059840909191,1.0086680114890578,-1.149258720356476,-0.8056042983471818,-0.9867773799210494,-0.04031541560357657,-1.5818290847094927
2600,2000,-0.355899139014807,0.03675781905471134,-1.666090438729468,1.159434819984867,-0.9509585008381298,1.2128607117307082,-0.7488068601065629,0.7055286742339254,-1.5831280949011182,-1.054710308089656,-0.2901497811366459,-0.43930201280327874,-1.1669248703251032
2600,2100,-0.12278719051314471,-0.5114154410753406,-0.7211474371030618,0.29871205859999883,-0.08206684138427343,0.813257535001125,0.08097597683697608,0.09670396542987124,-0.8183021515734955,-1.054965496976841,0.2974477225467134,-0.14052106824509114,-0.9413287240758911
2600,2200,0.5611558075979962,-0.7397798437164682,-0.5203150920412224,-0.55337195710469,-0.28909518003414436,0.929154377955598,-0.7078745566110963,-0.94463073138525,0.1005974295592876,-1.122253341004063,-0.0293572524023696,0.5709646321454273,-1.2305940078691133
2600,2300,-0.8300214171184329,0.007290892447775231,-0.8644886407840437,-0.8310619286381349,0.5284444642567769,0.40737390716726957,0.44338585447632656,-0.593402807609077,-0.18767803249191392,-0.33838207270876225,-0.3373068476223094,0.5462253677689121,0.022576610234584238
2600,2400,0.29780766473117964,0.7061282151180719,-0.18372184555184926,-1.1623254779051833,0.6870478600747834,-0.571098202676738,-0.29125950534848244,-1.210652469836737,-0.7531479817603239,0.07726841732706129,-0.24468599870507965,0.08436493963901316,1.3445943875038635
2600,2500,0.1327217038015991,0.9981830835083436,-0.45522017009278487,0.18659468729555626,1.4753545906152052,-0.15149085801160567,-0.3871132170102138,-0.6640223478090314,0.24560945426770905,-0.9371533942424499,0.3713651012682554,0.2434674233799485,0.3616126808066955
2600,2600,-0.9609591593403086,1.024771907819374,-0.0767047632398351,0.8993576602737373,0.07973712261125399,-0.3034149684753285,0.07819470761066091,-0.3302634873067296,0.10047840543593374,-0.3477737399660778,-0.8504794472498362,-1.079108189004196,-1.1036559911454684
2600,2700,-0.159779445595406,0.9717680262316112,-1.4921755552067135,-0.8377124858172088,-0.4569210296437218,-0.4607070809482844,-0.5287948111861039,-0.3417137644348552,-0.7628426073996152,0.16978008947576598,-0.6158901078934026,-0.94409130253348,-0.43672125281925533
2600,2800,-1.0022319005289944,-0.04516983714455102,-0.07825452164129507,-0.676061400554971,0.09580146120787564,-1.0389698834107484,-0.6899984878104112,-0.22872817750648192,0.16601003664900044,0.6094184958117147,-0.3293879665925807,-1.7036739744379046,0.2013831093536926
2600,2900,1.0819834351311084,0.6064273471596876,-0.8940064106347682,-0.14059049681224836,0.5360666714821563,-1.5025083489997733,0.08523876424003375,-0.9437286097450728,0.9159442190609901,1.6150064137863676,0.6810906500769267,-1.3258583153128645,0.7663104381719279
2600,3000,1.7450572318394564,0.7431490985305075,0.7348040962890935,-1.2336188213521466,0.5777594541421865,-0.5684762146386566,1.5266423924116748,-0.2826796459260973,1.1335838523036317,0.9927635613621653,1.19109056558073,-1.3099577524458703,0.9132566247786542
2600,3100,0.2804668353395283,0.3835549295941196,0.43996048387389997,-1.6111254707782356,-1.1014988183626648,-0.6108689602094284,0.7012681964505659,-0.6340472655902155,0.9524400844229498,1.2733028615233999,0.6621123651909196,-1.1520304997306419,0.9737135635937118
2600,3200,0.03191375802647737,-0.6398824754672958,-0.31092541964786014,-0.9764893703988476,-0.9057324940662661,-0.8277182295019034,0.2364958743594017,-0.6548758703496863,0.23224709834287524,1.0887502422870938,0.3224376740073008,-1.3366610501526202,0.8475786943552385
2600,3300,-0.1621710250632799,-0.05702315318334367,0.31205538446676373,-0.5846700245445078,0.03823544169522821,-0.16056026652461147,-0.1383664215480487,-0.38818059294562224,0.6606901737026251,1.6332028033991153,-0.3797683233006403,-1.5065220493894955,0.7646221857954698
2600,3400,-0.08885036892382929,0.27890512734283107,0.2208833107069341,-0.3349933046496323,0.952563702725399,-0.8599495598323759,-0.556893704952081,0.41422324297582996,0.6882929593445684,1.027823986408181,-0.44327330998063935,-1.74015698427621,-0.15731748837392404
2600,3500,0.9097408516967113,-0.48457947684634906,0.7356949572396705,-1.230006714053904,0.8230287842049993,-0.9217103396870018,-0.14179363381308646,0.553700206934716,0.7725745402447414,2.6120527361629238,0.3368706549562373,-1.134333467898174,-0.5832214904111019
2600,3600,1.0185801316696632,0.35040027270086616,1.5369871459075466,-0.4100308500055749,-0.33937914569166827,-0.3560034426955025,0.4054062324471045,-0.7730603717063221,1.1840933180842166,1.2626988120296234,0.7957983887869684,-1.5353241365692765,-1.606354708001474
2600,3700,0.7942340573712894,0.32259845704564466,1.7264466349025183,-0.29188312054915444,-0.3648528439700353,-0.6467725549691454,0.9666958236544428,-0.22671024681870716,0.4697623775429688,1.4957456512922944,0.5098852465294301,-0.5062144267370615,0.2313061400989306
2600,3800,0.4831747332942806,0.0863042959482303,1.6811685000395833,0.37167362633084305,0.7544756038792474,-0.5379234118643719,1.0971182835789972,-1.3172566163892976,1.0231186025950854,1.3086440967616213,0.9939071434824415,-0.8810665417585668,-0.4000912061730724
2600,3900,0.8066164145796699,0.753737399472196,0.7339578043437647,-1.0054530181288563,0.36801214316468317,-0.9577457841761586,0.4697862787145606,0.1887433596917529,0.26454683648516003,1.391655568279504,0.18175708015256012,-0.31290812665813433,0.5293925173350837
2600,4000,1.4414998697253205,0.4486663221161073,1.648604951487702,-1.2060074981884623,1.7940347032971116,-1.0563402824162311,1.2821389605218203,-1.0130752155399887,0.9315443862217877,0.36026535586273334,0.8796206439232926,0.06770535050366268,0.23405177826527107
2600,4100,1.4321458221899266,1.3566597697624045,1.5543785799366778,-1.5469685170699816,1.4790205098542528,-1.1299686266920295,1.405205726306738,-1.2815583267019437,0.8531985655265896,1.378489696632331,0.6657899074052023,-0.755083295269011,-0.3021012099358089
2600,4200,1.5269382660477393,0.7166845005734305,1.4816045200153152,-1.0224656847284939,2.3668723666178453,-1.5172129997620283,1.2444816338064355,-0.6071305635650933,1.691322071235994,1.9594625873635936,1.0203025934239018,-1.5498892256533576,1.0665590652564547
2600,4300,1.3481912516116,1.305835742365836,2.0080291375301424,-1.0904892957234942,1.367631394504592,-0.9079788408185631,0.7432843397669237,-1.0387000855253024,2.09916322971425,1.0863835243720346,1.2511503140759936,-0.8896461768062064,0.8540671658334809
2600,4400,0.6034533002385019,1.5278351860671961,0.7390581845846415,-1.5882365297480798,1.1938163459749778,-1.4812508786288294,0.5551179628131813,-0.2957848859079434,1.4399290982519792,1.4209480387154372,1.3072999355026538,-1.6230209271480642,1.2358672174020626
2600,4500,1.3825258092223176,1.2015344670542698,1.495494333490968,-1.2305666566350912,1.1963973228795939,-0.5274773547421314,0.823213123871689,-1.5377766450107884,1.3812692705615344,1.7903657319746518,1.2163979583161677,-1.2207910487230142,1.8089195499112574
2600,4600,0.8331656123758487,1.7470437498327165,1.727905882002872,-1.0014479440988866,1.2072633874002492,-1.5556560557338777,1.4727329940561367,-1.5428619753005517,1.162718881393823,1.6410605641915406,1.2193992608220905,-1.0152413271668128,1.6960867523180054
2600,4700,0.785913616171591,1.250532151156075,1.6335320296761608,-1.2685833400653737,1.2314659106635515,-1.331451586309888,1.041595362792848,-1.342028637506807,2.0596713275335654,1.8015155256135218,1.7614870468251795,-0.06366614883368345,1.6173046053430657
2600,4800,1.2276234648233089,1.1962090460479746,1.0592665377448065,-0.2443287715082209,0.8986380535945941,-1.1592396319541598,0.7116642401041405,-1.1477698338183036,0.8999655428664809,1.7923333573932692,1.7120398176416618,-0.7567897992685713,2.1089695238438897
2600,4900,1.3037758353026412,1.3056186123828786,0.7976163327680926,-0.21024616224402048,0.7944198256327462,-1.440512912668115,1.2662318744386543,-1.396893485800118,0.8625169110801686,1.5391816641252476,1.4929803423283823,-1.7600054680293966,1.7292548713521951
2600,5000,1.0635599598480647,1.0737036777728344,0.7581976436644726,-0.9945224962794714,0.5602064645611045,-0.9286619827758956,1.3418349772303886,-1.0333724067648877,0.8599835504688788,1.6018221489776716,1.0503634229567465,-1.0195760023258604,0.9842116147368722
2600,5100,1.383155833723118,0.02220516622959206,0.3352527900457641,-0.2687390437249785,0.7836299541611705,-1.121596194021292,1.0891824487224333,-1.2525525180003128,-0.28884333480705554,1.3210394605012528,1.4205966892416853,-0.7484914034917693,0.5021167049639319
2600,5200,-0.30393672467706817,-0.3206283343926774,0.371125474437014,-0.5559876175906413,0.3253641665809505,-0.4912100378214395,0.37551802211432467,-0.6358344775920198,-0.5154922864649997,0.8518242102926334,-0.21825927297334394,-0.5191481620829075,0.09961402903986168
2600,5300,0.1474187924656502,-0.975101197599767,-0.4667709399244928,-0.17898932001740794,0.7682137122026753,-1.063012044825399,0.08466648363146133,-0.3288948268312037,-0.0845438842134948,0.4062262449713965,0.1946493344630551,-1.2980559322735883,-0.280357515973257
2600,5400,0.5466068019034651,-0.4156548593731106,-0.1312463857849191,-0.5297473510347176,-1.177596436129853,-0.3067580562147434,0.19968379785646892,-0.918222095680006,0.977976473945443,1.2485032167422694,1.1069276553537712,-1.463228163123274,-0.536094432409445
2600,5500,0.3125718737466794,0.27703438440963796,-0.06690920151958611,-0.8464540997792491,-0.4322974936913316,-0.3925966418128155,-0.34687468868659926,-0.3880003991695851,1.0766313939852357,0.4879838352702062,-0.16655887968266078,-1.1724204038484989,-0.17590052267854567
2600,5600,-0.34671300627428475,0.7551011546883313,0.14701033269188055,-0.2768748037064902,0.0921031903148748,0.5431377429877459,-0.4733601104077787,-0.371552747817265,0.22592946313946521,0.6602792919871008,-0.6958511511500259,-0.6803986245814913,0.3646532513207835
2600,5700,-0.43757145671003495,0.04598107052788667,0.6247257027385248,-0.6442282806531171,0.1775633270901745,0.42178979951324846,-0.7850176866707551,0.17154956244835023,-1.11636294003869,1.124091712383226,-0.46376949894245517,0.4276492375870098,-0.890336446340612
2600,5800,-0.07585087220700938,0.0072308251077457565,0.27905209935836,-0.7372481543837757,0.40462289621041964,1.8124060650433005,0.09338206233327037,0.021756335261363686,-0.5361174231274443,0.03810110340267266,-0.4516587440508004,0.1373017681896001,-1.2541457387164008
2600,5900,-0.7516370774667609,0.282559448553527,0.40491831084571744,-1.7910596090483517,0.06292216610614809,1.564313729590025,-0.06795683997139075,-0.2046165630807628,1.383755999491297,-0.4419817184975302,-0.6398180817932853,0.6735239725057812,-1.1428249967037567
2600,6000,1.2752306120780763,-0.16542070934197897,-0.252195965160496,-0.6981126790155114,1.4243632011240608,1.2872569799028943,0.4279653468580216,-0.13596714303044738,0.038474756447176274,-0.18806185834262062,0.34005077168144987,-0.13588837045616148,-0.02021902927853938
2600,6100,0.6692612736347695,0.06287149166603909,0.5382225887109835,0.09554413692906816,0.7402955870648361,0.43213780213874586,0.7314320798561172,-0.7841224125437778,-0.31955173018238375,-0.35238036792395583,0.6921951916812811,-0.4179601244746572,-0.551192170011528
2600,6200,-0.563035334626714,0.5210978885453464,-0.43268475716870997,-0.4592540645614317,0.06998829263257973,0.04236660551366562,1.0524759201580594,-0.637032958648039,0.6934443430260377,-0.6256925886084591,-0.4923993763371199,0.6125649830408306,-1.0142950432878137
2600,6300,0.12238745748361297,0.7495995702410896,0.3374653179927852,-0.29794370498851475,-0.32631855613865807,0.5425588712309901,0.37725347399200515,-0.02229665176144633,-0.6461199735115277,0.3761755256255434,-0.7093228928610276,-0.12297618320357044,-0.7546126971472245
2600,6400,0.0936329927213995,-0.5665457181665373,-0.18337028271723224,-1.0469827763763486,-0.4940069809311692,0.4751394196876078,-0.6968730605997954,1.04456991024824,0.40940766688726365,0.5948055716805816,-0.13324487828929918,0.24832500620709524,-0.39917931011699376
2600,6500,-1.6276696980441205,-1.2790299251764858,-0.6081509840953663,-1.1430248404942664,-0.7357625189499883,0.9209837806120685,-0.39164176472125534,0.3393126251111154,-0.603607238249987,0.7626989405369706,-1.072521568722107,0.750505087038077,-0.3017489715471942
2600,6600,-1.0195205540953598,-0.7278112852446278,-0.9409891672125564,0.0018010069629482107,-0.9517057151390891,0.366502475604681,-0.9931917159389124,0.4904905384106372,0.5423222736286633,0.2599799325480873,-0.7112190103197328,1.4130754555573202,-1.2706042847223096
2600,6700,-0.9905966414513825,-0.5931227312111694,-1.3859503413431404,0.6180527644681517,-0.5698080662296522,0.5161791150464071,-1.2754108593710192,0.6455683113089996,0.4970519903979811,0.6623661822747633,-0.5710052419694188,0.8071377890819782,-0.43950778855893724
2600,6800,-0.10659740448419236,-0.5827679294462936,-1.213059558610771,0.6710968978613123,-1.278894839287295,0.5731135861646025,-1.139160706713877,0.9243878132578123,-0.29958715292274996,0.6987488886535774,-0.028261155497776073,-0.31852470057655513,-0.13681496991582448
2600,6900,-0.8317263761163105,-0.15990516866551976,-1.0529735882391316,1.4824611969777581,-1.4052177210884709,0.19267729696160202,-0.16629738442523412,0.35439231438585167,0.6140913162479913,1.3020351033707431,-0.37397139784338146,0.6854376014930343,0.16528079628272918
2600,7000,-0.9072840339952604,-0.5493355923538442,-0.5569051805942379,0.7720866916946373,-0.4895830221491786,-0.16607348627800522,-0.7976875335235304,-0.11689917841507559,0.7861937246935778,1.0933000160343733,-1.0321818673045429,-0.18370295915467122,-0.5524359516172452
2600,7100,-0.6904778778268209,0.8950627668691182,-0.04941161908835431,-0.6327223465563083,-1.2249650052995629,0.3051458086656846,-1.3942367043106974,-0.5829940737466612,0.45585150391300655,0.6857087863490992,-0.361843060640288,-0.7950878934650599,-0.4196903045594791
2600,7200,-0.013382396015775462,0.9217799652921848,0.2957945024758436,0.45301722964976604,-0.5010790973202621,-0.5091046071526253,0.05232027497404482,-0.5770445752237692,1.1553127121684714,1.1883784692499426,-0.04472089559068583,-1.3664905480478866,-0.009912033316435991
2600,7300,-0.6741330518470467,0.020369164630578154,-0.30346969324732265,0.9095403736439942,-0.8739946915993555,0.024430329496668377,-0.30124147984656796,0.18031983195427054,0.6597862694335184,-0.3155131028122487,-0.6990708775117007,-1.0802579365408465,-0.7209179444340049
2600,7400,-0.7990621734284314,-0.4337698120640834,-0.5314018035843372,1.048919240111938,-0.25699668982824414,0.44867315135972696,-0.7276793621192511,0.15872964854083169,0.6136061564343255,0.6592640719790875,-0.6236046547367801,-0.6063473193045904,-0.1850870188911943
2600,7500,-1.1106839945554747,0.040089152399767444,-0.04495443748177548,0.7878165210788615,-0.37613122027114304,0.483636086635587,-0.5356712145435143,1.1926243036905642,-0.5583341934667164,-0.24288379549201713,-0.6481528730835184,-0.8993227123570148,-0.3795948341916675
2600,7600,-0.2932330560999946,-0.13645739298663837,0.11574172718543126,0.6716131200720161,-0.30885169293095177,0.19518311994697612,-0.48427608484845613,0.19296539206533653,0.8589969110375554,0.27335459837932746,0.4047205575107093,-0.5540600685434905,0.33007471942336103
2600,7700,0.7110658014844713,0.37779958560560467,-0.8214974104395223,0.380804031269033,0.23910361744440412,-0.13878033414291652,0.3505606308768632,-0.005334634809324413,-0.28271176123354713,0.13529653082717472,0.5986710066620702,-0.7228121871019513,-0.13135682002541602
2600,7800,-0.23126569811479783,1.5954655686214285,-0.5020577717905035,0.16222633134741316,-0.2976696206918836,0.13186268672578633,-0.013733315827078454,0.19039627367943196,-0.798763694710287,-0.9162047135428986,0.0577660882654582,-1.0583532650809124,-1.165375294852955
2600,7900,-0.923988172111566,0.8605397669009491,-1.2772059513748129,0.5287443482675521,-0.5664095084124077,0.00952520718707272,-0.565870105116342,0.6509057637424878,-0.3698343031727287,-1.358176255059363,-0.9537105342760858,-1.3632604317121926,-0.9302731729350555
2600,8000,0.4063674295599855,-0.06510870783969287,0.7345134192046237,-0.4835653269398463,0.8632325758230732,-0.7856471132200753,-0.49442970526838786,-0.47269016677912556,-0.08603770757104995,0.7995080558953835,0.7027891845397563,-0.9639595567109325,-0.7330778898404798
2600,8100,0.2323072176609055,-0.30779044080530776,0.6955749987494485,-0.5184466130061683,0.10878809958454369,-0.35654343820155765,0.8336959670058169,-0.7785811705042691,0.37632822889348755,0.6217375082708599,-0.3153694883315679,-1.0969311757751568,-0.8569516989452788
2600,8200,0.08555945612618032,1.2584909061105085,1.410587551045047,-1.4059933813989707,0.29235264473505573,-0.7911965466089292,0.0037920755178964117,-0.6622315155837353,0.051655070986764993,-0.45844097186467286,0.8642617167128487,-0.13014292942111647,0.6894185441262937
2600,8300,0.7365291239919517,1.3582120574879903,1.827305729255615,-1.484692300779939,1.1631908704595877,-0.6335979022398861,1.041331405993743,-0.9590286498370338,0.7417870079772828,0.5720761880716906,0.5498349437847978,-1.3633824737065168,1.8469980740381582
2600,8400,1.3023112113003315,1.694909174075091,1.932649008159694,-0.5792127830513805,2.2605573090157622,-1.2852073810829687,2.313210921729356,-1.700469145043046,1.1664131978550794,0.9335760490454448,1.4055725200389018,-1.1153547779949773,1.4041808288178987
2600,8500,1.6512152455929483,1.856851440885911,1.516906246865975,-1.9266510710883544,1.5924088563181609,-1.031427531077469,1.268792117622284,-1.6615194022563098,1.600631819627823,0.7839540757725529,1.6767864323882244,-1.2725293935303017,1.454644905762107
2600,8600,2.0049098910128116,1.3511719620308091,2.0146213861709494,-1.832084158875718,2.220289272051033,-0.9682229142815852,1.828107017535137,-1.7040166384495763,1.925885199179699,1.6116967484637263,1.7893579937609656,-1.439400206703638,1.9759691683869443
2600,8700,2.3115893095045426,2.426830223693087,2.606612503898261,-1.2986790004133844,1.845735707958401,-1.47773257804099,2.1601602634107735,-1.9084207025627247,1.2779866431121616,1.897714571148318,1.990170326564955,-1.4408005808779831,1.7893259216587822
2600,8800,2.361272827705628,1.2676547641342206,1.5538987095001653,-1.5804376011967074,1.7002540324597026,-1.2535926842847214,1.0808595838059614,-1.4073278043814552,1.4865433946648035,1.1429120807106088,1.4199813066272442,-1.242779388104073,1.9089257205993493
2600,8900,1.6969609502377085,1.7712835376336291,1.8584678192944282,-1.643377554066492,2.167195939885084,-1.8561765965986794,1.8080128371981967,-1.091464840071829,2.2367542228909296,1.3773536203148014,2.254100221859643,-1.1978731632776576,1.8800214515013967
2600,9000,2.244413957392133,2.1152911935485808,2.481494843917111,-1.5950098581190435,1.9160959858911157,-1.3347048670474675,1.4743039190875904,-1.8020392529928149,1.8864569158487785,0.9441080372822803,1.5712620347018194,-1.251357754656547,1.6509328910706609
2600,9100,1.506934068452884,1.5864489954649226,2.0474498541366133,-1.298202007132443,1.436586336835588,-1.160871710636922,1.7313526366278662,-0.925943221390681,1.3307464243526868,1.5698636276118223,1.6587522436611284,-1.5824943568353067,1.8846566186987865
2600,9200,1.2506740563839893,1.1616567397402673,1.698928565449297,-1.3717547008814908,1.894177928426747,-2.119478383489017,2.081240944772389,-1.3985943767776126,2.59140521803505,0.7111382105676773,2.4120035736901424,-1.5407327835179692,1.2612637859237155
2600,9300,1.9527418763461544,1.0645761012395025,1.3239709814540683,-1.6503854233324353,1.1270999971428153,-1.7208845190319577,1.460667391827258,-1.200645752268267,1.573077336277405,0.9333501878288826,1.5650174723429089,-1.5519356819029806,2.191610235699021
2600,9400,1.7000725037125564,1.8219207022555086,1.364156492117284,-1.4004697386949956,1.851600167664391,-1.120129671036519,1.5992364235808567,-1.1384537732915867,1.61154527773496,0.5942091413868172,1.2933966016718002,-0.9615608449917661,1.5556673280713595
2600,9500,1.0572145916533042,1.3285425688679078,1.2914925109380677,-0.9957319151391577,1.2913196951126296,-1.5409226107665366,1.6020285722367003,-0.9674312596578943,1.0050188159654785,-0.45198801623107926,1.5390741623071311,-0.9366973185728729,1.474052012449315
2600,9600,1.0216357829411657,0.13523689474764342,0.5144962112904121,-0.9925184176700108,0.7066855617619093,0.100398770667802,0.5383084676610886,0.03660057818100408,1.9041298737152113,-0.8992166694766299,0.870742159035643,-0.6192165322032992,1.5382349838176272
2600,9700,0.8275774452623601,-0.6045988454229434,0.894833490378346,-1.146415640539692,0.5029606519905845,-0.016988330555637518,0.5039482952942568,0.8026223650514238,1.4517475358274787,-0.20920924241919592,0.37934113363601296,-0.031572910986045484,0.8450894427551532
2600,9800,0.14447878437761863,-0.7541830203985348,1.6877264152939224,-0.3705451364718739,0.8763769996355315,0.5144719839700296,1.1389784289068035,0.5072030648410085,1.058702030510897,-0.6626222236440433,0.5561008427597725,-0.6370629507374733,-0.4082746779327698
2600,9900,0.04341233764890602,-0.8071071571154487,0.9858614430910135,0.34025034761264833,0.16425590603561727,0.1803703115816766,0.5138912392975118,1.095303859928568,0.2432282375429255,-0.6637870674250795,0.26149138488378354,-0.5548337627707177,0.5547602606287418
2700,0,-1.652305609411801,-1.5869371883292622,-0.5993913320684492,2.1409598715146267,-1.1177374371337325,1.0168977672937312,-1.7338370932181058,1.1041395958710158,-0.6785582227490012,-0.841435845333055,-1.4712742344721057,0.14243657817988964,-0.9177296735137033
2700,100,-1.68459396767831,-0.9776548585748892,-0.6188383239326651,1.9308429410844092,-1.478017114128294,1.3862427309171046,-1.5164459478259245,2.008368630782368,-1.801832863565404,-0.3925442917891201,-2.004417016026178,1.2894124925089299,-1.1175830717438642
2700,200,-1.60729377692077,-1.0621931060591197,-1.879248354757088,1.2723341111979476,-0.851877132551429,1.0027965855242635,-1.6898870023184525,1.411155051546772,-1.5238152056219785,0.913941190428802,-1.510183446371551,0.8615550222013457,-0.8661176325704734
2700,300,-1.5350655320967803,-1.2385372370649703,-1.0206633218043526,1.3336848191936723,-1.7747915622088284,0.29183772584721607,-1.3471965999108537,0.6102942814636558,-1.4612327591053027,-0.03131633240498165,-1.7795283557823034,0.6215507109783859,-1.1421143136132839
2700,400,-1.5952930688832594,-1.4531087332266772,-1.4971241437342058,1.138739070206843,-1.611406092673672,1.2563934189047787,-1.2552324584715429,-0.05373303001716971,-1.3500084370835064,-0.49265925229727303,-0.7243495629280801,0.14355548700595389,-0.892787620946581
2700,500,-0.7698994800582808,-1.1701073759896874,-1.111869508661595,1.2075994165314055,-1.265411518006329,1.4245436760463017,-1.2542986026725418,0.09967597745267809,-0.7465016709795609,-0.8395624002303903,-0.5024241978977768,-0.8540976817274417,0.2208295554983036
2700,600,-0.4631955285489698,-0.9265788647199592,-0.47470719625918867,-0.2869457196311855,-1.4016880775266674,0.4146494789862096,-0.6885461585763233,0.8993154833230836,-0.8251301268843267,-0.04524150181199865,-0.04573465212807044,0.9421349540101013,-0.9284384204995415
2700,700,-0.1464599839271318,-1.0950389607721676,-0.9071176980585893,-0.3542997002002185,-1.1029487065974246,1.3628646737455858,-0.8939890261121148,0.1592440301955007,-0.7488842688213752,-0.13195846867476577,-0.4714998170031043,1.360256379395776,-0.8832681102571667
2700,800,-0.553002584068048,-0.5183681111456203,-0.6521756355864233,-0.17492978626159808,-0.45460770622228064,0.5799423413181545,-0.8326636747140455,0.03572261240045072,-1.1318487663989498,-0.49485503130324565,-0.5909530104579462,1.0796182767032474,-0.7165902237612878
2700,900,-0.37189166736896884,-1.0148061101675296,-0.9906478797519911,0.21843937960927268,-1.014087456598572,0.5784082282438251,-0.36428029478058216,0.031945619829901586,-0.9063700900644606,-1.1370073512994956,-0.5490842912619448,0.6222657181840185,-0.9265702562501854
2700,1000,-0.7456144605447884,-0.9979537282707943,-0.6807778577672656,0.5218243818739902,-1.0286246354154465,0.973465914918438,-0.8632119848547622,1.2668323361071216,-0.622671696579977,-1.3966278229494034,-0.9100315257040127,1.1717509600543556,-0.8074207103307733
2700,1100,-0.35922135950376005,0.12005800935607963,-1.2197178495391816,0.5725264487920606,-0.15745888080447623,0.7547959622114501,-0.5784060114785405,1.3476326268173464,-1.0258672330987162,-0.9008980588660442,-0.7256755722882103,1.850511523574966,-0.9553629887411482
2700,1200,-0.36948208314924447,-0.8996310902195555,-0.8673376732269771,-0.27068411296317113,-1.0318379593783356,1.842825489259176,0.3895906786766332,1.4593072515875902,-0.6199437960489118,-1.5512016096667038,-0.24776305250384412,1.7864600956841328,-1.0557994134210673
2700,1300,-0.8892273891641336,-1.330732771692023,-0.8324851126394589,0.04033638227123354,-1.1005223577012677,1.7456539216553906,-1.3486281155152973,0.7947870860790803,-0.3727341931058043,-1.4169823338560246,-1.229165501419764,1.5734551506620653,-1.1766917541535136
2700,1400,-0.4498704794740873,-1.4872547742357918,-1.448498091357801,0.36397987342467814,-1.5916173157590274,1.6731143126672257,-1.0010140227852202,1.5142517324199607,-1.0666844065625596,-1.3273519248487964,-1.2011319956244033,1.7417517575122496,-1.1011019570975684
2700,1500,-0.9336833465904827,-1.6700580844527118,-1.3606053634347164,0.7701938996292691,-0.9902417766421487,1.4271126215560974,-1.2558267148243853,2.0247090477685608,-1.4039520275305302,-1.4846451281112971,-1.3387946427502837,1.8354106713208653,-1.3361588935722413
2700,1600,-1.8706931008653296,-0.7903812586602836,-0.6568493664375145,1.7217112109537631,-0.93348098315492,2.042855864205313,-1.851215173527887,1.4506641074707265,-1.547163957518289,-0.7776088115673815,-1.5147934466133772,0.8921083852026817,-1.9982337347738894
2700,1700,-1.4645207429402687,-1.1565256662570715,-1.0934442490910747,1.3762061668546297,-1.2039526466859023,1.8597120601162254,-1.2741411269016352,1.7088136127222866,-1.0235824478610087,-0.7675947401668451,-1.0513761272592814,0.9682645396353091,-1.8632689091621761
2700,1800,-1.0587132458627062,-1.1242897962265521,-1.4265568485020128,1.5571314885849592,-1.3045387086037326,1.8795692570876377,-1.0429166419767013,0.49923976251142854,-1.369603448085203,-1.3417844399988543,-1.1714531527061005,0.9925600300812594,-0.6616648824800907
2700,1900,-1.7608466155585778,0.16650212404497333,-1.7724540612565407,1.5787246617745299,-1.1819496409985955,2.136224476398387,-0.9481596732198071,1.434918223191179,-1.7495553345622716,-0.4787178011349684,-1.3222107181152258,0.9131400867382101,-0.6952116642562922
2700,2000,-0.5384787750868566,0.10572868357236673,-1.5808214171930326,0.9879156450290308,-0.8633270633789856,1.4500123238480072,-0.25115740260669384,-0.12949047567081365,-0.8818575625439843,-1.231221998668563,0.008974633508464143,0.5445178429745228,-0.7589968859920431
2700,2100,-0.06901883350581015,-0.9999655697647337,-0.8252212869627336,0.007261069606332735,-1.3598413367771007,1.8062301230215994,-0.43763327106011174,-0.1589669226094736,-1.4342310263511817,-1.2355803912582612,0.5454317330375783,0.12633334155635104,-0.5503312150203844
2700,2200,-0.5509296949170038,-0.2865909939507739,-0.4769686127198544,0.07452390057046654,-0.6002909547409286,0.934850746484481,-0.09400722717371388,-1.0807926611552732,-1.0201169323018564,-1.4275390332343196,-0.6684096459049491,0.16538103054948325,-0.7530091532996929
2700,2300,-0.9403488312449674,0.4378091381260404,-0.633135281480736,-0.3840148727239289,-1.035765807676219,-0.000990385788497312,-0.202121259397275,-0.7230050087114996,-1.1333096465611023,-1.2622220958268744,-0.6896202955964205,0.35350543994080724,-0.7127905705199877
2700,2400,1.130453180808896,1.2136458837480102,0.05702172481981242,-0.7936523092297129,-0.14053956687938865,0.6710527085458594,0.3768158726293785,-0.8169102462536387,-0.4496017123298697,1.2740005898969078,-0.09364676240078049,-0.08371871315757831,0.555429231189033
2700,2500,0.8005287433475602,1.441499157668192,0.08856014508580906,-0.4559912182074506,0.9238401920814151,-0.8492110812271293,0.2524241865594401,-0.8299918767628556,-0.34275986377865764,0.05587281210644604,0.3558741806263085,-0.17116205818187066,0.5574171678826335
2700,2600,-0.6673642007414843,1.2354752531077569,-0.4769058910791282,0.06183191022142996,0.36726172629907194,-0.46623648107676685,-0.22265534741805335,-0.35468579203137507,-0.453229698369145,-0.49433090498507876,-0.07475677587386076,-0.4387884974014198,-0.5868457900802128
2700,2700,-1.054715499710029,-0.13529352536488823,-0.08589116975476048,0.1153465660598213,-0.7208754779502524,-0.763223153537561,-0.1181370899813338,-0.19526565360817946,-0.21674506966576773,-0.043967696959427746,-0.07066088266273678,-0.9555877886908597,-0.9583184317660152
2700,2800,-0.4196645134844987,-0.4585648599389581,-0.2480356190163103,0.1306386243212263,0.6311599434310133,-1.3949043834610255,-0.0181067463008815,-0.6282977812991937,0.6359356049432077,0.8438506672196732,-0.1442337153013272,-1.6915136817912604,0.17409212182182598
2700,2900,0.559925803902498,1.0065662582676205,-0.06701914695115922,-0.4266350393007416,0.4301838403428297,-1.3980980931093832,0.7873761223273881,-0.41531995678169215,0.9728329609928994,1.430682766359932,1.0088174365783076,-1.1440847841719108,0.9691129397263293
2700,3000,1.8262244643952081,0.3996815109184437,0.4889870483881074,-0.9591657022065183,0.3941086124007734,-0.7287151268595417,1.7630403670434485,-0.9744238713008779,1.0139907836751643,0.6577124770001347,0.6354027839471226,-1.3677132640622793,0.08726863595020924
2700,3100,1.7743432078045156,0.4455285571226729,0.7149241596966762,-0.7030673809363327,-0.6863297879857687,-1.1784884149423789,1.3649682153975453,-1.1112312985993429,-0.027152330220895415,0.9080359252878769,1.6069179154224442,-1.1098931574375064,0.9088423052211985
2700,3200,0.8947171740517001,-0.18689027470783934,-0.10522472288899634,-0.1970030159471151,0.15088493672645428,-1.036528329617802,0.6265322467548862,-0.8478126642214087,0.8777318246088254,1.514540390570266,0.317411635147675,-1.315398039239764,1.3336939736680669
2700,3300,-0.2658403646128539,-0.5188457107617451,0.80535871069572,-0.19649638330283184,0.4423700172390024,-0.44344766440955163,0.348705879114135,-0.16038797914431535,0.0789244454185993,1.7507639746752226,-0.11162914154943981,-1.6993066383785673,0.07787121042298274
2700,3400,-0.2826030754223453,-0.5124168937558385,1.2810625436745013,-0.055657702060679465,0.6408135434139262,-0.47416382029587534,-0.5719325571009222,0.1473880708782616,0.22155814753831332,1.5858792719120962,0.17594479561365786,-1.562011621198803,-0.63768408203545
2700,3500,0.6840178153724797,-0.31406393519793085,0.6372084708988465,-0.7017633382603564,0.274297004033308,-0.5903843324035154,-0.3927099720800323,-0.3816948120634368,-0.0817815740123157,1.9711934261435127,-0.18129405293238018,-1.1914964043644563,-0.6483307784349669
2700,3600,0.755910861662745,-0.5576061098981819,0.6430016684753483,0.2935140951185461,-0.7553485948781317,0.01851794448653914,0.1416460293017546,-0.11794044767220872,0.7092362716458074,1.5925657384932657,0.6726355060556677,-1.4625135929933073,-0.47326648191943715
2700,3700,-0.08446455018485857,0.31649373252428387,1.766608368679016,-0.28248186510915796,-0.2667930864320602,0.044891698412142654,0.9061594454542965,-0.47615107394838374,0.72188502051706,1.461481248216575,1.020500176113486,-0.5314001408153493,-0.13509893769932943
2700,3800,0.673321338466506,-0.41455921465231976,1.089399955823648,0.5892101567104102,0.2530903260994355,-0.667270009471613,1.0562170252917253,-0.31272161798973236,0.8303907889441992,1.153676367303598,0.2957477833431214,-0.499300196917653,-0.6291344526572152
2700,3900,0.8020488963049027,0.44684774619350826,1.5197100934775702,-0.6996601907908708,0.6974122806662755,-1.376557352988222,1.4174432147431062,-0.5798925035672224,0.8832047356364289,0.1795210047891453,1.1914733914115687,-0.051568544383641744,-0.059521940415711495
2700,4000,1.2420946958785553,0.15051605402713178,1.4196781154111897,-1.2270961361968125,0.9640554002081775,-1.3234870389194415,1.514034581239925,-0.8584912762229576,1.5514498842376878,1.2477364928287258,1.874350945958723,-0.44718717286523635,0.11440694454942013
2700,4100,0.818632970238256,0.7741787142292746,1.0462503700326418,-0.8373421527211856,1.4088698990942168,-2.3371228858375463,1.326204945310247,-0.8830426794231022,0.7436807911310959,1.775317704631153,1.4145845631846015,-1.3261325087571114,0.5464655518724273
2700,4200,1.4493654888365828,1.5901888631269256,1.4492598985268519,-0.9660908618324354,1.1285662068835898,-1.5973425966112753,1.334506649460236,-1.334479333331717,0.9910193291583311,1.44316109462276,2.2611827435075074,-1.181309333374526,0.933032344069575
2700,4300,1.3128782408729605,1.6549199659879985,2.232615854417708,-0.6077485870917576,1.6744512580074369,-1.5523594681429174,0.7417775988813989,-1.307039778748009,1.5486030988687494,1.441475695191143,0.9943095296889831,-0.3499863146201559,1.425721334061439
2700,4400,0.30620510088569897,1.9798020358866668,0.8578171214152843,-1.096746205792929,1.2349654005111639,-1.4174552589862979,1.4353327025653488,-1.0897109403203644,1.298322599916549,1.731844399565001,1.2150686462725149,-1.0844156213005278,0.9269070410381789
2700,4500,0.57254312060722,1.2107207745108215,1.806826414447642,-1.3775619323704578,1.7519429699697209,-2.0054029068967894,1.8177071573906425,-1.6174784262665503,1.8910733795266035,1.071307251330807,1.079671595525194,-0.17846474266812168,1.2936891974046605
2700,4600,1.3449584643109627,1.2018057829661675,1.7340255358393097,-1.0213092345956998,0.8270505887534629,-1.7487514490570424,0.7146290987366753,-1.4187289347783176,1.8602071549982784,0.9778481540318078,1.4862947396873283,-1.0951321541913057,1.5480484807672614
2700,4700,1.1062694951203855,1.1198688602340916,1.2566543034022015,-1.6111387825845176,1.0880822223001305,-1.6941971742791222,1.4174466478489913,-1.2660393108000818,1.1436032988821723,2.231885153869639,1.2942917434002335,-0.8914193312490715,1.5040743828574326
2700,4800,1.3594540292032529,0.3405455216059283,1.148107311120006,-0.02170823682706788,1.322486287467707,-1.136222108964301,0.9705136677539405,-1.2544094978446119,0.9233834288386711,1.9996164078877265,1.3386363107567807,-1.3340030444105067,1.8587404976420285
2700,4900,1.0627432214847634,1.1648107321775594,0.5090269053561254,0.6627858016891103,0.7604654627620352,-1.4593639654216253,1.359050569021851,-1.6095008414661747,-0.059383472072751506,1.485384270105263,1.6034281699593138,-0.707913937424699,1.4448351462856397
2700,5000,1.4728238136155842,0.8133605041099332,0.31691358375709267,-0.51376744281281,1.1927288836628227,-1.004524034693185,1.2180084313480788,-1.410808699443811,1.1562362381527493,1.9656779333031578,0.6973223371962654,-1.1595588830426,1.2255152352072154
2700,5100,0.9455498636479915,0.7083872283154975,1.0928046475722746,-0.9839494269887451,1.6574673517297012,-1.1108541012920983,1.0807475721988065,-0.7676837014181244,0.5041769674136931,1.1014296128651744,1.0237983829811985,-0.6984689775441255,0.31159156153573764
2700,5200,-0.26473728618508524,-0.3705945493631372,0.9840376124192706,-0.4148008386050458,-0.23430828936284012,-0.4679468170537374,-0.25663289442141096,-0.3013508345233666,-0.48553581886375724,0.29915920904806337,-0.07073059121504427,-0.8325173747168418,-0.4156353246750486
2700,5300,0.42999542718249906,0.1194370130934726,0.007099486638058331,-0.3593363704702844,-0.3989269619768949,-0.8681103300934425,0.24192214967914977,-0.08960520728458289,-0.16363412910613098,0.7940053664504002,-0.5858568158558257,-0.8308332313954204,-0.17219070394015212
2700,5400,0.38409582825146454,0.12125013034079206,0.5879777145363208,-0.622563929072951,-0.018579832894403788,-0.7243074402907923,-0.19046904037969317,-0.6404534498865778,0.21074514881587875,0.3771384907081081,-0.17275071999776476,-0.839285719824013,0.062142688426790285
2700,5500,-0.09842907487960749,-0.6934469019216117,-0.3121768110003964,-0.2098722082701866,-0.4702064380305078,0.21313849617239264,-0.25918846154902103,-0.7335025934399372,0.5002647024825926,-0.1962833499817217,0.0891583122849338,-0.7884627484780642,0.368417415365798
2700,5600,-0.9655469921145371,1.192721886290097,-0.13483894946583092,-0.2726429428407613,-0.4137509025260409,-0.010397861901320273,-0.6427017336774212,-0.46120421306491277,-0.15728386935612218,0.9622659148213281,-0.6102598353558071,-0.7546024464419758,-0.1541624820343925
2700,5700,-0.41412026093838317,-0.32631771743437143,0.8285802939652241,-0.5105822228236723,-0.2960611708178803,0.01781515855617572,-0.11662600183593604,-0.7676553367896438,-0.5541402822277464,0.9857131663626059,-0.9999874213791193,-0.317156545513768,-1.361897754202576
2700,5800,-0.4943595763890528,-0.7739716869728224,0.46582987798451186,-1.4505393641800657,0.5772409055534831,1.1489818230932918,-0.978221379326326,-0.49071501289505765,0.5735048140738647,0.2729924956348532,-0.33270468465905023,-0.12366777432211919,-1.3125365609491904
2700,5900,-0.3088542275372938,-0.3425748513432051,-0.06423897298558391,-1.354051365884516,-0.18647953098335027,1.2438825534752962,0.1846012484825759,-0.6698902763890374,1.3690529914688379,0.7268250226973062,-0.49749877475045173,-0.29511266728051594,-0.34569706103675324
2700,6000,0.2780745280338091,1.2993002254523578,0.5818785760279319,-1.7494599496110192,0.2692596305461291,1.4001840415136328,0.3230472670847561,-1.3977795849700543,0.7783138665085558,0.03678285662609278,0.38556101871913073,-0.14044849467454043,-0.5466632495180334
2700,6100,-0.10092044707331034,0.30159941054575184,0.4017392526119263,-1.184304409717855,-0.20430242772766286,0.8734522734097736,0.6330569324486115,-0.010058504572405104,-0.5146289464235351,-0.4452462720702159,-0.22479678453067484,-0.32160830431352894,-0.7627378297520949
2700,6200,-0.01744577202047739,-0.019237911430041336,0.0870579566447156,-1.0357052379648655,-0.03148689867824918,0.4729290159371591,-0.061414241596408174,-0.4094806941971352,0.8229283789081687,-0.2527791061902917,-0.4505805261299511,1.6443441876094842,-0.5998987686599693
2700,6300,-0.8992473267699138,-0.3430461071356129,-0.3073604571189491,-0.21891566799789855,-0.703686954115253,0.47058528356870694,-0.9998938309162677,-0.8105445367221726,0.1870153640535013,-0.14139839078450372,0.30093581037655504,0.6559513314772489,-0.8994282728953804
2700,6400,-0.5497855665338082,-0.8476624900833938,-0.612886719057276,-0.4388527515831762,-0.38333903243293055,0.7365149435291977,-0.4263938831075769,1.1713349337091576,-0.9309494296816554,0.5432415037766252,0.08817457295066437,-0.10951968823817196,-0.9505960187381167
2700,6500,-1.1325235857071845,-1.5597346429027266,-0.5535346744372464,-1.440309975703186,-1.1041670839575641,1.2067578934602838,-1.9238806482305604,1.1721703908974181,-0.9289528534263857,0.10830665643642529,-1.2659823444558318,0.10842347174522235,-0.7249602644701898
2700,6600,-1.3799985520991909,-0.3085687341563121,-1.280256793339145,-0.4115590900088039,-1.1109303420055476,-0.25141548913929407,-1.1573838079840297,1.2647629283343245,0.8707607136151135,0.1977737095174722,-1.4985883891594354,-0.16132075584579034,-0.7120231741452019
2700,6700,-0.4107353584253636,-0.7066238570239429,-1.1502673317608707,-0.4484105352605186,-0.5708473482182952,0.6143224878447113,-1.5640231238544529,1.2223549648372962,0.10036130212014961,0.5403024159526568,-1.630575148340565,0.5778521763483571,-0.06683548205126076
2700,6800,-0.45922885214860104,-0.7279807172464942,-1.0582913106119027,0.8438647154626061,-1.4877064183066808,0.16503597220976535,-0.5100307309038662,1.0181273478843207,0.10555778409710162,0.8775110127935822,-0.21653896419736798,-0.9886271495358782,-0.3062470099672978
2700,6900,-1.3604818336785232,0.12243687987557478,-0.32170628131999,0.8450157253287393,-1.643587849529207,0.13180848639044832,-0.863477058467154,1.1183454051695416,0.38747038266821676,0.6058499567415782,-0.6892976742320663,-0.46958447075180043,-0.20836348186611214
2700,7000,-0.3655127013089917,-0.39468980933382747,-0.924375598288686,0.4421592774546226,-1.2772083527098144,0.06518349753152589,-0.9360072225816164,0.1454496364747436,0.04249950711110283,1.0630809088878874,-1.3492499233348056,0.2813777600476143,-0.012055933790261143
2700,7100,-0.22414235461828455,1.2379028914231658,0.4585722618587404,0.31722054956045015,-1.291773255414642,-0.648238638338308,-0.5517479937888725,-0.4445830348971941,0.6927742752320867,0.3480995410167254,-0.4359556208141124,-0.953134238874568,-0.8461124684117207
2700,7200,0.6260375993844532,1.1653322970179365,0.4681671935844828,0.34212637577042687,-0.8705254972023827,0.24986886774716438,0.40972554805598366,-0.5244186530205786,1.34917079736325,0.6014530078767559,0.17688973942398795,-1.341972421124739,0.06175895561546002
2700,7300,-0.8913693786243106,-0.44426117290860895,0.3813823023208239,1.0899949473343182,-0.5891721153267633,-0.005648292699860015,-0.6607446626607482,0.10114012836064494,0.9163731211504828,0.7082681510096956,-0.4880567696896526,-1.0412415290558117,-0.0020173480317753015
2700,7400,-1.019167415405811,-0.6693500350165806,-0.642964889738025,1.7740286146191788,-0.8444598302190766,0.0881287075803615,-0.9047571081359492,1.1553849068860684,0.6175719312861455,0.2015200696331256,-0.6201628953220533,-0.639945389642091,-0.8399462758059335
2700,7500,-1.1701660289943205,-0.4796234079383533,-0.981516035148191,1.7443192284309135,-0.3340355461517223,1.058791669221707,-1.083028374337402,1.714024360483725,-0.848146092175382,0.11936684679589427,-0.7182462114900313,-0.21712325508019456,-0.41579390382862
2700,7600,-0.19637701760304954,-0.26399561213497413,-0.8930529904847703,0.7409098120285901,-0.1846096679552731,0.39402198137617866,-0.1496155228482572,0.7235141109568142,0.38142685089755207,-0.2769197462805141,-0.7611415538197345,-0.013839119519618807,0.16111946166388671
2700,7700,0.5012535797178453,0.6425817202696842,-0.060313719059687076,0.6035925551532915,0.7336560983624332,-0.3287028825294001,0.3496427585353144,-0.9703909457675726,0.3986970550853837,-1.078594496912731,-0.13600179735766443,0.006121224355026361,-0.11533338573538704
2700,7800,-0.2368116709631257,1.5911534173733592,-0.4687901267724663,-0.23124949857474217,-0.15224747787904744,-0.2168691689082616,-0.3643567810588564,-0.8802937870068375,-0.8558575470129727,0.09125833344177511,-0.18419309587105082,-1.0233746293470631,-0.7228521080846472
2700,7900,-1.1497119070442123,0.28156401749912313,-0.14059502390289838,-0.3163301411913006,0.44750054449599497,-0.38102387878218014,-0.5643058310845548,0.9724760423366493,-1.1625818225990643,-0.46578359047643647,-0.5468161979306577,-0.667043437988682,-0.8661906025752739
2700,8000,-0.4889517017461356,0.4826265659483946,-0.5152742080816998,-0.17496171775558836,0.7600880824330442,-0.8355562854523337,0.1147934984015561,-0.1461165334269574,0.3508024739244913,1.0518492213825166,-0.4659072684731452,-1.4086142430222561,-0.9972273276165816
2700,8100,0.07374522336390278,0.8874097434948215,1.2104384430205632,-1.428265235668665,0.7475497852571573,-0.5699509360149374,1.3001191531052965,-0.8481325707561986,0.03423036268873963,0.6552518785433645,0.8681616961841113,-0.6964951566861054,-0.517311586637883
2700,8200,0.1733885127612616,1.6166689875689333,1.7071642879822184,-0.5859997066545778,0.42279358642364256,-1.080576195381593,0.21061613091991496,-0.13365628665040166,-0.6166287971014529,0.7899118504402703,0.4608969626941895,0.5050502150724405,0.16831410716341244
2700,8300,1.1541845350744115,1.63480078008664,1.5019385881230958,-1.227324956006482,1.163606275997872,-0.9018699177740075,2.076688829915713,-1.0370889145036302,0.6144000145432447,-0.024228568713147797,1.3975100957332718,-0.8058382027951491,1.4450143263833695
2700,8400,2.3026510670565368,1.0946995434491549,2.01304942323266,-0.4612470196308363,2.4379963288559168,-1.8541079366927882,1.4326906359037637,-1.7592161246968447,0.885756459998517,0.5013511006498239,1.6760933201411186,-1.2331363598798768,1.2068100341287062
2700,8500,2.0343083604882097,1.7152300395305144,1.8153862164904235,-1.159895928256232,1.8262356448022037,-1.4749761226104174,1.6209859576114358,-1.3820125400161185,1.2568289330591227,1.9144519529230426,1.5431819362271366,-1.4301563690913697,1.2343123792670962
2700,8600,1.4281103478721846,1.9741548779658407,2.114030054428683,-1.1036494344838508,2.1327994183430823,-1.0866770577222726,1.6879347586801532,-1.8501984387661763,1.0081276683309854,1.7857064503592937,1.4762690439274326,-1.982004514625665,1.772307474741577
2700,8700,1.5801685483340666,1.9588061047344407,1.458816507783373,-1.1892611276365836,1.882665761766271,-1.255195865418541,1.5854800565756348,-1.530476972984727,1.571717572844831,1.6493951365561725,1.4958435253984566,-1.2973259173192921,1.9916451158145216
2700,8800,2.107241124719442,1.8061030055270098,2.374870584906464,-1.5387589743445338,0.8821872211091338,-1.5114607343770223,1.6008286646347876,-1.430798000352692,1.747569697328318,2.2739145489362538,1.4408859127449216,-1.0364040954215237,2.0261162249304134
2700,8900,1.684002239562334,2.2253810037579034,1.0717584637315687,-1.9787308096244054,1.6249038217254819,-1.2984431872264324,1.7397876064300049,-1.1721696442116378,1.6426688180885636,1.9669136617470504,2.0822074800759283,-1.9802296432156723,1.8330180398067275
2700,9000,2.151555645867998,1.549929219492559,1.635249168975004,-0.9854480175849837,2.5314092144383693,-1.1824223744133928,1.1598368901971015,-1.6579080251377232,1.6747612639561802,1.2934937153964698,1.370612200003181,-0.777796729643751,1.7039623132117125
2700,9100,1.6549763556952868,0.998192380188161,2.089086653094991,-1.705982251378524,1.872839417864772,-1.4556968409210551,2.057418576914946,-2.028028151938787,2.176234480754802,1.0949247541415659,1.2668895033568186,-1.5862265445994164,1.350707930185483
2700,9200,1.9658426251406302,1.8170346405269997,1.2972533220263338,-1.802667839447298,1.3868746802390195,-1.0726288374734498,1.5943930863831979,-1.4869312991512977,1.4733542264250543,0.24063540317840545,1.6026219897110596,-1.4616333246017663,1.6918807665724296
2700,9300,1.7238312322134635,0.8816579489701486,1.5484571434323116,-1.413867191829607,1.7732608072776406,-1.3627230453943557,2.3504025921675966,-1.818476110714448,1.9191089743214174,1.0552616481186066,1.2568656033459629,-1.5856658022869436,2.6711606174763483
2700,9400,1.1834932777138,0.6655867995602259,1.0062496439579003,-1.1082394525726034,1.485151719819265,-1.4399584944107289,1.2579464203839326,-1.4957877913303181,1.310114902507265,0.7070381833020104,1.2857551898259552,-1.4423436474688,1.7690273436130717
2700,9500,0.7650265486500808,0.5696949251664408,0.05372423390046342,-1.004954834295773,0.4218759972967531,-1.1827993390485694,0.569508152538096,-0.5521343670078157,0.938681431321344,-0.8083482241728035,1.0347179080523539,-1.4603296944412192,1.0492370900695565
2700,9600,0.5733073407868126,0.2796564339915263,0.3944112092862759,-0.3561367952009523,0.30726234572486677,-0.14354058047732857,0.9870580004860315,0.12551592167814893,0.8556594464685834,-0.8546095017262383,-0.2594256658637937,-1.1646831906136659,0.9592225899343119
2700,9700,0.024218162494762357,-0.18909938372237733,0.9277835316876872,-0.8445454385463731,1.1806986319567452,-0.008324263818629201,0.6547070296208953,-0.37503807193288274,1.1307491843006345,0.8325848522759817,0.30189778412934215,-0.06024732992098129,0.267052864451243
2700,9800,1.056575305077959,-0.25634698594501504,0.7269077162686676,-0.15170069771843,0.4794054060018285,1.3770290822855495,0.14171083770606827,0.9301576257148827,0.6409601414828953,-1.2165575010109329,0.6268286712325815,-1.5724519568165916,0.6034481141565433
2700,9900,-0.7401261800055029,-0.44294809325355594,1.3537706897829955,0.5690743578792091,0.008920312771513261,-0.3818739871952537,0.3729910568200465,0.6895542859282799,0.11771583137524762,0.29211624963948124,0.060817749150175675,0.3108902528082257,0.5336788530575206
2800,0,-1.6579277337736287,-1.491656557502494,-0.7459027350704821,1.523784896161695,-0.9019496443015766,0.7660251981414385,-1.0105944085704641,1.4886081142792786,-0.13115887736533374,-0.46245643426004995,-0.8558838220867272,0.25633322579086176,-1.1299993305807852
2800,100,-1.1041921348626258,-1.841209381456087,-1.2266202955858005,1.5585419074640774,-1.3479225538303812,1.3309962440217142,-1.2548663895495507,1.6012266335675764,-1.456584550059015,-1.1495338397657389,-1.4388551231292397,1.4450706777497018,-1.0723126188568235
2800,200,-1.227904884923616,-1.8012909265738781,-0.9456042422362514,1.9405566752670207,-1.379342489521441,1.2768551665942725,-0.844905039056133,1.3055323338410123,-1.1803472046988375,-0.1786234299348853,-1.1548938549643382,0.4503772939355564,-1.4322682029487472
2800,300,-1.856345717857376,-1.6597359394972815,-1.5925482784258727,1.836309542957899,-0.9092549705365034,1.455458149249492,-1.5169921974752014,0.9294417763089297,-1.2249050000203927,0.4219572578708919,-0.7076286121285771,0.5804509452917114,-1.190353447744574
2800,400,-1.016483728876953,-0.9346536970076671,-0.4834659376053369,0.7726413998627326,-1.8458808217225358,1.287053878461808,-1.0362825976265126,-0.09029729776325639,-1.2875558738851556,-0.5118519995551618,-1.25872165376841,0.0713794910195775,-1.1966355304085146
2800,500,-0.3536203475395948,-0.6789801103769358,-0.9776053319729827,0.7257113054270617,-0.7664007993892733,1.298452110446815,-0.9534454393417535,0.9113149389563046,-0.34108509899275435,-0.7657951439026403,-0.9170562484967933,-1.1239321786662997,-0.8963773547144245
2800,600,-0.6330054950476152,-0.45138001513266945,-0.44040412113488747,-0.3038525215330769,-1.6563221711447444,1.4613184299496693,-0.5298718532872299,1.4005422658827267,-1.3473329143093902,-0.3615923094127431,-0.8049175293235422,0.6216262726727989,-1.3871580466745541
2800,700,-1.0449923107372094,-0.7328594416612179,0.22661086237143782,0.18367501877203934,-0.5813901260628759,0.8878267924581825,-0.780084922628882,-0.15621529102052276,-0.849641030346465,0.28589743303015136,-0.9149014182354603,1.7277175317114974,-0.8441477908341459
2800,800,-0.9899208467515012,-0.21383427188308768,-0.13495910967198999,-0.24844943700506328,0.3064432052644406,0.23190858156063965,-0.7238227382953479,0.6971993732640828,-0.6358967944442377,0.9116041248563919,-1.049743639350724,1.7999640765043465,-0.8497501771856053
2800,900,-1.0661461046609666,-1.128146789009967,-1.2439081725007326,-1.116303306340277,-1.341184149932009,0.6040286244030033,-1.1316457261397461,0.7316607138257395,-1.03532538483693,-1.1350081534207668,-0.8146090286335682,1.3204090395938062,-0.5469884468414047
2800,1000,-0.9564254810616103,-0.8125311315239404,-1.4384507781473856,-0.34854504266687397,-0.5245845402395231,0.7124492814203864,-1.2089106327220491,2.423383252211964,-1.0991258367464358,-1.54532489249654,-1.0477894706169613,1.8375158390726343,-0.4472505404892118
2800,1100,-0.9576596543769214,0.5622068340405767,-0.8067175357766796,0.10032333402735154,-0.4877394549630539,1.61855911007117,-0.9234065697628492,0.593431015433084,-0.05762517699429682,-1.2347262395744694,-0.6859929107316143,1.5233677872936957,-1.2873216653713615
2800,1200,-0.5486953150417445,-0.24524395384875292,0.2523460007648988,-0.49116838083758385,-0.4427222851085031,2.3572421235674788,-0.6640458883059238,1.1815946439036993,-0.4233063458032187,-1.0830651928174817,-1.6033798565189947,1.6716478374535544,-0.04194635510476985
2800,1300,-1.6582346242452766,-0.9047002159899218,-1.4840825847983539,0.5843281932910465,-0.9698724963730708,2.1596811182202837,-0.8345305037787085,0.7834286915609845,-0.45217184954003853,-1.802127136368282,-1.4463564003631784,2.0281508989152064,-1.2874140796224522
2800,1400,-1.1917405156245209,-1.2034287771292378,-1.2811295118245638,0.6563581325284986,-1.164125101687277,1.3064797731415183,-1.078224256898314,1.2722906271507748,-1.5633152093920446,-1.5163954043551922,-0.8427926290312024,2.276262858170922,-1.5735395249443695
2800,1500,-0.5527109197084354,-0.6929244626252412,-1.228099721877391,0.8760563306490499,-0.40664042894879043,1.6573872804021683,-0.9467588331418297,1.3405577875134698,-1.3363457919815684,-1.1960998464485522,-1.2598345652149037,1.786266289460533,-1.5462583914680432
2800,1600,-1.1261815951288678,-0.5833646458441238,-0.8454577376630631,1.7411358991947514,-1.4639144241165771,1.9029173771573769,-1.1308113121598884,1.66074578339273,-1.3129035797979973,-1.403928519454319,-0.7248164501155482,1.0444552796490667,-1.1813127881427743
2800,1700,-1.8495793369388123,-1.626462934573675,-1.1697148814137672,1.4757071052314246,-1.4865230530442826,2.0205239216820927,-1.6417790258887426,1.823979578544871,-1.5533482328311579,-1.397284591706184,-1.7137151816826224,0.2694256223991437,-0.7257588559428189
2800,1800,-0.877556286519397,-1.2645035334521597,-1.1059112670925584,1.243106320948115,-0.9181288400782577,1.866575144182471,-1.4683817908642218,1.3033731913730218,-1.960429245381053,-1.2652665947170634,-0.7149478347309609,0.1813342638971614,-1.5273782180219582
2800,1900,-1.079234269862245,-0.3735052200701544,-1.7734531760897037,1.8567753567477017,-0.6083391459884866,1.7890169132993305,-1.2955243071764315,1.4413754041933844,-1.0826293378945218,-1.1689724909028518,-0.46090003268883256,0.5376347008348938,-0.9175634660728248
2800,2000,-0.9335950439409433,-0.6606731043220352,-1.0280582044237194,1.097491057380495,-1.0237496519101823,1.6560036184061133,-0.652859956025945,1.3597404248562026,-0.9839484464068744,-0.6302437054067205,-0.4407202584486387,0.3002168492920044,-0.47183965633118863
2800,2100,-1.3217089177572707,-0.8460653081299334,-0.7059527224115172,0.10107436798422657,-1.262559953232748,1.7280859375000892,-0.6482569646426981,0.7738981415628169,-0.8796286914619219,-0.9779841950928799,-1.321748431317436,-0.36002918314736687,-1.04590520087037
2800,2200,-0.1368673235301861,-0.719511511108272,-0.9134478458155361,-0.6566899915374268,-0.3513316336039975,0.9020473877473547,-0.5618601710161215,0.09231417807996556,-0.44690081553816763,-0.42351329807123433,-0.9578489483899305,-0.6276865961802734,-1.1614175965273574
2800,2300,0.010807340138581556,-0.23611037913668226,-0.3634565201218331,-0.23367250508216802,-0.8822748346630028,1.0016217557787985,-0.10392173482494178,-0.34049412060432277,-0.007597381508185313,-0.1546211500885852,-0.8784448433110362,-0.2492755421696094,-0.32470484634724817
2800,2400,0.6284041833919776,1.707711849645612,0.07627078016732253,-0.8028614480072099,0.8535731590399793,0.26145500585314124,1.0443211774040986,-1.1484991733627492,0.23337551588578162,0.8289761871204878,0.21909698589535917,-0.7661494197394371,0.3506002497280659
2800,2500,0.6721734992420525,1.237046822341667,-0.20825798317575828,-1.2386881908946181,1.0931319527423669,-0.7851110765015996,1.369785818772745,-1.431682549803258,-0.662215614973856,0.2329611841057253,0.918987631020518,0.050382996372685465,-0.06751886945467254
2800,2600,-0.0180218543686452,1.1346872955668144,-0.6371500309272683,0.3319995649377973,-0.4902657196347207,-0.987470842560657,-0.5100372299049375,-0.32409729579355995,-0.22245634162277986,-0.20752632059923742,-0.28006559497737515,-0.4011651129497623,0.5143181867015736
2800,2700,-0.6831206724284676,0.2807251153346865,-0.08395992937396148,-0.6441130269534987,-0.22101534297686762,-0.7185458046124718,-0.10570857061507218,0.13601142655261508,0.37601821564704924,0.5863557162709356,-0.6885481748740797,-1.102649501726232,-0.19187600652725378
2800,2800,0.03595209167984685,-0.4430073203369914,-0.2679402621244097,-0.563719720945394,1.0459192924494904,-1.2926942910140002,0.290666228529156,0.18128935331860146,0.338245150276224,1.4723567554109216,0.6193867029185295,-1.5635551038090925,0.17006453049456308
2800,2900,0.7318721322034384,1.3560318312267197,0.08573521795145538,-0.700900223504085,1.1568536406238321,-0.8958412511054372,0.8122456073883677,-0.25950184998267267,0.5527126097189305,1.1570125450320952,0.554664366836749,-1.4356986300433843,1.102323851902451
2800,3000,1.8439588043630888,0.13424721016608207,0.4004975204754968,-1.3024366389274975,1.187584250522829,-0.8127043629781562,1.5500807705402002,-0.819337510661375,1.1345576534479294,1.5253047635708172,2.110669103510532,-1.6113593645716484,1.053334421783317
2800,3100,1.137284496522628,0.011673541184947614,0.2260908212138795,-1.1745224121653697,-0.03680813222651241,-0.9195085278124048,1.6481726921044895,-0.5220628055440436,0.7749358793878396,1.4034970123812047,1.2846177604589826,-1.307330134454843,0.4323448934514946
2800,3200,0.8295256468079916,-0.7571743494915992,1.0009579084582032,-0.8047140635606291,0.07025336294662286,-0.6258254476924315,0.8016333808794218,-0.7334719837702032,0.20098608156585715,2.0503759163969977,0.37681849217366703,-0.9620199040519167,0.8883351259882378
2800,3300,0.5274510012937801,0.2084720616182677,1.1565801520385377,-0.45714716304018677,0.0685549692195341,-0.6395224505570528,0.955816611270131,-0.8687509717418261,0.374982732292105,1.6808448472061617,0.08018564921486636,-1.5981122383278266,1.6374361546625482
2800,3400,0.26458753160004467,-0.6251297205109551,0.8917460113430018,-0.31744341513946905,0.47904779596210556,-0.9366878596462423,0.22561425616535716,-0.5124165515727742,-0.24455994692461117,1.7959106507444156,0.03304890036076208,-1.098514790346833,0.35520998591624864
2800,3500,0.23510310292121242,-0.2918392690370893,0.6616833585397945,-0.37820581348683435,1.0783844942704193,-0.6626895126881748,1.0183032118153703,-0.1950375626724885,-0.3746116766317465,1.5294542313518498,0.6921573560886012,-0.5113309248083797,-1.3078446271786677
2800,3600,0.9511846278196127,-0.09172775741112274,0.03850283207865866,0.3583684771128269,-1.0540274999626824,-0.08319774793560815,0.19489822066415335,-0.32465293373694765,0.10398071103764878,1.2184383360370508,0.5899466387209387,-1.0773453923536926,-0.5127283524681161
2800,3700,0.9079129888333053,-0.590909548797632,1.3102028617217112,-0.08475404515772768,0.25164810943208366,-0.5906304476101207,0.7157173419883784,-0.7634658000311032,0.36769756869825765,1.3172237441948913,0.673110009169781,-0.28713202859799436,-0.3429042450113066
2800,3800,1.390985914899126,-0.002249672278904272,1.3325873341860877,0.13299238300203195,0.533393023432858,-0.8343931729749259,0.2415392717287561,-0.16366721910215334,1.2808239590277506,0.5912498590778689,0.32673898423490705,0.44916640286261456,-0.20421641008126118
2800,3900,0.6139877656432625,0.10213690320381787,1.488349372323174,-0.16221731509927792,0.6596557807241187,-0.5304619964157885,0.7211608869561126,-0.49405545159736347,1.601267364074943,0.4338321746184462,1.0514336902070212,-0.31741584997926836,1.2655297306721367
2800,4000,1.214173903798721,-0.06841356159119572,1.6670019474809685,-0.23941429035096715,-0.1972964490238608,-1.493095435540732,1.3089582732808942,-1.470956080186015,1.4662578932530654,0.020557049995769797,1.8056318154087667,-0.06775584660954036,0.10262305351101232
2800,4100,0.8026395686704938,1.1250918781991797,2.1367654141283516,-0.8245958673192892,0.9493100511585406,-1.5571606088072143,0.6143635294613232,-1.0100176420704239,1.3502624246392723,0.4386737425822895,1.3967416208616537,-1.2281955605402337,0.12000889490117235
2800,4200,1.1193242515497819,1.5248481355532357,2.4041632898672414,-1.245314741023338,0.9799358028430495,-1.3944587210988542,1.2313686781151667,-0.7124490808423865,0.6431544032719642,1.248664744036202,1.7225634001175396,-0.4676756880588077,0.2386394044303168
2800,4300,0.9092908511760881,1.0642845818954931,1.224786521827184,-1.6715351107351901,1.9246128920615708,-1.3929338089945242,1.1226091559233893,-1.066784051750306,1.609017575413131,1.4322575220651168,1.4149114529800275,-1.0301587635219147,0.5032560050785093
2800,4400,1.5187340963595573,1.366747409770306,1.8615900495809423,-1.4735518521596263,1.4221136795160774,-1.2771177761839319,1.6170261981927687,-1.326281699675031,1.269996707293317,1.2206812933878832,1.274343457318623,-1.0236516201277859,0.1657714180666079
2800,4500,1.17892710847141,1.541483961314388,1.541998790583372,-1.4871984797785007,1.6542135272127123,-0.9446809782944939,1.2590851816779853,-1.4362790308661555,1.5752134948873608,1.58555391004047,0.8550386988662138,-1.2151882041553566,1.5125897446358054
2800,4600,1.756242362508399,1.1659823861532086,1.38247207706636,-0.664354257210495,1.533871578574288,-1.3864046477359204,1.5565106998003044,-1.2382770914045722,1.529717100240159,1.709172471931425,1.6092240678340308,-1.2818916431075207,0.9565563515687183
2800,4700,1.5484578906217956,1.4474936210305553,1.4634964266568042,-1.1344806788392994,1.601631643524255,-1.1868261306171095,2.0997110753292834,-1.2436875319328287,1.3419033663844047,1.7197185835867799,1.2571665582749945,-1.4198309092291614,1.8698640384712653
2800,4800,1.3632948830650564,0.6974013417707956,1.158494548340063,-0.1817497878451774,0.6511286142284782,-0.7151358426143399,0.8223428739313046,-1.3996392262197563,0.9742676982813882,1.4567972814672634,0.5090478602232034,-1.3704986048193974,1.7021866622545583
2800,4900,1.5564841055936747,1.073195385678295,0.053713097263175594,-1.0198989143261876,0.734481073223597,-1.2484341362601437,0.3476389315147885,-1.267171798443705,-0.2671027895341977,2.1871051943117426,1.1863686896763597,-0.4713372475020892,0.4385512460241879
2800,5000,0.9109822670242717,1.1791941761383882,0.6087587814897749,-0.33658092652941385,0.2719182299094861,-1.1531157857843222,0.9080338707472724,-1.5276755842147265,-0.2163180588320316,1.8537875096012109,0.22270901383087083,-0.24206814678018862,1.2213435393591567
2800,5100,0.48877726047975995,-0.2207436422108099,1.2983390169335174,-0.879295569266013,1.3452119613939961,-0.4515932616345405,1.1176084098656252,-0.6495048454770667,0.38436537027831114,1.4877565517572873,0.5571343049726297,-1.0047857324529441,0.28833738397110054
2800,5200,-0.018490454481677382,0.0014356589479473782,1.3213447561358977,-0.3238161160047227,0.7890704010009163,0.2914627060834998,-0.9770128908036081,-0.25561650962221233,-0.20327548445414464,0.6812133847598906,-0.5550354127772108,-0.6174919272357178,-0.38063531636043463
2800,5300,0.3884314660578912,0.2591787841955362,0.5028618204749828,-0.284677151040832,-0.2986672241278319,-0.8460164362292955,1.1839486804780919,-0.41002080799785146,-0.04355680463643951,0.7511480523970894,-0.2892255450456309,-1.100775089534506,0.10497486761015307
2800,5400,-0.1810275020889717,-1.0050849043017465,0.6960539174746809,-0.8847851093947502,-0.11891423240712695,-1.0173496631103904,0.42491272224624005,-0.8177050548072385,0.695033102108391,0.755550670307794,-0.05400350838139612,-0.42538303177293635,0.008446680656421627
2800,5500,0.2859734647779706,-0.5815400508381146,-0.08821901157029541,-0.46122842292032756,-0.15798224341512201,-0.2519805773020832,-0.2727149005451588,-0.6385604211018827,1.4521435318718716,0.4308023376825035,-0.2172612636911178,-0.5061544027780632,0.744774723035024
2800,5600,-0.8070301846984459,1.4635868249844817,0.6873820822669886,-1.1534980036514602,0.03631704330520219,-0.059671253305359245,-0.6185365688377633,-0.4514713229160714,-0.14442053047399928,1.012952094064843,-0.42906609294427345,0.5644772193249277,0.5474507818994343
2800,5700,-1.0436616666266385,-0.43937200998449166,0.316972576028175,-0.9015814949961719,0.7519849461408762,0.5617343524872738,-0.7711843120319728,-0.5693335972736425,-0.359321369646436,0.7551767094306719,-0.4395621734552956,0.5111468736508066,-0.4611551068021869
2800,5800,-0.5406512534694305,-0.6100189561664185,0.7367579412295409,-1.0396497041418395,-0.22486065281259132,1.3840778529523472,-0.14215179387759538,1.0083905601647498,0.7271838402425329,0.3904773930881391,-0.7625509546132747,0.4091858474485537,-1.0237112316723496
2800,5900,-1.2555078043500534,0.41017674152716677,0.7720218634346443,-1.9078604036982068,-0.7379288184416175,1.6477473286979527,-0.230771898099342,-0.8263464399343025,0.6390456689598436,0.35795931415114257,-0.4566314666238648,0.5541794736420408,-0.9359108315626251
2800,6000,0.6263419199929005,0.6644336376071073,0.1982605758622352,-1.0775211178166901,0.8829568220278587,1.7032762263123433,0.49618758961089965,-0.5877169194377748,-0.7062257751612644,0.6883096330651647,0.036944244040745866,-0.8958497079972539,-0.2832403456539378
2800,6100,0.4682289338813832,-0.945005165472482,0.9030897443332541,-0.763833247326473,0.41325195838387424,0.9542476477900764,-0.06423506896715535,-0.5754798523298008,-0.919731110456696,-0.2874584098340518,-0.005241013707916334,-0.15278789232243253,-0.9348292557607804
2800,6200,-0.3225257228632847,-0.22260942969047925,0.046557988019028995,-1.0162233821842268,0.21630618250584438,1.1188367488296016,-0.14101133197507593,-0.7162636782038128,-0.8330463228903886,-0.8383701266718913,-0.7652628109449845,1.0006812774715987,-1.0101015234676634
2800,6300,-0.7309552044379805,-1.1891015320174603,-0.19059355377443654,-0.4176295608714875,-0.5049725428259532,0.2890152473563131,-1.3386212270227196,0.034898235855845894,-0.37137245940721003,-0.4957728581966353,-0.2871190109802663,1.0358987190674755,-0.5450422958931159
2800,6400,-0.7682968758753714,-1.2934519469282504,0.10319624695029984,-0.21254226536700072,-0.8719991967599242,1.3765101184948594,-0.48972543109465283,1.2103596767474938,-0.6339431789693567,1.0334985871753608,-0.5629042189606296,0.05649105096522482,-0.30163380795529865
2800,6500,-1.3868394744664985,-1.2095376083379927,-0.7407332655386973,-0.7820141521399877,-0.713498571755882,0.6253044828832258,-1.364557085180995,1.2362770726823527,-0.7512476129370286,-0.16570797388232406,-1.4864968697160679,0.47682676231941923,-0.20462716661535313
2800,6600,-0.9106656306453766,-1.1349111253531088,-1.0701842702323734,-0.8673704530090204,-0.6606147944763593,0.7231322221088102,-1.381214117853984,1.866701146759858,-0.2619442986553356,-0.45530503258143734,-1.194333575153926,0.5544476638629713,-0.27671328928452615
2800,6700,-1.238095365881399,-0.8460657155220748,-0.8842062017650016,-0.3268242630683928,-0.8567391636834956,0.2060724797541523,-0.263454031759691,0.7628619033021729,0.0231342554746981,0.8364151333812263,-0.4143434366039199,1.7066327233950693,-0.7893189270415361
2800,6800,-0.32644455320108423,-0.8122695095433249,-0.5417254912282534,0.7866202799665061,-1.037187407797283,-0.07378792988517037,-1.0506879600603778,0.39985632419524125,-0.19531909276700513,1.4741230624112773,-1.7348495340073873,-0.005994192008209028,-0.030408863568175605
2800,6900,-0.0061991231838277585,-0.3978299658341968,-0.9229521291849092,0.8750031314125363,-1.570488481672184,0.030012253462994465,0.015474868490645884,0.3629158711029594,0.9477499705991974,0.9949065683768193,-0.6060073972434643,-0.7284422085748598,-0.06666973922440374
2800,7000,-1.1477333052338716,0.1009934675391767,-0.5282861825205857,0.46206937860666014,-1.110945076859607,0.481927854825176,-1.446585088455769,-0.32187390556834505,-0.8804091271309502,0.19249722898706215,-1.1688040958333228,0.3476528900057424,-0.07988523063323819
2800,7100,-0.1811525103497781,0.8088205903774285,0.2696246640438688,0.5341920438149471,-0.8517434397486227,-0.04547618515646898,-0.3909518501953923,0.727049630674692,0.9750344835011835,0.49111176838757864,0.12183248077115691,-0.5351745994642928,-0.07511514628463878
2800,7200,0.9457566338693032,1.5341103110796803,-0.16500179906216753,0.18421158021831888,-0.45514167308130626,-0.5728737044584149,0.7661735293047508,-0.11602726650076343,0.6998820672982766,0.4693605252406657,1.2030010433616252,-1.2825168429974192,-0.20704001407164602
2800,7300,-0.4247789163703963,0.26617035605199096,0.056501386890486054,1.6702921232050802,-0.37017439282352765,0.05890649569040063,-0.4160259653120378,0.7714847377877452,0.5043797128385085,0.28783561732013885,-0.68049691604509,-1.024700056921867,-0.30996103226283256
2800,7400,-1.4530711695514154,-0.7474287699693041,-0.48296340941454763,1.8675386082388057,-0.5637429570043869,1.052293801074478,-0.9876960862163803,1.1561230513888976,0.4413385509250961,0.23754134356708925,-0.6354609490921826,-0.8135728925647516,-0.6232393877915898
2800,7500,-1.1237985072670955,-0.2879599293363534,-0.9729887370482402,0.8291647002542598,-0.9746353553514973,0.9147948305800281,-1.42821788717317,0.3431123653375484,-0.6451479279015884,-0.7591782070070693,-1.1783212323460162,-0.10336125240222165,-0.5250170738997746
2800,7600,-0.9789813088179584,0.335799829683917,-0.9405916881673978,0.23102585263721465,-0.21820147998111353,0.14679175484534077,-0.7540032734409682,-0.058064409282419314,0.46624116899374207,-0.7808750502154651,-1.050989047864817,0.4130497173316719,0.45440497792640366
2800,7700,-0.3909921101495353,-0.09788546356351278,-0.2738665240606289,1.109586624868086,-0.16497298567281246,-0.6771637727543102,-0.6641554951630056,-0.21214234209781016,0.7248255609499091,-0.4203087379110952,-0.7130198625742338,-0.11555819055309012,-0.525497292187833
2800,7800,-0.3585613334117385,-0.2815978999452396,-1.1943013798175481,0.37212894294163007,0.12057922911846133,0.18489314021143058,-0.60874998671005,0.663542487602822,0.052853945474983004,-0.2559529995038377,-0.6028094455179634,-0.2564946633998419,-0.2588600819178329
2800,7900,0.08806876611146723,0.3115294001945578,0.15098149612393544,-0.3802059201514634,-0.06211930274038298,0.013641253166041513,-0.23954945270144776,0.9301192871076078,0.4276088951870511,-0.5691967731577479,-0.5778198243543878,-1.0976700698337107,-1.0919694861182692
2800,8000,-0.05135444714755144,-0.12462369578688949,-0.7690059949147001,-0.7818009594951726,1.1303506972683404,0.9421162420083495,0.29174125039663096,0.4681274715839871,-1.1352160175774606,0.9135964185266608,-0.27549628321976294,-1.3649104287305844,-1.3309033733560391
2800,8100,0.6578875538306916,0.49045079915908774,0.6701658147951084,-1.2017366332735528,0.7565190890309879,-0.5485720404210381,-0.3907805235411969,-0.7194656697657713,-0.14626178022242767,-0.05666060095587953,0.7003965906108743,-0.693493517113065,-0.196380502261475
2800,8200,0.8725897765278685,1.098634551781632,1.1718273862100586,-0.7998081378190163,0.09795897511435638,-1.0633317218972207,0.9227857701898459,-1.0099033885105069,0.07660807692744802,0.1772891341105711,0.8159178404108767,-0.9891689843743081,-0.11290423475989078
2800,8300,1.4852008667688859,1.9913153857315464,1.406799626265718,-1.1143487072206164,1.1876665883149828,-1.189975360957865,1.1719663930996351,-0.5193517511313214,0.6266431986021128,0.6888854804046354,0.5073929160620566,-0.6098684378376555,1.159843458303553
2800,8400,1.7900445748389024,1.719409009309002,1.5468838171823034,-0.9802816103290714,1.6687394473404653,-0.7283580750670381,1.6326257526064056,-1.4939681961243954,0.6067502811578731,0.33142418660852785,1.6425079448490352,-1.4256745287013404,1.421054365633541
2800,8500,2.0988268062716235,2.0171339778722825,2.026255995012082,-1.3350467699730282,1.2701770946599824,-1.6292461570291068,1.5512513573895284,-1.4354097318918948,1.0964145698504184,0.890716315382585,1.600967318272392,-1.0583563653327157,1.486897087327901
2800,8600,1.489455010147147,1.469324706864785,1.3686930469918936,-1.3753250932456647,1.3439399027244052,-2.0085939005558426,1.3761262100979081,-1.7690633106914866,1.5876731719882098,1.2611967370778605,1.939124815459135,-1.550080302563194,1.8416293476178578
2800,8700,1.4448183547169617,2.377981542569268,1.5335429973903079,-1.6301277889727201,1.9721949916898598,-1.2841135940425386,1.5788126091275347,-0.8124713025104758,1.9499899730690864,2.0197426396372267,1.3596762287442687,-1.5225305054593845,2.1579465257496557
2800,8800,1.3025601582430446,1.7500199402213479,1.879159810254526,-1.1515331175670258,1.666525813023709,-0.6252755537466179,0.9912975823214923,-0.8078737105532157,1.6805141535799972,1.2600548908129916,1.881033261481933,-0.8591548022700468,2.138886695428307
2800,8900,2.0001926885650376,2.3837926746948366,1.5652215371161209,-2.3869017110420065,1.783055977905796,-1.0908044298516695,1.160317049971505,-1.7236200873319816,1.9072517145878711,1.3313575407648592,1.9962858377053132,-1.5266238942666874,1.5941403184476022
2800,9000,1.615706155336102,1.9642343307525831,2.0127091120834324,-1.9118602618884453,2.0843008896250477,-1.3745094068454724,1.6774244762856438,-1.7997539822056412,1.8295657375492942,1.3275636652051863,1.7710651943125635,-1.4316719262166169,1.1982821300845299
2800,9100,1.5691237086704533,1.4412771482069286,2.4436956267375365,-1.053210463139516,1.744880640586268,-2.0195172602407254,2.3293616837242794,-1.4350795382941055,1.4691266163161016,1.7407272759625243,1.581238745169272,-1.0167602155735942,1.9568181540171614
2800,9200,1.716977670598487,1.8876601768510946,1.7021468432416773,-1.6385227493464494,2.273469841688386,-1.5676117048501952,1.926258596679268,-1.8011268843310317,1.039518885864135,0.42778695251454013,1.7997592740954735,-1.1929826025072885,1.5337397511239939
2800,9300,1.6830659583459708,1.3247806877420958,2.073599132411432,-1.3252054426747426,1.3756818110063476,-1.921189470161728,1.326498622200113,-1.265120358764757,1.7052280711120056,1.349694181809588,1.215722312902226,-1.1355070507805332,1.3554364466118318
2800,9400,0.9318080675194785,1.5334962200700768,1.1762242362655395,-0.358860161524156,0.72596932803278,-1.619872294610707,1.5012405726148477,-1.7734411405566715,0.9106676864229845,1.1074254776955208,1.8150701667529214,-1.235679876269564,2.285879894854731
2800,9500,0.6051694546936752,1.1759844588043071,0.6136231849676581,-0.46873398870449556,0.7763417621811071,-1.2896099615448864,0.5471581312451811,-0.3488345704858827,1.6455481522142819,0.36385772538122896,0.863511565195016,-0.8539527063262097,2.073715508429928
2800,9600,0.11984793382443519,0.7346275553041803,0.7799275426469374,0.06408450474114025,-0.17666878735716726,0.12380885223787393,0.8206080422804894,0.17740216634495418,0.8078179061112001,-0.7334289118029779,-0.3478082383776214,-0.8569017605086224,0.3422716830725473
2800,9700,0.5401589002248822,-0.7309465408180703,0.6565361581635879,0.16403207378894943,0.1261702431100909,0.04662423743829574,0.08645423534485606,-0.028620799888176708,1.6913231529082398,-0.1384414455540123,-0.4488759345631256,0.3034162039608004,0.9373745252076918
2800,9800,0.6706296289866628,-0.2162150813416898,1.691849455000264,-0.3619599489670861,-0.15094542483737533,1.5901382363585141,1.086526391643462,0.12701899831774238,0.5440593214745193,-0.35261300169871723,0.879987130622262,-0.523645969774142,0.2235807419538354
2800,9900,0.08171498729966267,-0.35802631377668365,1.094727577561221,0.019608875731225526,-0.26599196778266737,0.9818663245520368,-0.11363853015219308,0.18590831037005853,0.481238329937177,-0.3321037734121447,0.22285916165415168,-0.7032580985420079,-0.3016092429025342
2900,0,-1.4370097110822782,-1.2580025665128953,-1.2860570111880323,1.1163831580813455,-0.9862521361085764,0.8935168892409693,-1.384294900307186,0.6744904943528859,0.20894584230039429,-0.6809672718226351,-1.72325033892461,0.32835688602660695,-0.7277671866443682
2900,100,-1.9340821842899905,-0.8165622941178812,-1.5110058713912038,2.012809096480653,-1.365632010063543,0.9899979290894603,-1.0196171865376893,1.606121357660697,-0.8476161719150899,-0.7832251131302893,-1.4677249212778127,0.5932197317657361,-1.2446203364078121
2900,200,-2.223047757089046,-1.5874685717265251,-1.082789179063321,1.0661231043530606,-1.5329093419417024,1.2155069033868722,-1.5688865942082568,1.4874079087797458,-1.0710387520572782,0.9667836725535673,-1.3366362107792307,0.2945643769037401,-1.3895313940001306
2900,300,-1.5208639345530883,-0.8831369703826878,-1.2946425725378,1.5102470827437853,-1.6773072324318377,1.3304569877402388,-1.5428945056212908,1.0411014593056225,-1.499284191132948,-0.34789306489036415,-1.2382060981100542,1.268621755372824,-1.1527140647941447
2900,400,-1.0628042610491595,-1.5953782289535074,-1.7094392283940452,0.7122581713559051,-1.3224337680697413,1.0535979682624188,-1.1363664065349006,0.1990584546209642,-1.2906823344864025,-0.181846412537531,-1.020534725674329,0.26675448145892733,-1.4275338144682232
2900,500,-0.7185187558256081,-0.8098580283045146,-1.1903731309134467,0.8427616085692338,-0.6576094672409045,1.9187672440365728,-0.7176688052343895,-0.23597164302703036,-0.8763605030257681,-0.10159891466911884,-0.3528024507402742,-0.6169254733346153,-0.5512809548378672
2900,600,-0.7981260068140855,-0.8948969033241625,0.008027172435183135,0.11880269245480889,-1.3874577489523094,1.548135893681077,-1.0086933653244408,0.33157595323179423,-1.8015187591365318,-0.7872507527971723,-1.1290404884783523,0.6750152351271335,-1.0894976618417773
2900,700,0.2682862631731653,-1.2269608764919087,-0.40778248090466906,0.9017217039919367,-1.065344147248422,1.6331036816546123,-1.201356124758803,-0.8182448494126376,-0.8770422622254448,-1.012953681239282,-0.041686788063698146,1.1744440990610643,-0.9459142876003701
2900,800,-0.49722516644110537,-0.5120466493484302,-0.8563810539344002,-0.8121563253055714,-0.7743137664333547,1.0780464238790128,-0.777855955712496,0.9243709094045137,-1.4574506157428297,1.171123893562917,-0.6969697184554139,1.7071999799601505,-1.3123484852841436
2900,900,-1.3444842127201422,-1.3224377824871916,-1.209477302985259,-0.057463275281936434,-1.0138176106952197,1.1931433177148338,-1.4893310435602376,1.7068698994191558,-1.1373977392169914,-1.1571476604591746,-0.518675217355839,1.3919123851862139,-0.9424130776829955
2900,1000,-0.4839830925782997,-0.6632468263124622,-1.0448073295545386,-0.18865910832894692,0.11282395277764828,0.02711531760010691,-1.0104595176591438,1.4218013951747064,-0.8161639085149691,-1.2986100127854636,-0.9416454120577517,1.936441145717635,-0.6604771392776361
2900,1100,-0.49606138818694023,-0.04759515626900749,-1.288448643432851,0.8207411732247122,-0.08327740485635335,1.3950475921391383,-1.39323928960114,1.2025696193180189,-0.7095756195365601,-1.1207381309629383,-1.00106199259584,1.586654544901637,-0.7921926135327662
2900,1200,-1.485839674211143,-0.9380034703539982,-0.5004085318863541,1.0268363691273816,-0.8932038953714608,0.8007532171545806,-1.0130259853205301,1.5745005099454834,-1.1171465488198067,-1.470222813351972,-1.4767814943959967,1.265425090632087,-0.909132126147974
2900,1300,-0.6692549753125152,-1.0329126701188347,-1.6378606392224169,0.23008986793607822,-1.480950763243286,2.1160507706644265,-1.30662272128861,0.6896352920560411,0.1027398479092755,-1.3597018639119571,-0.6929372248940734,1.8912891284015414,-1.1800527822860067
2900,1400,-0.8375655718470449,-1.2150262335898925,-1.1310897247629597,-0.04676569434171803,-1.9253587938760992,1.8934899997235108,-0.9102183612473409,0.8336774044554017,-1.1648791926511943,-1.3894599612665188,-1.4128423846921576,2.5106965525326133,-0.804065231560999
2900,1500,-1.204122314083352,-0.9862729310649778,-1.1638994319909386,0.7967328380013743,-1.734808003951206,2.4780662707757783,-1.840430279328524,1.8610699292507917,-1.4418565029828005,-1.4689377213715837,-0.8905354322263412,1.415882239310905,-1.4962694128061484
2900,1600,-1.168724747642039,-1.2147880057521667,-1.1762674837633036,1.8162484883958323,-1.8070154065283124,1.5367470908137413,-1.1639993125697277,1.5859896219208858,-1.4574640507604666,-1.1536543227817604,-1.23418016853903,1.2560359240876147,-1.436865738545795
2900,1700,-2.10071670752661,-1.8221655447504066,-1.283719793030703,1.6375786085044968,-1.0929770188674668,2.083624382954459,-0.9657091130478617,1.7453322598113532,-1.6433256679692116,-1.6521947119936955,-0.5846638405605833,0.6531982535750844,-1.2207544861634099
2900,1800,-0.822365049022945,-1.5531146406733534,-1.0411722107821786,0.9625241391563759,-1.769626997866255,1.7161341518856599,-1.0481796235490823,1.7223604251807274,-1.2207685780077557,-1.5078003540716851,-1.2999597712524287,0.3515389212487377,-1.8981755584015354
2900,1900,-1.620599784492282,-0.7491680579658864,-1.6593110142877285,1.2592768279369038,-0.4746830232825426,1.8280640790817517,-1.42816240719673,1.4606441874977842,-1.2295433094936368,-0.02176278135395638,-0.18379310987379746,0.81371315566309,-0.5503106155353511
2900,2000,-1.1689516265689264,-0.7592175098891846,-1.9379156148309251,0.3340332699983048,-1.4582173269160899,1.0621036272124327,-1.1305577922436463,1.0294994750592892,-1.4348147760898295,-0.6089395973211109,-0.8425496483717877,0.2933960029293121,-0.7964273587336219
2900,2100,-0.9331338386427113,-1.433303310656295,-1.556185262109067,0.5951601481530069,-0.9256296147142032,1.003258332126438,-0.6413195443833878,0.03511743207422264,-1.1722157012277583,0.052767165464219695,-1.1054369881703165,0.11377053950550543,-1.1449506670677976
2900,2200,-0.3405165950958467,-0.6842571366838975,-0.4685238918111532,0.1996339121304176,-0.5282315391806325,1.2203289244382423,-0.08598122651674814,0.6338568714444787,-0.6438925919168631,-1.3333460097427359,-0.9795539856610678,-0.7746027556594546,-0.6100040399098449
2900,2300,-0.11520627261567178,0.5498896900023716,-0.32924245335254626,0.19037454788265387,-0.794307217311483,0.6343760502936283,0.19335662151017183,0.1692021763210665,-0.7464720561043874,-0.21491409708366588,0.5916383383460994,-0.6876856196356174,-0.7667099377668807
2900,2400,0.897288124851116,1.4980093760784376,0.400931536062273,-0.9382809373504931,1.2920662873344302,0.3036746745838401,0.4668972183109274,0.1922518993865123,-0.9143379195724285,0.3940760440808008,0.3803850206726694,0.10825030736137348,0.3834661644486378
2900,2500,1.007556179874743,1.4182787536753911,0.08607580192311134,-0.654851409167917,0.9823086759051899,-1.0836826427643567,0.8342500975106703,-1.0912078426780092,-1.0409851781591404,0.029409272895051963,1.0759699883328133,0.13283730988251513,1.0739652622034856
2900,2600,1.3341863491673593,0.492799656674053,-0.3642142993936085,-0.7600366898137582,0.597880182417727,-0.8176636469169843,0.7526401275034437,-0.05232577416990524,-1.0813737505857104,0.6780047231390558,0.31044916123461974,-1.4764352946736523,-0.018093498040316763
2900,2700,-0.39118903029344343,0.8508246327850348,0.027265530492568923,-0.26938359297468983,0.17320151484946084,-0.3480423040105094,-0.5643430227362515,-0.9706246011780303,-0.06912398969099114,0.28461152140427387,-0.20872016010045363,-0.8794029547447724,-0.038916450120262604
2900,2800,0.012776118238247494,-0.12982899100050535,-0.29405362538504626,-0.3140771609639503,1.1032910904660491,-1.6212662518112764,-0.07891062684839102,-0.31651005421406975,0.7581801706208583,2.011453751761732,0.20934046310246418,-0.7253991391285944,0.7661838870975066
2900,2900,-0.16923957072410972,0.7849521675789483,0.4262429712963691,-0.6281107665650929,1.5042313020996307,-1.339025539818875,0.7826981253130117,-1.3958193531568546,1.135811837176919,1.3476837109939201,0.5639180912246995,-1.9058824855578618,1.3270589725541058
2900,3000,0.9572550368340135,1.1493170015668237,0.42917586141488606,-1.3231653258232448,0.6123136872292291,-0.5343704121959563,2.0319045023788975,-0.9381705898990748,1.5320711141670378,0.7418905326434627,1.5584520099745804,-1.2059423627236565,0.37546350369115294
2900,3100,0.955959648071613,0.45572121535661997,0.949731003552335,-1.7243147431490315,0.12931018895207894,-1.214678885396414,1.6708510509009395,-1.081468995115863,1.0339035304900648,0.9780855006261507,1.1752332957342722,-1.370239561114063,0.8233778459923325
2900,3200,1.1106843965020976,-0.33965735666379304,0.6117393699340318,-0.6177182132206758,0.4143861382771244,-1.0912512784361006,1.0322586153659636,-0.8353715455476387,0.3890614065778291,1.0929085713583198,0.5786981190103925,-1.2397328101689618,0.5887782461060176
2900,3300,1.0086140461009334,-0.5694036662798818,1.4418164128674338,-0.5324001005674279,1.1774030237334827,-0.8755369106962688,0.4897929455247014,-0.42306624974264506,0.7117108824416194,1.6530272970194733,0.025835934983398125,-1.043860808090673,1.0517594847937441
2900,3400,0.42136516803875596,0.20547503072233855,1.701114458566628,-0.8609691407222259,0.4991572712995388,-0.717370187209649,0.8307769363699076,-0.4046905606058312,0.8391560179405677,1.610538691474827,0.6047300190375168,-1.256567383799943,-0.1463812226895209
2900,3500,1.325892503940846,-1.085738310279533,1.126358099937322,-0.12036630751743727,0.4217084227666475,-0.9692455366675937,0.9677613326364631,-0.8742684080241415,0.25080630647014046,1.3255831119752606,-0.5939350322422235,-0.9509563817075164,-0.4121575198435205
2900,3600,0.3672524215282537,0.205957718287544,0.5553291252853233,0.7406802342030946,-0.2638551016617134,-0.5387194998232278,0.5816792733760634,-0.6763681683339106,0.23609968876097992,1.447878664909587,1.3028925805237013,-0.14510522800898074,-1.204234831692702
2900,3700,0.872944240347768,-0.2599046091180552,0.8578237204736624,0.5270090014164915,0.468949168837477,-1.21966185044347,0.6135139650348593,-0.3618602495815247,-0.2830236716235147,1.1800282212791173,1.0969123264494094,-0.6773362993965206,-0.14022745859627214
2900,3800,0.8627317224590264,-0.370397902084951,1.0495783449743168,0.16739922351356612,-0.3968908374519336,-0.5548934802787424,0.4694381542770253,-0.7503309551769497,0.3567383023656399,0.11813310983142561,0.16541148238166306,0.7464359383869694,-0.024880287364162583
2900,3900,0.6044116989839322,0.32564281488511904,0.8671241346761247,-0.5496995639429372,0.5540757252693973,-1.0974045638360455,0.3387336406284459,-0.9184511609814742,1.2531164994842723,0.04504519627589963,0.9794358971392142,-0.654755677798521,0.8152760519651021
2900,4000,1.5841011824357778,-0.3268265474088184,1.5406988208939032,-0.27455863446033,0.6844187977944871,-0.7957783302269349,1.6526699266402631,-1.7868901182732762,1.5724447661926544,-0.9906522824164558,1.105693056829267,-0.7691182179520114,-0.203408890504727
2900,4100,0.43461600637354825,1.1989729770924196,1.0851249060527146,-1.0242135090526379,0.9754819538673314,-1.5256749445373095,0.8666263985886938,-1.287022401395571,0.7686057315914153,1.054318104501159,1.4165153766853138,-1.6195635884366462,0.2889387856384573
2900,4200,0.8990063508804157,0.9942176605539287,1.7486661496743048,-0.5746604055769079,1.2378644229827969,-1.4372429503190376,1.0684252340467173,-1.5801924146437558,1.4396844119291747,0.6656033195295961,1.4622755320601246,-0.728029448277091,0.3651489143784888
2900,4300,0.3034344321567871,0.8372009707456292,1.32694254943691,-1.544156261559304,1.3463116802854111,-1.3143795644149916,0.731886401996872,-1.4905058794961368,1.4787507852458255,0.9179126523159492,1.1316108328393462,-0.6022418455569387,0.39970943314457374
2900,4400,0.989818984610217,1.4805877713410207,1.4283514545085398,-0.6336074303962026,0.8896560856280784,-1.2001634654332074,1.2571964103893434,-1.4310919786007832,1.6441561738551678,1.1759325260113314,1.2891377971827556,-1.1616805834973252,0.5841211943452957
2900,4500,1.4150685170350645,1.720777395205304,2.0164217602034697,-1.3202306043309069,1.7403287271202594,-1.004066711302764,1.2940711436137937,-1.1619803944652707,1.1762180349734712,0.9586229112042463,1.2545855457129813,-0.6960827923717188,1.2635476672433839
2900,4600,1.0361374025154493,1.2566001038141674,1.760354234842206,-1.2988417258258163,1.3669188650023711,-1.0190469231018686,0.8570381812656922,-1.5031275866890534,2.0524533749141325,1.1457641828577092,1.0246961565350623,-1.4854096217534496,1.6608220860293434
2900,4700,1.3579440980375104,1.3400732674988307,0.6938906932469534,-0.8221146390538345,1.6197216138857313,-0.9150070338714855,2.0741822011427256,-1.8031720793794868,1.1761217516946318,1.2481100872184627,1.2804292890998248,-0.8031554062819259,1.6436918081008167
2900,4800,1.5808520978396732,0.9389264930864021,0.8357723919005462,-0.5748660463594434,1.0753663800297566,-1.1746807088087712,1.487811704960927,-0.7032375520596553,0.930780617568391,1.787431420791453,1.607317527450443,-0.7395622360829005,0.6950740443367004
2900,4900,1.3963621948503053,0.663009908576779,-0.3129113006543491,-0.6108856130619261,1.0230197965543364,-1.194609726334987,1.2972265963486296,-1.0532948770792776,-0.5363660998242283,1.836372527561826,1.294505824670015,-1.0548395410171538,0.2594561636628644
2900,5000,0.8669197998129263,0.48461087248295137,0.606404674654572,-1.3125098568610922,0.20466875275654012,-0.8952505585716066,1.0430739611155178,-1.3190175285981351,0.26841749542247884,1.8252503128853814,1.174271496078849,-1.0486706968509827,0.8482621375972856
2900,5100,1.2242022006259268,0.9182731126040686,0.6147413030573011,-0.3453997181110242,1.2941228736997716,-0.8917077375306305,0.3804946594914676,-1.0008054268581448,0.6219989075630921,1.606631068001901,0.96485616777899,-0.7276821655115834,0.5706284555107661
2900,5200,0.691451356443428,-0.28032318478361706,0.4128624991484677,-0.15143923345921118,0.26087457199396985,-0.03672352717844633,0.3763855666103389,-0.7620871192041826,0.19434113508702452,1.0921861065423886,0.2965795367399457,-0.37651326567421034,0.022443752953575084
2900,5300,0.7744918004878061,-0.5840445604613419,0.5098174600818955,-0.36225582090023417,-0.11752148919575763,-0.5620110878329349,0.5689847513476759,0.045243634929599014,0.11906469730403413,0.9001069032293996,0.19614619682676412,-1.2642615919736502,0.1924020281181637
2900,5400,-0.043064004247882835,-0.6297904522653278,1.0435534507553865,-0.6334567379984454,0.018751165125774256,-0.5109851072149307,-0.22623587445023383,-0.3750022386741452,0.10848067174523397,0.7661397617884413,-0.2511057102886968,-0.530496483957482,0.07554037780837976
2900,5500,-0.26919924325381667,0.25460778661753536,0.15658900612363766,-0.25024161649494187,0.2079082350767225,0.24420949671305026,-0.017933953036018847,-0.2511016560741515,1.2064117040330045,0.33075909903328055,-0.3770168000432062,-0.2887999206623783,-0.40871377321771213
2900,5600,0.7317096001796691,0.7394548645305058,0.6490582322368136,-0.6282397981837501,0.03990770533277582,-0.42894542042820055,-0.17784155990529354,-1.2896555108504486,-0.1268124536600922,0.47862381068351884,-0.2211691207887347,0.7908769460420747,-0.3773634934741116
2900,5700,-0.40940732074894204,0.02780833572446891,0.848113805965735,-0.8960320464758426,0.5628542928894982,0.49287500508012505,-0.4388727545961979,-0.8195376533919286,-0.40457682388396515,0.4901722852732185,-0.3550088055279383,0.7223451308075798,-0.44031481045640725
2900,5800,-0.7081197188310265,0.4787238220957164,1.12401961573522,-1.4197753092008965,0.01740511079686802,0.6455681525385666,0.14238401735839568,0.06913638751756959,0.6501761761023236,0.8252595596269734,0.18938498170185125,0.6977763309383117,-0.5331745306651271
2900,5900,-0.39911768758606986,0.37967182278920253,1.5769728890576253,-1.2215822812363155,-0.14344022492904268,1.1020948616481816,0.10859172693785654,0.2434067650718891,0.21259367938981188,1.2485490169160045,-0.6072049469525062,0.4043053647381783,-0.7001016165436986
2900,6000,0.35027381874859376,0.5403930470401931,0.4482904239961937,-1.4583452626581204,0.3833303909500069,0.5272863947873014,0.058682993083384,-0.422425514841738,-1.0958828824930982,0.6034385422782567,0.310354324208432,-0.3538614925412805,0.010450831416234393
2900,6100,-0.24775421009132745,-0.2293334478042897,0.004606593584289203,-0.15084331879356497,-0.2530996231244032,0.9805081686253863,0.45589459770335283,-0.0784830787385012,-0.4753896049485984,-0.3158271606373948,-0.1819164748274476,0.2532216607568583,-0.5707297533824872
2900,6200,-0.11128381957792317,-0.32523378602032926,0.504315087161438,-0.5956726343211036,-0.29116700213906016,1.5338722914079477,-0.42402166841880456,0.44468436448972426,-0.26590494602593046,-0.7666897128867239,-0.7199629391468514,1.0111908981011233,-0.8660604230945755
2900,6300,-1.034704289584356,-0.8515858463472443,-0.6193623119831738,-0.2029251007091279,-0.6044937456092817,1.1719126806295992,-1.4348855669535412,1.0784144984264266,-1.0788277802904718,-0.07931984513250616,-0.8732126287944567,1.2294059179716086,-0.8257851542619422
2900,6400,-1.3484673943739371,-0.7107454698858922,0.41155632839363276,0.0856279035423647,-1.0286758280830695,0.8277148860738117,-1.6574056832404493,1.258460930300565,-0.1672595019287539,1.214079135529791,-0.968696289568011,0.22053542421448682,-0.8004526579964939
2900,6500,-1.506091318179066,-0.990357700083217,-1.0504966810346101,-0.31954393622611194,-1.2066264511120672,0.481207604938601,-1.0880119763754033,1.633433644297665,-0.6995140616768389,0.517030613078233,-1.42114691957837,-0.3554157795766418,-1.023619725261464
2900,6600,-1.1536235134436268,-0.7017531082873468,-1.113595322810407,-0.418195685036121,-1.4950215567080416,0.7583511278493521,-1.5530440422771443,1.0002502423290764,-0.7937267829277719,1.176524509052294,-1.3430238406344763,0.36507127037859566,-0.46927390901392046
2900,6700,-0.9247820281265636,-1.504226333303836,-0.8309403072828626,0.24683179576989606,-1.159599975251395,0.5887948689236145,-0.9299283861295111,1.74862625477692,0.5196324258018689,0.7433432816266574,-0.900308414117082,0.5496055483015059,-0.002896995998277909
2900,6800,-0.9404937542230816,-0.9125549621530866,-0.30590169515891463,1.49769089386942,-1.2905401614446828,0.9731502894877565,-0.5561716532746209,0.4245503383833116,0.7200769374460985,0.9130096019810722,-1.0648329508455787,-0.3842865477378767,-0.3182068163043836
2900,6900,-0.5832268974338336,-0.9523790238625635,-0.6088015072145857,0.6949245198677002,-1.3336630565998455,-0.8266840769952727,-0.47097856928228626,0.09899179177212082,0.14293501820924875,0.40910547275737585,-0.7100074001696305,-0.12583054091053683,-0.5831069316639645
2900,7000,-1.0691245078515932,-0.33834533945327433,-0.643654105903816,0.11763711795307967,-0.9181361098047877,-0.07161779054185229,-1.0705605791365866,-0.37186089599417227,1.306606454408289,-0.06210337965992386,-0.890365314818113,-0.5862545258619691,-0.1261663539213578
2900,7100,-0.7197292293564949,1.112205686671404,-0.23092879404903582,0.5932270398178896,-0.9255368136629403,-0.029047512020037754,-0.2352466337419083,-0.436498531104985,0.4423388884149099,0.8236923056858599,0.1617990378980596,-1.32510689738774,0.3086337733857301
2900,7200,0.29434111880884206,1.6822695268291477,-0.07440510412439703,0.8309295579218876,-0.49459639531432303,-0.15020567616991218,0.6681585976692235,-0.03340959240060986,1.2397135973041715,0.32969725133007094,-0.015223689372815045,-1.2392752609856752,0.12448266945512544
2900,7300,0.19520072112445636,-0.3239619335529655,-0.21209601285977686,0.8135881516587951,-0.5266252113815926,0.802822409217826,-0.11068171565466363,0.4538668525955406,1.0920929502739127,0.4931004625559611,0.09352626672721322,-0.9855732187602182,-0.42199398655891834
2900,7400,-1.398686517610379,-1.0544765260417033,0.3041380654843729,1.6369734299505416,-1.2796840478082743,0.9995642829008021,-0.9339781077583772,1.2527413269204417,0.41031241901984644,-0.4434697569388569,-0.8084368845445601,0.7777933519000566,-0.387875493689268
2900,7500,-1.4249107519272406,-0.07861900981943062,-1.2948397718876867,1.2718868220626387,-0.5119284470590884,-0.15558619679697105,-1.361191668246341,1.4540687506765417,-0.640797887027033,-0.9258873402798156,-1.1317614479648332,0.016240016247166582,-0.8246969147316198
2900,7600,-0.9792906899436541,0.5211109538015855,-1.1682533616722246,0.28946969139925965,-0.801278261173337,0.11403045627931865,-1.0379687614412545,0.5129972456335787,-0.012479460948783161,-1.1011456740067684,-1.317264580591533,-0.6487804020984959,0.12254757520712267
2900,7700,-0.7764033304186143,0.23156036109033082,-1.188295911698891,1.3936527859296026,0.4130740674302552,-0.7327103388044293,-0.5402448104373283,0.02252820982485219,-1.200751833566923,-1.2757869003007687,-0.871270601736781,-0.7724767404488827,-0.26601118375211763
2900,7800,-0.7040616072096371,-0.1798868732031131,-1.6738008993603486,1.0673371353476504,-0.42266593418490134,0.24387920496611,-1.127748711732977,-0.2272927361448787,0.11927568971612608,-0.34294198041109697,-1.209707706047111,-0.02488677535434444,-0.8735180309896861
2900,7900,-1.4909715294131114,0.3152123639953288,0.6070118938419445,0.24231593499379375,0.17287774266334743,-0.14019460336266826,-1.3160824494324688,0.5202137580620695,0.5029702675090505,-0.7340219035646456,-0.8794953042064884,-0.728014162966757,-0.4521355165133957
2900,8000,0.280100695604293,0.7293666772444677,0.38791493777903213,-0.5802813437429072,-0.033306015031905514,0.5938877737859278,-0.30171824522979906,-0.7508853197075909,-0.13276687102829512,0.2823404968055595,-0.4113830988700411,-1.703917254347506,0.33385953389328593
2900,8100,0.08461289381196085,0.32811474962651427,1.22509353604306,-0.5211653879577682,0.34714305618261077,-0.157196401810932,0.12934961753296584,0.15744501641672998,-0.4926792518555946,0.5267063835339937,0.11455511343832132,-0.9418515868843169,-1.6300780510203843
2900,8200,0.43305713519407735,1.1001363021764201,1.5352130193255475,-0.45560414237555813,0.363246951001458,-1.2481429661852272,0.9593961565094823,-1.0599587296339725,-0.6217346543940122,0.4068279634619175,0.5500362296838733,-0.6356764190917746,0.2624361796749455
2900,8300,1.4490476097086482,1.7396679768026295,1.6925553242301916,-0.6833636036893651,0.8368093754114633,-0.7835578664461931,0.8088255594211535,-1.4782988503392311,0.8156871888548851,0.21535064047920785,1.059056519570574,-2.1494273814702876,1.2618136231401995
2900,8400,1.417838447694851,1.7225098906295209,1.0553144302694688,-0.9444275748475269,1.58846457560191,-1.453502782428816,1.273577332141801,-1.1420169305249797,0.1331282879494366,0.0887508022609552,1.3515153321197926,-0.9450984012016185,0.9388276409040478
2900,8500,0.8813776092327417,1.6830378046371353,1.7155754310837485,-1.5881130000787724,1.7334644768414382,-1.5071280985292472,1.3892689014204145,-1.3683111585765635,1.5416057934111067,1.4350373336993867,1.1274107646125768,-1.0044573479251082,2.00042622835037
2900,8600,0.9142914890484984,1.6796614873677844,2.039558446137548,-1.6461322237746643,1.2795931738250286,-1.5165972738359892,2.3123452400731503,-1.396283405919769,0.49484548802179396,1.0311124201056783,2.294413085733898,-1.4918415491334074,1.8084942147368608
2900,8700,1.1468004429912713,1.542778003510286,2.0177019034282773,-1.294802798613665,2.1175226048890714,-1.7298116428088979,1.5207651909863937,-1.8090302549079196,1.1961917082142088,1.7266367781476855,1.6010810487120892,-1.2716298530423362,1.8300206753366133
2900,8800,1.0709836114719016,1.8724962233921447,1.8013558059532397,-1.5245622805110242,2.2079852770506,-1.7949476252020995,1.443931422186273,-1.7073852141198889,1.987119237743217,1.907569881013248,2.4750567366965943,-1.2501826966130944,1.9767279798568544
2900,8900,1.7575759033019909,1.7678841987141902,2.0609476763565917,-2.19668723086209,2.6424712167886018,-1.3446480230242184,1.1874694586905743,-1.0278465123429015,1.618219065440351,1.2274470805956779,1.511894571461443,-1.6921705377145695,0.9957275539122553
2900,9000,1.6745046309123375,1.9738138626670563,2.176113174195589,-1.788295956456839,1.2533243122882212,-1.3757599355562755,1.9581563312056376,-1.566450203990242,1.2060115428855909,1.1553043025588192,1.6074029052021253,-1.5616883057941733,1.3218414257407738
2900,9100,1.8377343515522973,2.0503016652085324,1.505774505247561,-1.049407178225926,1.659367758248651,-1.6589081220841784,1.4384211141982135,-1.0471850209604967,1.6026974270591863,2.0204556148959854,1.610787509203328,-1.512668543333117,1.5280320297191148
2900,9200,1.9394395013937293,2.085663388694392,0.9510531617997621,-0.895014277922159,1.6066948195873354,-1.1286981655515584,1.6119897011662294,-1.5496360221384036,0.5838436561873388,0.6965444399521638,2.1282655589920836,-1.5082824834728894,1.646902736016651
2900,9300,2.3024652796098515,1.0767319946669962,1.273904725362995,-0.7093915416762344,1.5771087309911018,-1.1883873321492167,1.0759381253214308,-1.232122801140759,1.8214578675302247,0.10694406531292726,1.7650304689027547,-1.3434869129599454,1.5788834462095616
2900,9400,1.4854073698424988,1.0669530949324557,1.4680417100841214,-1.1351913813353387,1.4066831225639125,-1.7663607517875293,1.9612286070836025,-1.5637873342606732,1.5038467149928874,0.711631646500428,1.364724638284086,-1.0328147349708445,1.8288428882558827
2900,9500,0.9688992727789627,1.5699808415480672,0.629760173649632,-0.6552061380465813,0.8736999899443973,-1.4223385747684527,0.9295234154745567,-0.7104123032617194,0.2275957292615657,0.4049948325879222,1.5039582727193272,-0.4847793567825316,1.360250876069071
2900,9600,1.0932426807747404,0.567604309137393,0.5015587472708498,0.17973772133507693,-0.5739267084045242,-0.22349066720414565,0.05206417516892969,-0.37459956196398686,0.8259452247028556,-0.10956994467499724,1.0123078566583832,-1.039448203154533,0.8669559691959684
2900,9700,1.2561419030738605,-0.6327368289304977,1.032164939656112,-0.773366476748919,0.2630586424233108,0.8399377572420291,0.615439403248369,0.7043348486019372,1.6365420092352116,-1.134526283319351,0.9672908812253345,-0.5304780710560306,1.4427363128955228
2900,9800,0.774508215552555,-0.31730982144513703,1.480898908546037,-0.5016208984832287,0.7385641429258657,1.9269886226353365,0.24824831765967237,-0.29239814075841486,1.1189955903101716,-1.9042791749308443,0.4993759178340626,-1.5429227138664983,0.933149386359923
2900,9900,0.771261100602279,0.16837990401059844,0.8986803321111179,0.34506606615965785,-0.2169313552706518,1.2292405318232824,-0.46072494964677524,0.37329959277547725,0.20472277331543953,-0.8134552214087731,-0.13493033713852823,-0.7385612161149142,-0.6398774008231808
3000,0,-1.4680937686535815,-1.1101599425526432,-1.1836554688744534,1.6426731330062074,-1.1696380850715018,0.5023817915111396,-1.5446877487471191,1.2253836386662955,-0.2396246173952114,-0.8392047770579896,-0.8352167874328021,-0.11665291145212456,-1.1226307405600073
3000,100,-2.0968220353654643,-1.8640431977894945,-1.162823616415351,1.7807867775529194,-1.0821155297164458,1.0796251410030135,-1.2740794742727966,0.7688264721266846,-1.1530152424733526,-0.7258611644987117,-1.4377212367671341,0.2386227776633783,-1.153141830392728
3000,200,-1.1880717173006934,-1.2553584498901054,-1.0103477388815936,1.3810873396647354,-1.1171318071901675,1.2530156565381443,-1.226371578764846,1.7924072272904348,-1.389771959134671,0.5790021722737743,-0.9726920043559075,0.5848901537432093,-1.2679529055529057
3000,300,-1.4583801776010972,-1.112081223154637,-1.5719293665043585,1.8148549196107104,-1.4316822520457209,1.7936475442448816,-0.7826347372433978,1.5599125655965682,-1.140599398782835,0.005483558425834329,-1.4217766187348602,0.16460021432954086,-1.6335674923819514
3000,400,-0.9892657562024698,-0.9634407444294579,-1.2335195247890425,1.4397639094878845,-1.5112353314354237,1.8246464843799604,-0.8576886208861624,0.6965799330637825,-0.9992014593563099,0.23707289316916588,-1.140631593210967,0.6857687917265968,-0.8779681462823783
3000,500,-1.0702503612928125,-1.0567912902272583,0.3775541864092916,0.5529106277048184,-1.0734393090636245,1.0793121346587053,-1.2055518503622176,0.6242985908827398,-0.9300067367627749,0.004370174565288733,-0.9185485396683319,-0.0450323253122311,-0.6528295931881941
3000,600,0.25612882444964785,-0.6499661186413253,-0.1489371062203289,0.45871414396757343,-1.473060746896373,1.0516966991425072,-0.45658248573955373,1.2136428235644536,-1.1572379419505856,-0.5026368974809605,-0.6673539493205769,0.941922574743402,-0.8785042626789599
3000,700,-0.4898663928927256,-1.0072016204684395,0.038291244507234895,0.27448075888191253,-1.141713944394528,0.5418877171681814,-0.5770530746845131,0.3564426847308528,-0.6871407717032832,0.16032300176474992,-0.7812018720538805,0.5955118045336077,-1.1360658451749752
3000,800,-0.530597533657398,0.0029371835756420617,-0.24188008671835173,-0.5795768267178257,-0.6760074263583957,1.8686454317499843,-1.4862020191622134,1.1759728971437944,-0.5185382093378559,0.5022174809354039,-1.2761239050014777,1.0489812732779122,-1.152834191214452
3000,900,-1.2403539432020683,-0.2577160885077806,-0.6224492151229579,-0.7969930241858322,-0.5097413743370003,1.5631852871384395,-0.8467998870440385,0.7278658599217835,-0.950953571827472,-1.5966971666441097,-0.8094469728983783,1.0883980708498173,-0.7852406414310293
3000,1000,-0.8989259130877805,0.3267206358369346,-1.0508309636904498,0.008570157391768213,0.2633979434158288,0.902424004757486,-0.33779163441244014,2.0498613384982143,-0.8115177962080888,-1.1974686491157522,-1.413966468116455,1.003484115483911,-0.8130802889697992
3000,1100,-0.694145750243116,-0.9206128978169418,-1.5140054792047617,-0.12719190720718934,-0.26808285604100474,1.440198020161805,-1.228883267925123,1.8107692110115694,-0.3791416872045558,-1.428703082317004,-0.9480969757292557,1.6516962867080136,-0.604760624873029
3000,1200,-1.3957635975771354,-1.307565576796726,-1.3004603684791807,-0.16087835488910926,-1.1782352777586707,2.0099073236171403,-1.175263873445001,0.9418133904849709,-0.4788911193452641,-1.2520463357759286,-1.608613574808282,1.832853600944648,-1.1060065597954392
3000,1300,-1.1423260421221135,-0.7477835889999918,-1.62064652352514,0.19263154855377124,-1.4141104630104782,1.9034958217804832,-1.1542455271624323,1.2256036542363231,-0.3561426149023137,-0.7496862815596855,-1.3198392533970689,1.5494543521692457,-0.7552422059566006
3000,1400,-0.6531972391542253,-1.5177029937685533,-1.070134278973011,1.3890437923122763,-1.240134968535263,1.1440916994732833,-1.031218995018932,0.6651710626348764,-1.3216693958345647,-0.9107613837328278,-0.46763639335162677,0.9805028292351663,-0.9457386835698569
3000,1500,-1.0352505298385326,-1.409794925703199,-0.8260715395289138,0.81483970093882,-1.173082118506759,2.116553924393306,-1.2404011855617345,1.2423899322412675,-0.945856477485073,-0.9558210159679643,-1.2707753309866896,1.8953133348083073,-1.3780809384637915
3000,1600,-1.3467359388285356,-1.083593364341469,-1.5618373333999678,1.0764961582473376,-1.220140178481703,2.1281780990061856,-1.637934548569181,1.7602933022733784,-1.3222263581772582,-0.9008117299410943,-1.5683736155785613,1.0311599110224097,-1.2975821927942721
3000,1700,-1.7828622203967182,-1.6205281364239201,-0.6954882955941734,1.1331694404026347,-0.6812876437619078,2.4332745757782255,-1.4223389462090834,2.561272896559907,-1.7063684788009161,-1.3399650735417354,-1.2071372285521809,0.6492412462701799,-1.2201856190564164
3000,1800,-1.5249928256843985,-1.0103434042949597,-1.5802788832765633,1.6215996491483817,-1.594563795779791,2.367978053334542,-0.5432970377664528,1.0339001518199378,-1.2828711531407635,-1.5059227381098117,-1.1372111381906476,0.9502262905852816,-0.868488526896115
3000,1900,-0.8480212352506361,-1.0463788493572734,-0.5636969798575059,1.9799272940387282,-1.2129456703544423,2.233429571367444,-0.8995923505030282,1.9672511526676448,-1.796543573840602,-0.6326948656365853,-1.0838245634799422,0.22302352753954308,-1.379998770558059
3000,2000,-1.4263220457069283,-0.8767520583881088,-1.6963338956068617,0.49368232623759967,-1.9347159944745913,1.7594240536259085,-1.3841784340188124,1.0456355740254633,-0.978607160655441,-0.8495518012237173,-1.3135316217815765,0.15805344004694669,-1.1242259141703814
3000,2100,-0.6490594867427107,-1.4803623072966186,-1.4248183195208,0.5960690689977198,-1.0872427427675477,0.8376969781554957,-0.4157541167654291,0.331201752080421,-1.3250406344010413,-0.596635641571387,-0.8411507926669892,0.44787029443941556,-1.0558835061458156
3000,2200,-1.2190163761102106,-0.49307438825022326,-0.7777250542378736,-0.13192179612121258,-0.9133269699915955,1.7091047961375994,-0.5872976543604077,0.6183436638705496,-1.457055733615869,-0.3405435379359871,-1.082491203932885,-0.20101759532612437,-1.1533686134611991
3000,2300,-0.6549351587159684,-0.8991811454648424,-0.5165210687184224,-0.7428921582237743,-0.7708174438474537,0.49121816089227516,-0.2577137984291094,-0.5989920361255135,-1.2531834527924752,-0.8341306939077286,-0.45898942757622513,-0.6386320174214294,-0.9961476853595763
3000,2400,0.9332835913930525,0.7575857949777712,-0.28452548109152315,-0.6054884068245412,0.2622141573049079,-0.4768687131494638,0.8287074768522046,-0.5738921395697956,-1.4751485043668178,0.27107924541848477,0.29273660642875543,-0.25043238439939036,0.24243184540774884
3000,2500,0.5031012928307818,1.4716035236636336,0.4635733761898294,-0.23684292299579396,1.0078567440066757,-2.1544779701689905,1.2385252731214191,-1.1364909538483599,-0.5122261461344593,0.5045292685092595,0.47101723750262725,0.24999106858358014,0.5528796064088186
3000,2600,0.5089026565755901,1.192212109572465,-0.7917552473166866,-0.33263261120804916,-0.6401515124421514,-1.253559167536112,1.05030551481653,-0.681582485680825,-0.9717135725309827,0.6183678408112363,0.3326282456587441,-0.5485452526605226,0.6542213834976762
3000,2700,0.1303063091523012,1.2204349228074407,-0.8393576741093914,-0.4678756197263164,-0.24988684830676924,-0.257984818725976,-0.8097333516468366,0.014821629190017177,0.1182661370948597,0.9803429675694271,-0.11555512030764888,-0.8800048005394892,-0.18079523509448114
3000,2800,0.35520180427909925,0.6072710015711275,0.18796060545874274,-0.9344269528276908,-0.2554397484522473,-0.9299980279806818,0.9762167243448184,-0.2529605717167825,0.30803528695943666,1.6435925504142412,1.130933577028807,-0.8663582643686033,-0.26742552475573494
3000,2900,1.1247998671052202,1.6064267716054772,0.4740581147977582,-0.8889073242261741,0.8244689470720242,-1.0612537175551173,1.0573528843627436,0.02872661955542464,0.27482830120324553,1.346806768835648,1.3540668965046816,-1.535291791065338,1.072355094635724
3000,3000,1.1605029929448032,1.193218821612237,1.7820279677498767,-1.682805097990383,1.275270607359308,-0.4927628810399208,1.6036194928741025,-0.6684461858551928,0.715459894333092,0.9882127687738183,1.633083396981685,-1.139313815942594,0.7662705353125956
3000,3100,1.2357853078020467,1.1919573001030908,0.3689143923734218,-0.7432209691850657,0.10506658426575646,-0.7576063874426497,0.8105748688544447,-0.5935405848050799,0.6371393587544045,1.0613344195663774,0.5982061837272492,-1.1561792517595615,0.30851231776250526
3000,3200,0.9542675879241576,0.4354830094494551,0.3752915191846639,-0.4862010623704319,0.2914485223637272,-1.1172750508365945,1.0143924828950874,-0.8395148293334511,1.4621024627427763,1.6663164607697116,1.1803131488601957,-1.6220374426316222,0.9586441862368926
3000,3300,1.8160205651564314,-0.35080798414899983,1.6553672545328766,-0.1478586799228432,0.6044760718269988,-0.7864272720332,0.8994134436166488,-0.46249234561934244,1.6012878181552652,1.4608817168969708,1.0593177430995033,-1.5046880235717328,0.7507431719799764
3000,3400,1.2308426219357003,0.8452071372901998,1.7597263931707194,-0.23380508720825394,0.6233253663358452,-1.0936819096471495,1.6707796236857386,-0.8628653071679967,0.876711437899027,1.256934859915871,1.5309944673634586,-1.6071571592590075,-0.20663566202236555
3000,3500,1.3181768622246426,0.34030984658460617,0.5095112166764633,-0.15939902730801914,0.12313053056231825,-0.8726645492107449,1.426221243497768,-0.6093996349029721,0.2760051946569254,1.8010406253309152,0.9526968726385211,-1.023963518108613,-0.7266639800751941
3000,3600,0.8544792604669882,0.46049024164268565,0.9993241858681439,0.2891248110043423,-0.2167313520035532,-0.212570092748954,0.35323410164054925,-0.38924677533215896,-0.1363053701599505,1.7192330739571478,0.22152931905799778,-1.0764378893414543,-0.11731797063042684
3000,3700,0.6997399213131785,-0.22440272518885762,1.423659997039663,0.21967372754983272,0.10017608792544493,-0.9552549559145164,1.2374927069723938,-0.43220685701851297,0.21959964890696737,1.2011467358277241,0.5382025639363599,-0.8273794479969729,-0.6068462786735699
3000,3800,0.8365704958527712,-0.4361485712303523,0.6826305446206501,0.7274923184950292,-0.10102176073176793,-0.8177811558323328,0.47411618556073476,-0.1450722050459684,0.6085711304806866,1.1347036729848994,0.5270183123839425,0.021317286985545983,-0.06597568683484396
3000,3900,1.3007157766743134,1.2973022738074549,1.2853832774116147,0.103849432383054,0.9061498909937898,-1.0577109204373192,0.6838348237695854,-0.051543471574528335,1.4767546183294595,0.05734000926392064,1.4645028082757137,-0.4046728114202685,-0.22927098863188067
3000,4000,1.331028380712242,0.19406121596980838,1.449390009902403,-0.8007365054816115,1.3300368975807701,-0.5060112263900084,1.2817192891872085,-0.8574028633811395,1.3569255034524161,0.1170992074837407,1.1640197106517853,-0.593620218350338,-0.6260836340923341
3000,4100,0.6513473690609869,1.2259090356366864,2.0212836000103644,0.05598771947792147,0.608686402797585,-1.3582208580143464,0.6892827121002486,-1.24772436400502,0.6788764005359683,0.4377176096372068,1.6083541868853761,-0.9408068172670301,0.88973149761531
3000,4200,0.9193493307646393,1.4454097015936689,1.7424460033725484,-0.9052613960704481,1.4365876482199744,-1.167911702753585,1.1879708854767324,-1.0994130274676077,1.3962630791301018,1.3112893653458926,1.0302622783296584,-0.5606778882735757,0.4396991413398849
3000,4300,0.9734474402773494,1.787376191196418,1.8499987091197403,-1.4720094261115408,1.1784581373576302,-1.4863689498418118,0.877259956130567,-0.7183251462000579,1.9831748900082362,1.283838700375727,1.6066321631737106,-0.7487543929821838,0.7684264234487221
3000,4400,1.2347724578105375,1.9212670972252102,1.980934431935653,-0.9093853426585615,1.7570048958567122,-1.0134895363475123,1.113478640465688,-1.7074764977212409,1.4367650050278908,1.2756595762041,1.7184549430453824,-0.7458624690376765,0.8083837108868492
3000,4500,1.459284522547618,0.8007574130433701,1.6649505407717284,-1.1958051848610525,1.7854986222037952,-1.4294302048699865,0.5473219198796446,-0.955510201430458,1.2287963652760185,1.0304853132035505,1.081553137119493,-1.3581269083082486,0.4886355283313169
3000,4600,1.3576957136978858,0.23154147117460952,1.4964038884222488,-0.023723309753990444,1.299323035822017,-1.2338334291663664,1.6963570643775694,-0.8883724281036967,1.769002392880165,1.7068094041412591,1.5936628353468627,-1.1504166919198504,1.5367314317440197
3000,4700,1.8188591027890353,1.106858406942751,-0.21015476739807812,-0.4936163848887088,2.2230659153271874,-1.5110727143793725,1.6765954144796917,-0.9516679481360344,0.9554137020328425,1.2628692565277735,1.4592777623534774,-1.1479924220048852,0.8567965365882259
3000,4800,0.5616896285307148,0.7499486775099852,0.729005901868573,-0.8023060464749373,1.3072794589692085,-0.6617427457643822,1.0696714897793065,-1.0037346388131976,0.16943802803406938,1.4785764708952778,1.3792727616517737,-1.0977189646967163,1.26976293591345
3000,4900,1.4023520566509926,0.4918801136198673,-0.2240757796008741,-0.3202879480718987,1.1183035805743624,-1.4950546581744684,1.4932995852740996,-1.0309884834516445,-0.443428746450654,1.7096350104402351,1.1298475959111596,-1.1385447357219598,0.44653041638212
3000,5000,0.7641750374386476,1.3083305026416303,-0.38689062001899643,-1.2428668118431347,0.39189837295697677,-1.28017460416073,1.1191392323664109,-0.5012413639289476,-0.5536250123701767,1.6147822650476276,0.42861931944384624,-0.9243616848615969,0.26163513808520633
3000,5100,1.2247086391911526,1.1584403671720245,-0.03288390808931018,0.2452772263508382,1.0814698019114852,-1.4340962808495148,1.2526501205666993,-0.6915187405541613,0.6825084441194333,1.4131887037779747,0.437787043694858,-0.7343782213087455,0.058768420491011254
3000,5200,0.3147055475644434,0.519986441173898,-0.09620980536176792,-0.5294384993952977,0.9101228491045038,-0.911635647812537,0.14478984714617743,-0.8463228637795398,-0.04581728629273735,-0.1078900258812828,0.6058886668341983,-0.9002017294621265,-0.15035117875910695
3000,5300,-0.12437053579653191,-0.15372249497863077,0.634879017772792,-0.38178071545015024,-0.07288555475198517,-0.5165385461154399,-0.8513645744611874,-0.3751483614646212,0.600548890515041,1.7676930801474784,-0.2232526884518775,-1.2827689269936056,-0.38198641462432226
3000,5400,0.5172484549675139,-0.3625542680021567,0.11197441352788844,-0.2761031374721586,-0.5258263141734577,-0.45076397098623927,0.40131679891203315,-0.4398869329359037,0.49160611682099353,0.541296203475443,0.49312286342040135,-0.10190307736654683,-0.6001735412560412
3000,5500,0.3020548119160409,-0.018882869004473585,0.5568331034912217,-0.33419694374070885,-0.49420244045760514,-1.1821116198769337,0.6809705858452884,-0.07782039098215243,1.463009587085676,1.4139657725016037,-0.029833060296599937,-0.22837516899181368,-0.14212524336172425
3000,5600,-0.9522165199060968,0.30729249587421753,0.853209371625034,-0.26103521743855834,0.5396836580544692,0.017359696250844332,-0.9901670452850949,-0.6446470144039721,-0.12046861923220586,0.8905970647776525,-0.6706858028271717,0.6900136110327978,-0.24901774934264395
3000,5700,-0.5358328952242337,0.5556699844591175,0.27840407311180176,-0.947139370661633,-0.14349705145441546,0.8612210749813554,-0.3693620324136501,-0.8842709084465828,-1.272519368025735,0.2562270487168776,-0.7537190189159487,0.8210341375276754,-0.30545165027133064
3000,5800,-0.6079514855800888,-0.22321725217248894,0.2703120324198481,-0.7944069877249416,-0.44896900584562516,0.7705664878084509,-0.23689122788772052,-0.46428048291010027,0.8025281244888164,1.5088671620975083,-0.6103511048948065,0.42623292613664354,-0.7258523645598404
3000,5900,0.7504399610250262,1.0292492730771787,-0.2880620142189514,-1.157316273011516,0.8042538468911374,0.1268333565381178,-0.131744383466269,0.17868393155478648,-0.6677641609252842,0.8683088253150997,0.31603524503252456,-0.12241593507215072,-1.4357182350465496
3000,6000,-0.15929570008210714,0.2674976036982674,-0.135635364594095,-1.8683049021400455,-0.03792137061110294,1.1952568704976458,-0.8215908999608079,0.1774049992759238,-0.7949191401443488,0.4214018516126344,0.693284981752706,-0.3248001578621284,-0.22766421431838527
3000,6100,-0.6801817226697346,-1.1274542485118288,-0.2811437369724344,-1.031433925846862,-0.8768495795653298,1.3564600188336091,-0.02068763014718745,0.22514002959396504,-1.277495974602167,0.44360660042017486,-0.9374349439097134,-0.01997065794802851,-0.4233157984270748
3000,6200,-1.0373124853716016,-0.6126845003083112,0.2678279371858438,-1.0092624180110654,-0.39319415253213247,0.9202622569571612,-0.9534932161384573,0.799406944341582,-0.9678223640581034,-1.3747986782836115,-1.4067225688366383,0.6050009372231303,-0.31922577400838237
3000,6300,-0.4446513345636923,-1.0058381736944806,-0.49110862213108464,-1.0508943826570207,-0.5295461576687436,1.1089205269038103,-0.4941931823714963,1.3842068286918627,-1.0569116422934621,-0.5505451858367172,-0.9564731642268912,-0.17120331250407117,-1.1629766598639155
3000,6400,-0.933767595953201,-0.43132707125230796,0.2009063874596266,-0.4976919676950406,-0.9897195219030522,0.702262146700705,-1.2528134686264172,1.5696292305539166,-1.0612553345957587,0.4721507112287492,-0.8357961390667228,0.9921232171173572,-1.0316809749701201
3000,6500,-1.8050138309636476,-1.325843684714394,-0.7745835560393333,-0.15143538667747877,-0.9116902176932701,1.4062972408215286,-1.3389123585080815,0.9968841777585905,-0.8748168931939538,0.742614056757264,-0.9332733419789625,-0.42813445365847336,-1.1540997132314597
3000,6600,-1.0437543824831919,-1.3780298265723914,-1.9615554029800657,0.5137411018675134,-1.0485971181491862,0.5802803905173568,-1.098616768906852,0.838881851784382,-1.2266439939418272,1.4854766121354064,-0.7950874543908458,1.3770595050839747,-0.7259304481116051
3000,6700,-1.1917544851950403,-1.2117527511677328,-0.4292305933630922,0.7221675009757722,-0.33649464173604615,1.1195954426161159,-1.0675757036487665,0.7266156654743771,-0.2991487782885726,1.644869355241113,-1.0486122395337987,0.2613122993413961,-0.5754067552786014
3000,6800,-0.6870705034863117,-1.162654398183129,-0.890834258034662,1.4970912063072004,-1.097721349472715,-0.21914117968026917,-0.8521172145887,0.5900186690477838,0.6048991840574237,0.8427888003884918,-0.9674406872395114,0.061344977820672025,-0.29764542914956077
3000,6900,-0.4895634322985802,-0.6648978927946195,-0.980852787715147,1.444627840040493,-1.9262907763720587,-0.4751155091873104,-0.29472099712511424,-0.5791587081103959,1.0251202486260218,1.1868716801313088,-0.3910107265747188,-0.4786509040042919,-0.7806969159499535
3000,7000,-0.47491738050667903,-0.5368801456934907,-0.19946764246523915,0.5720121070370302,-1.57837539289703,-0.191034580485424,-0.9278773542819998,-0.9485765160105976,1.3417780191905337,0.4798490270390422,-0.8790670316069724,-0.4865039130984737,-0.7141541652031417
3000,7100,0.01330933107981673,1.498995655956892,0.23889352862934027,-0.16932623446072978,-1.4679569251957454,-0.24505692107436033,-0.7959099472406977,-0.06032420033200407,0.8403419377044704,1.3548187701635892,-0.9410735792312692,-0.8327149652825794,-0.5389751076939938
3000,7200,-0.7480312954168047,1.4491605555951226,0.43398234864697605,0.5567117865771828,-1.1241634475372626,-0.9804840808980774,0.2866985256608243,-0.008875726861698373,1.1191887081911156,0.3457511982052308,0.22610082923684707,-1.2839965960869262,-0.93224161038171
3000,7300,0.04998659042315067,-0.1734708101749828,-0.26732120385058294,1.3206262730793297,-0.4916382788196788,1.6601388053103092,0.16777819890754725,1.2570477842535936,1.5154794223498933,0.04517738724860576,-0.43761622703739567,-1.2003440480108714,-0.5748604787196404
3000,7400,-1.2505003794594332,-0.6077636285606121,-0.26692622920227543,1.4589546116465928,-0.9413186469929239,0.8189057131903883,-1.0815123575132473,1.2686383211537953,-0.23346281678028472,-1.275998164970581,-1.1348366410517177,-0.5321137885272129,-1.4235142974710087
3000,7500,-1.669222894876225,-1.0967153884149063,-0.9972487853104773,1.3233716373700288,-0.7263357382016854,0.39109436147411325,-1.6655442669890426,0.36160578809359334,-0.6097023073662584,-0.6477981930897772,-1.2696502484857408,-0.13604870675771139,-0.41900074493387396
3000,7600,-0.7678735241403023,-0.039795173368893114,-0.6460138640757751,1.0485926282469158,-0.5722852211745125,0.2473135092129524,-1.3308700006139602,0.43312685055761724,-0.4399554865101843,-0.38334582721316723,-0.6764142316081858,-0.12294786876938861,0.059540492498375557
3000,7700,-0.837386843545011,-0.5302623947679953,-0.9447205395651834,0.44000523435479844,-0.43771535904562353,0.2708454587583567,-0.42212676097049356,-0.03700469738807651,-0.5856108922344074,0.08815166651112305,-0.7607820474300995,-0.05587745203496154,-0.6918354527787002
3000,7800,-0.6127124656269433,-0.7891107414325517,-0.27277041407659997,0.7899587795980391,0.5042039182544039,-0.566054473041333,-1.1250204262690757,0.11663189648786249,-0.6775749918521775,-0.6580734813674195,-0.9474567286548368,-1.0072477518718312,-0.860302254602288
3000,7900,0.2062077788310179,0.10607003626855968,-0.0773628433136761,-0.14317954143947006,0.18346301351562394,-0.0943438108459222,-0.8912388538210705,0.2707343610542389,-0.3520746881148259,-1.2637624719718394,-0.2064531155687592,-0.3124679396918432,-0.7721862314576049
3000,8000,0.7754787044142203,0.6503069433841532,-0.10895248787879704,-0.6037331458870562,0.03372337068148931,0.5809471451785188,-0.7093679255421818,0.3867006199667097,0.44184873807416747,0.45506231070212794,0.3646602410943723,-1.094083488624137,-0.7913755862874032
3000,8100,0.30106125328775196,0.5794261830705368,0.776529875291169,-0.8840753308090914,0.18456666615872222,-0.11113798047167989,0.14588332256912098,0.7606434405873156,-0.02365795011360909,0.7314714632137217,-0.1945849306129234,-0.09447697863291352,-0.6577292822658796
3000,8200,0.3860946226935585,1.3181564188263457,1.0871279968001992,-1.1225317258020302,0.5425817924966613,-0.6816735276113091,1.2931407767981127,-0.8156211034842868,0.18664429096827245,0.6930934369453557,1.0476775047122782,-1.1718840389589504,0.5302590426527022
3000,8300,1.3567601626144297,2.2363260980096986,1.5364301120649693,-0.9643007303182541,1.4278565996442767,-1.6278996757720547,0.86400994493777,-1.1267888802877513,0.3021675975916318,0.8942388789039023,1.399989734473606,-1.3418261294309646,1.148433168884617
3000,8400,2.0192206277785774,1.8492174175102924,1.9659639311459916,-1.4410781558598336,1.392500751256336,-1.3165495738659243,1.4227536698192673,-0.9971063199928593,0.9716365603960565,0.2689728348750851,1.378901476794705,-0.9773346088308569,1.9052767593414348
3000,8500,1.88432867903744,1.8744766023080182,2.089196428969371,-1.0501933878984155,1.7657531511225886,-1.7930543867383868,1.9069818732915202,-1.2739527472139225,1.2958657099894302,0.6321585620938517,1.625129643380082,-0.8307096130961286,1.290324858025709
3000,8600,1.2934658913875097,1.4434522445377511,1.9735127887321062,-1.8856619786413082,1.6554164409851502,-1.0525244343544349,1.9743829507971071,-1.3846050812357624,1.9670875818716225,2.262572014042071,1.660997687458569,-1.4360379762120428,2.384510604251061
3000,8700,1.942204527489162,1.49985821648296,1.8423193530073432,-1.6211895777916991,2.086108390040603,-1.560685826127944,1.9085600718464033,-1.4446493005762198,1.443852839225095,1.3789654860241494,1.6059286337298206,-1.718342599691302,1.584390425100857
3000,8800,1.9001050239238946,1.7192885885004063,2.0775661345341403,-1.6456100879564646,1.830516827280246,-1.9348459555322102,1.8789786331123337,-2.023184996782964,1.8693009451221438,1.6250989665898303,1.8077880413715004,-1.675204651539803,2.3500206826829038
3000,8900,1.7659245233455474,1.848814955411184,1.450726575218537,-1.8461868562122485,1.7824129134340545,-1.4654624558476526,1.8313165127648574,-1.1229939981813273,1.6648679461686562,1.3070485798774534,1.5409739805109417,-1.4495817191925786,1.5693805997375747
3000,9000,1.8370811589085978,2.1089784712788493,2.02381632639213,-1.8215507575230285,1.9399286878214839,-1.3653162445923395,1.0302357306805383,-1.2484497310792815,1.6662498366508631,1.260727420699525,1.5506772871090775,-1.3883671915221907,1.013668736825541
3000,9100,1.9166747254017644,1.7173183557215432,2.0572804486622305,-1.4273699975010292,0.9848190337676985,-1.5931799765834131,1.5943531470232257,-1.738558746011059,1.5526598342495723,1.9551106567552918,1.9148547121236716,-1.529351799024008,1.7877037866838599
3000,9200,1.5993255007699752,2.2428802939286077,1.3400905046467217,-1.0293541129682984,1.6989440481857936,-1.4160531732205808,2.2874298126128942,-1.204672811672565,2.3455961890485244,0.4704959951199236,1.3303121038527472,-1.4002109171834052,1.6241053028949468
3000,9300,2.267525569471832,1.2534589884767418,0.7568037874028308,-0.8101203587412277,1.6784679065517887,-1.5774800474313824,1.9378285489850953,-1.2683815237979081,1.6573936660215056,0.7873455613687401,1.6360379325131902,-1.1187360826878814,1.0925994031054782
3000,9400,1.6889768021384632,1.3806620764409678,1.3353859379167745,-1.5235738814533006,1.4218549411458388,-0.9964028159190846,1.4557016046639764,-1.585143470548048,1.5268738355328018,0.19473248421228545,1.842427734744587,-1.2106037315147482,1.4939551459654181
3000,9500,1.2991960961457927,1.1660695612978418,1.098106298109141,-0.7937647391061066,0.2102502992328076,-0.8336583186866493,1.3838315150209852,-1.1380587990419366,0.44144302305241306,1.4624985991074877,1.3859495274324667,-0.8074305574379308,1.7385453755858837
3000,9600,0.5349195082882945,0.7197868108678034,0.926791403247757,-0.04039801031236932,-0.23500935594435488,-0.45791633787415154,0.6026448638718568,-0.42604136419596245,0.7220767441409182,0.5987625517013379,0.7607013031185541,-1.2885702844153721,0.8653125839229806
3000,9700,-0.09418500960017541,0.1473144362756539,1.0688038738759913,-0.6140893022410652,1.257659065254855,0.5443360438440874,0.5767369839381338,-0.09770564694319789,0.5165044482459517,-0.6315168290017105,0.352039181992431,-0.5466432837029376,1.5694478831340624
3000,9800,0.3831401729948189,-0.337507428960407,1.1656002260792608,-1.0869992055348114,0.7461256066966924,0.5178700760419772,1.0022090247266358,-1.057518149150925,0.4888594151128672,-0.5469309936183151,0.9418778787399646,-1.0657675698108242,0.8433971805750048
3000,9900,-0.24985699488514632,-0.36879034258409293,0.9348702420998848,1.3878152185889348,0.22578680488581276,0.22628902017263872,-0.034008554804978906,0.7091355833618858,0.25795221469043705,0.016791833519780613,-0.38281799239589365,-0.5059399543830491,0.37519760846031797
3100,0,-0.8226566223242602,-1.7640962042786408,-0.47611238954461454,1.6971139754905387,-0.8121146534736224,0.26586862651212556,-0.7589504391882814,1.224597730699001,-0.41509790675633773,-0.50304998719164,-0.9202914338793742,-0.47788589437436546,-0.7106486243435913
3100,100,-1.2194501746910662,-1.8309726077909074,-1.512413603294431,0.7747156203421668,-1.3640828882451455,0.38850660188216696,-1.1072509459348576,1.6644026063471917,-0.9600297187972249,-1.3541084316611103,-1.230931236358897,0.8988125494695313,-1.1429917123612767
3100,200,-0.9770314825522003,-0.9598002427133264,-1.391326012075578,1.6903300245530652,-1.876473660945413,1.3167981037278182,-1.249381041515296,1.0097416704724411,-1.5483586959757956,0.08766183821744672,-0.7839343480559587,0.8910028917563118,-1.7851902795029302
3100,300,-0.7045222670842248,-0.7377926224375873,-1.4101641237927327,1.2876814004819326,-1.5691349557653407,1.0052700380269264,-1.6165245522912919,1.0143502993551359,-0.8113150314677481,-0.49834488406491134,-1.0492296686013511,0.3637132257679832,-0.8851594565554823
3100,400,-1.3765078107053363,-1.276003335648899,-1.518735250716069,0.9465470535049207,-1.076543124465048,1.3617447438064356,-1.119010756878552,0.9487908533940633,-1.247921718789913,-0.28382911979713205,-0.6639012045793034,0.5999164441027045,-0.5869735233087934
3100,500,-0.9619462058958776,-0.5539792209439885,-0.479455508476898,0.4184220045266522,-1.263792650616885,0.7848206335681891,-0.4252056517052466,0.9071388140090488,-1.6304433874667665,-0.13357896774101075,-0.5922916117941555,0.9041457539242851,-0.842145707759148
3100,600,-0.14278257798653202,-0.8076839968517252,0.17813915524817003,0.6403435200854333,-0.9784588898549227,1.4828464299723625,-0.4044823111150602,1.4114586189922753,-1.2739486378810523,0.3218218875084959,-0.5060741562183987,0.8408399918991183,-1.0034269490188392
3100,700,-0.193643671473688,-0.5413388906389824,-0.502940623027314,0.4057460297318469,-1.2695580069350858,0.8896265361733663,-0.20562884901315748,-0.06266563517272479,-1.45404592920139,-0.3596936104334021,-0.6975938125448213,1.732112206145185,-1.2062397006225474
3100,800,-0.8641773269072732,-0.55851605052891,-0.5822586348673915,-0.09897749397255338,-1.1285463571238605,1.6642518343152146,-0.35890751742071475,0.9075666644423133,-0.28745964687169806,-0.3267449766125977,-0.7715149991352243,1.3029595622274392,-1.1910982042757752
3100,900,-1.1818379533094265,-0.49097182106581944,-0.48340077706445816,-0.3217807105192157,-1.2769885079186314,1.3089225603020833,-0.6093866184778001,0.9625658107697992,-0.1689884023071569,-0.8840316873618965,-1.0517995206260324,1.3001409074442891,-1.5006984974394677
3100,1000,-0.8314399267419745,-0.23595137026904806,-1.5676548453548993,-0.5988025955412901,-0.8547880822679552,0.5734892233525718,-1.2996807595377182,0.6270269709858384,-0.9041007183116455,-1.4184702588161087,-1.3645707747246798,1.5761973862384073,-1.2877035838019428
3100,1100,-0.7664724572041347,-0.9820559047289917,-1.422184805881588,-0.3144020025182069,-0.0755583414392621,1.265406893978127,-0.5796504351765754,1.413494011502722,-0.6047912219676189,-1.5649797135501375,-0.1499254448345329,1.7699617372979546,-0.5280506819642174
3100,1200,-1.3111105260037137,-0.9923508612906783,-1.2462466086799846,-0.7317726932188741,-1.44962365037223,2.0946389005879094,-1.7566739836872522,1.6780894100339099,-1.3778802999047584,-1.870154687908921,-1.0933007500978142,1.7749873916648407,-1.1650609653155708
3100,1300,-1.071603708301636,-0.8615952396741985,-1.368428835174452,0.9366553640334416,-1.6432732113890864,1.445102876455094,-1.1982664293111072,0.8415525448432146,-1.3682800131699115,-1.1046331422661224,-1.1709031729020651,2.1194814741431935,-1.370534824353432
3100,1400,0.07995046110836951,-0.9943017388922591,-1.2981857567119386,1.5890302200324589,-1.2535653625941665,2.700216382049444,-0.42698411987960494,0.6640091628783632,-1.6408175207205158,-1.1516845752154274,-0.2610956970232033,2.1197086260005453,-0.9501445909204685
3100,1500,-0.8283642717843496,-1.371647348774289,-1.3489327139605642,0.6569214381666796,-1.3248937458340282,2.2296266296330605,-1.572115121557497,1.8298586046693608,-1.2954469353635527,-1.4636038334006072,-0.3872861573094272,1.4040280821233062,-1.0284205918576284
3100,1600,-0.8638127123707685,-1.0981906235224186,-0.5277455853337661,0.5799391466279815,-1.6585176728868543,2.053257261406297,-1.2832000360175972,1.9839124883523633,-1.0413792836362359,-1.6012225178074762,-1.2554278153120106,1.7541442531720557,-2.0831964768959756
3100,1700,-2.2726175175549566,-1.040812593092695,-1.1107813207798882,1.3679290320530608,-1.574618823575853,1.7929020080257851,-1.5247627427255401,2.0592177597572503,-1.8203070606254097,-1.2924602228348612,-1.2834335604170426,0.232666102091729,-1.4973184704698315
3100,1800,-1.193400242721283,-0.8174619568124815,-1.1271631964272666,1.920520407384588,-1.4567160049343832,1.574253067481185,-1.3662488514959386,1.805222339203338,-1.087560782334108,-1.5603237805866759,-1.5438246950764438,0.5824256163079035,-1.0391547174446079
3100,1900,-1.3029465935879525,-0.46063509691637894,-0.22925461859828167,1.3973219970747583,-1.3438086206249737,1.7799388125479005,-0.36803547038047135,1.7702462077500796,-1.4124800580657157,-0.6447232123840941,-0.9357022954517688,1.7188111934685273,-1.0191515448834023
3100,2000,-0.7500881911822584,-0.9927719356633836,-1.0305905204433916,0.6911928042133489,-1.316302974683179,1.3316402468891828,-1.2079835509084866,1.213731386300783,-1.732621039175419,-0.955553756828959,-1.4181330481158136,0.6353061803788876,-0.8102953542541784
3100,2100,-0.7038634316963118,-1.3602288101147564,-1.0944759055451057,0.9386725196826172,-1.6593368652499263,1.3361358954446527,-0.9591839780191415,0.2582734300471218,-1.2718227965500066,-1.4115724731672366,-0.6909252770139578,-0.6230820439072035,-1.1739253417596802
3100,2200,-0.2709153402154216,-1.2736833191881463,-1.4116732623215136,-0.44715090173190103,-1.054790003585076,0.9350274550041104,-0.4923540278144949,-0.23489106669333895,-1.1337795864321005,-0.18141600917734993,-1.0029996078900576,-0.5077296040249539,-0.4680468415614223
3100,2300,0.5545485399121406,-0.49469368984025164,0.3983085237394737,-1.0617187973600921,-0.8694370044246524,0.17391030051415504,0.2208230767555158,-0.6556380616423212,-0.6051645552715275,0.36322337881003175,-0.9513397666673492,-0.2807800603937327,-0.7746796936335485
3100,2400,1.1855115109489416,0.8465306509729007,-0.06456481260425995,-0.5533544583403336,0.10019366681865846,-0.4613342401926362,1.1169758802328855,-0.15843217300653387,-1.6389658351560246,1.2277659657160132,0.8589369596917705,-0.22404766305886428,1.1474401589243193
3100,2500,0.778862493857081,0.7035273651388538,0.06673073085663092,-0.8899306675032199,0.8263043001549589,-1.1916052198079545,0.15091203109528561,-0.15241959244092088,-0.7326957311935085,0.5030164322059035,0.9971583179389902,0.09222515981153297,-0.4143580697973557
3100,2600,0.551727274929885,1.2145509866710797,-1.1612366383703958,-0.7835821470187114,-0.881170803402266,-0.8040464253056722,0.7933066402588903,-0.5812625230348393,-1.1703596191109373,0.4835611671843367,0.706804310925657,-1.3076775251496362,0.24549794675299627
3100,2700,0.21890406971030554,1.0717151490863146,-0.2693203425698986,-0.023384797801787403,0.5619305227867768,-1.6625970762499431,0.4820106935561383,0.10964965015311945,0.25360916238267905,1.4882004115384435,0.23639302116626787,-0.4898289177637957,-0.45968827450540006
3100,2800,1.4117700546592296,-0.11303509313493507,-0.16134559882934532,0.062483854687592974,1.183456269299304,-1.3301024456478554,0.9189015481375645,-0.36057669285404553,0.5210370536952036,1.6891204330065257,0.8290538800321892,-1.5630795228186842,0.3245461887014936
3100,2900,0.7324712053449738,1.3758076802788624,1.8666269350203044,-0.7173681448272566,0.0299662356737367,-0.7468860333873982,1.3707968309349245,-1.4709962616415104,0.6604566100283963,1.3847278571778818,0.9357004011801615,-1.3855158748200087,1.032547296769835
3100,3000,1.2679459015116405,0.48657480405670595,1.754582751296304,-0.6249965174621347,1.0242544730157612,-0.5953049943179306,1.8256289442439306,-1.5585592205375447,0.47656267320460766,1.104939610995327,1.21751819830099,-1.6494605143850904,0.302480458275005
3100,3100,1.3960464907666104,0.615511036142695,0.7660203098972403,-0.9041984211624036,0.5591644716562651,-1.2873610094633667,0.7673054782021271,-1.149827149437258,1.4970465291681065,1.387057818460655,0.993529832201582,-1.6712403446798434,0.6010226673425518
3100,3200,0.8338285370223548,-0.5090366183003782,1.1355958559212789,-0.49072823328261955,-0.20203957264827604,-1.1308399047681814,1.0714232163400956,-0.9058096869720855,1.5264603248885904,1.3873543584474322,1.6183594830858326,-1.7084784010322078,0.6087411819696235
3100,3300,1.3370192827427587,0.35354848328959176,1.3004638472690577,-1.3954997088209828,1.001307446839671,-0.9406439879601605,1.1567115449622558,-0.6751066669369578,1.553365219862255,1.6899228196271905,0.7681860641764021,-1.765490288694495,1.8412413194718316
3100,3400,1.705831217410271,1.163528943391517,1.758990638141624,-0.1241315810782612,1.0671420363684718,-0.8927432639679437,1.188487715147457,-1.3312955155714923,1.5746577697281405,1.630291065323879,1.3447012591128469,-1.5414086964414808,-0.1502505020094362
3100,3500,0.9198125667976801,1.5027315513833197,0.6149072992451827,-0.6369214468439985,-0.5861745396043215,-0.42032946828247214,1.1189538656621034,-1.0065399646889006,0.9338071464222305,1.2420076691437725,1.097887408999172,-0.8310962651045107,-0.10938499851180421
3100,3600,0.8754316505833655,0.20674630366142283,0.3438522317786976,-0.4257842324011922,-0.352706061577894,0.4017748418594082,1.0634743278595207,-0.5628374404978256,0.5470366799295371,1.3391644806096588,1.1999027203538477,-0.4222755691032424,-0.7132699539611074
3100,3700,1.4593393328586797,0.3921441369761641,0.25346642114828455,0.6003637873744766,0.8375842035243707,-0.6860087013026828,1.3176034296495307,-1.1129073576478157,0.4642712582257816,0.6770454265473385,1.3307012459389853,0.17837773422407005,-0.16579020818922208
3100,3800,0.7903578083009873,0.012363528249660917,0.5881350745697425,0.30739475673771316,0.14260927266103926,-0.5998502020399334,0.733945103277817,0.9624909806955284,0.9774309447916547,1.4200060954447689,1.2417397448071914,-0.251646985450233,-0.011044016847815443
3100,3900,1.2199770514956563,1.0205779737738188,1.5461787895956935,0.05877273300256946,0.6873974964330397,-1.3424121472385986,1.083715612871659,0.1663406038177836,1.6209038861150529,0.8815665998037696,0.8673779074711222,-0.44997766246306664,0.7531318857169805
3100,4000,0.6561824630065594,-0.2369006559761172,1.3478681990378218,-0.7367863465513926,0.6511347319082517,-0.4235944226372538,1.1514431090949935,-0.3589497480393489,1.9717060712438506,-0.0056087036336417255,1.2633817213733616,-0.6258701447968542,-0.425823551174262
3100,4100,0.9488797416881226,0.5910877828540577,1.4887030123143186,-0.9757377438170768,0.8639341198258426,-0.862807164918333,1.3326851921241831,-0.8882746908931765,1.5463324726589966,0.724316978222758,1.4560415005464151,-0.7936199213580555,1.3499354345564758
3100,4200,0.5923228265160836,1.1652668263041597,1.963722361680719,-0.8928452954024969,0.8677624467777771,-1.2668641630866486,1.4555803177121212,-0.47819488969400575,1.6488308687959365,0.7261519396287877,1.143407159174359,-0.7277654961163551,-0.1147462649764329
3100,4300,1.4816136609349273,1.576460031871363,1.3605890416150759,-1.3843406212356093,1.422899860221291,-0.6033711508586722,1.9174887864498056,-0.8170097482912159,1.9620655599771264,2.1009912065481307,0.43896289526498544,-0.5895151928136843,0.8252203287539325
3100,4400,1.6846573838095245,1.4923297044128228,2.298005692175165,-1.5451764552353295,1.5666400091262764,-1.0897799800473025,0.9469652324598549,-1.5118366527305642,1.370624844465207,1.4394208750091422,1.3655654739085055,-1.5838727589192085,0.6263012059762405
3100,4500,1.1208643148754,1.784306747567247,1.3650074569719883,-1.5269072597902824,1.2311230728199052,-1.2867913052779423,0.776433604862721,-1.6149649139540128,1.9053375790951184,0.847514417593621,0.9034969114680325,-1.16145501550081,0.25017145981662
3100,4600,1.1448845893954886,0.10894362745754482,0.4655054367090246,-1.2976191857266126,1.3351177617858556,-1.9424234647300365,1.4168228096033317,-1.197067076178442,1.5701538978160776,1.3444058738458857,1.5369023232703698,-1.257039981884052,1.1155014568752746
3100,4700,1.2787306547878976,0.8210000363788084,0.6127984665164768,-1.044882369366639,1.066665871880222,-1.2524592127332732,0.9618025440563746,-0.13958823748229537,0.6865684703790512,1.7437770646969442,1.3318491498228258,-1.13578780864198,1.035717666605287
3100,4800,-0.4492590492009438,1.3190976783436252,0.4228636727740827,-0.29574921537904447,1.0919409077469087,-0.7499343169244184,0.17233257403369798,-0.7119138155363578,0.06844191879614538,1.1889835878917543,0.9896177325470717,-0.9812315833361709,1.523961671721347
3100,4900,0.6994691642355472,0.2560357784313064,-0.12677242412695033,-0.8040047524858877,0.7847229047371029,-1.777454012037914,0.42601415416474697,-1.4899522991742882,-0.7955163230093962,0.8939845093298265,0.746484695775749,-0.6975660971371428,0.0018178904811660416
3100,5000,0.32858965662575146,1.055541159556541,0.03206885521051938,0.20157133092871482,0.011336868165739403,-0.468018810529367,0.6064608282806319,-1.081193659793356,0.011158740657018093,1.0648160956950472,0.15270055543323616,-1.019910532473296,-0.09045199043072084
3100,5100,1.5230441298053283,0.9430014984885652,0.7329687778856362,-0.42291825061992944,0.6772516538084868,-0.46840216759365816,1.297429357271068,-0.9685024737787422,0.5118222682989703,0.9648496812813183,1.1276408953141746,-0.7640775848760795,0.3291390434553142
3100,5200,1.0863299625625087,-0.06225379399817133,-0.30968538880332913,-0.043247273952139294,0.4271033084867833,-0.7803162375332889,0.1575023772934385,-0.28059607044456286,0.34329564498426324,0.5577607124264803,0.49145881108159023,-1.0085518980445107,-0.23674165322630333
3100,5300,-0.4366650879717961,0.005623436125161061,0.8382752906675741,-0.24138299350623152,-0.2520055065890345,0.5345277220112724,-0.2752372657861339,-0.6402376982050536,0.12230991072174018,0.8014991403385885,-0.5109669821474893,-1.3444798858854958,-0.1885551229412574
3100,5400,-0.26962842369072815,-1.3354227169544532,0.4390987754131754,-0.3936043809216445,0.06053609951584985,-0.2962915620976374,0.006510681508587511,0.5323949237000104,0.5736003512888052,-0.2528415702146929,0.3274815640602356,-1.570543546458353,-0.2751817433856964
3100,5500,-0.5980567749879337,-0.57462901968061,0.40835573753021975,-0.8479446683068076,-0.6704668650339137,0.30888917645688607,-0.4115886309322924,0.06223471824868103,1.0878871519778526,1.121872002314375,-0.7548505855635029,-0.5653216029442875,-0.6366874367716394
3100,5600,-0.29248012632949927,0.09781218844044849,0.7109396182645008,-1.2155866092759136,-0.6290155022365724,0.640339300768222,-0.9148197609750229,-0.09063274551021566,-0.9008211359755618,0.5470710321191146,-0.1504519951274527,0.7646305630847754,-0.3376526867768994
3100,5700,0.34347482693037085,-0.013737211099060755,0.4186144997150175,-1.3972949800913246,-1.1128112592570587,0.7434784246582895,-0.48633025867699725,-0.8006430941583023,-0.21994573077484153,0.8395097254174695,-0.18752968065410983,0.8927382345202506,-0.4639910301118718
3100,5800,0.43974684099129996,0.3951252759092071,1.486495038240658,-1.6430099872475552,-0.004463437992075261,0.5682829001998081,-0.029542170961429796,-0.31193104520899445,0.24177124688944904,0.3319269860831189,0.2811263274961675,0.5890901334629438,-0.07788830679552212
3100,5900,-0.08718368640168594,0.4493219493297088,0.5744351057808142,-0.6947001463160284,0.8491225525128454,0.07851965212330216,-0.20115830034822726,0.2514104906580288,0.053096524042718515,0.8194802839035623,-0.16312452010017128,-0.8767990449609722,-0.8671686180910326
3100,6000,-0.26021547586042726,0.17249986684836904,-0.2036821180040324,-1.4675294725975605,-0.5179751373598169,1.1051743401066734,-0.10553466374070108,0.4321524794258392,-1.7530611698359935,0.46865949242050126,-0.37742420319823544,-0.17002783774726304,-0.5350304084219385
3100,6100,0.03809556651108675,0.08736962337453506,0.8305551012347405,-0.9720171508853588,-0.07958171381027909,1.2586710481394303,0.32023237831315554,-0.565496351683751,-1.0205574533767832,0.09513095836600614,-0.3922909303294221,0.00994239293734904,-0.7502194201955874
3100,6200,-0.8707812198783219,-0.5888335165499741,-0.4228102159587667,-1.1786833796092822,-0.8305492462970175,1.5224473585938105,-0.8654371798018841,0.3944149794441742,-0.979326279611216,0.49308114291644645,-0.011105847847484399,0.08588545467595055,-1.419766684057615
3100,6300,-0.9662295994340347,-0.319505868526922,-0.5570351819619411,-0.8090235652154936,-0.8291073048285573,1.7726748429451473,-0.8346975079274516,1.2369452527275897,-0.7702199035449406,0.19360353675473288,-0.3481251692110865,1.315405181825514,-1.3794992770127994
3100,6400,-1.2090129633808009,-0.7179960606577017,-0.2727088497869563,-0.778240324951363,-1.1638643979955807,0.7221107756247094,-1.4968248568781168,1.3615260713585156,-0.7618452792129266,0.27412523936423344,-0.92974725343667,-0.12351630076552407,-0.9573071685155526
3100,6500,-1.3383654311329303,-1.2607753557853913,-0.5252243650332535,1.1390128733568667,-1.3936938920989332,1.7628470022019473,-1.0239685761915314,0.8733815311441182,-0.5399027788577325,0.8198057685250916,-1.401620843918252,0.624636628752175,-0.0697732232722314
3100,6600,-1.8184578870819559,-1.0093556076594243,-1.2067110070731621,1.6172817597621487,-1.7315498104541804,0.42642017180803954,-1.5520949404282571,0.8098453215215605,-0.4774780635291968,1.1172882211156525,-1.5207167279374854,0.5510085778153475,-0.34228870692441116
3100,6700,-1.2015179247420862,-0.824478673948244,-0.7104277068294006,1.362989665197067,-0.5977339379161662,1.0386716342704823,-0.6182107835513695,1.140752302758234,-0.21724954026267798,1.1745559306200344,-0.5752744235879623,-0.5016141465328151,0.037265664705901896
3100,6800,-1.2693346648719799,-0.3751507414221796,-0.4789741012787854,1.5539330088981098,-1.4079357958189225,0.8456775851360698,-0.4599693844168492,0.43661820606966584,0.6410923881207852,1.4930857000465272,-1.4118001218459126,-0.8555226802024998,0.36163723611309434
3100,6900,-0.38771563564028905,-0.841137885186059,-0.8418933356128933,0.8757600998975325,-1.3796647668386675,0.7197503652487386,-0.9738383530012311,0.09219270788740704,0.43330301265000676,1.5191267092246352,-0.9075782944130913,-0.3644150124106837,-0.23421154594188287
3100,7000,-0.21793800467726596,-0.6393574256780711,0.3446261705741773,0.16623434323780073,-1.2134809519134837,0.15501821155747497,-1.3752212383446714,-0.43291006869839316,0.81762823605812,0.05938471234315974,-0.7358999627965398,-0.6538839039664197,-1.0687463475520378
3100,7100,-0.2733936790758826,0.2947560677230938,0.22279888811276247,0.7068728781774534,-0.5837645410087038,-0.11035926937932933,-0.641235270350986,0.36846874206511804,0.7291865343362567,-0.1153131486648791,0.5660790952780588,-1.1660936811905243,-0.05022425904600296
3100,7200,-0.4803394425597778,1.2698337184508777,0.38849429936526686,1.0917338268484686,-1.1986888791643937,0.31844242925419625,0.6765005251839256,0.42876447665795003,0.7085208515974123,0.31336293206002874,-1.0335282644503492,-1.2847200809059671,-0.2503628798858196
3100,7300,-0.9110358983593794,-0.5744067249626867,-0.307064145925547,1.1729650919577794,-0.9610881224870329,0.5896299031128527,0.7341355413244403,0.6119436169544274,0.4045632583242675,0.011528241138377108,-0.6725964988138783,-0.30414504331839337,-1.4288574667431706
3100,7400,-1.6021192213533082,-0.5220712357497984,-0.5154157513783175,1.667148892946983,-0.855369743191014,1.2732505883751326,-0.8407527436626845,0.8546702531312416,-0.11441724042370176,-1.126069412093407,-0.8967220147873773,-0.1919299658601843,-0.9137396639593283
3100,7500,-1.4316909145046084,-0.6127428475896629,-1.2411008531735717,1.7981658500857305,-0.9787266199219433,0.9875080373092611,-1.319322930197508,1.567562504392281,-0.1660965593839499,-1.1925420405996934,-1.9791555186138445,-0.004703988318915618,-1.2532575744796024
3100,7600,-0.6886510945564436,-0.6443285939385154,-0.7256854713619725,1.2239187159915295,-0.9500120070129784,0.630825126094593,-1.1568100170868847,0.6880409572721549,-1.4399106887104702,-1.0535278806464774,-0.7447680523898266,-0.31005553001959146,-0.6273329744293725
3100,7700,-0.7687227527440266,-0.9810696049042494,-1.1710089267879553,1.3241402219362537,-0.7002438570776703,-0.1919491867871531,-0.5722685919563392,0.30203869955823287,-0.8837241270760308,-0.38016287723570297,-0.910984587322301,-0.22319156995929615,-0.8704522611140534
3100,7800,0.300642887471117,-0.5680732869480815,-1.557550857958171,0.061592754795497105,-0.48780259418132055,-0.7910038839445949,-0.9753755523554771,-0.6029490427529488,-0.16627437641134837,0.2712623886183295,-0.5453389920982652,-0.5823578144671958,-0.5725846330259687
3100,7900,0.283388488539724,0.5473624163819913,-0.34447262697521186,-0.6154937915493675,-0.3458134050047645,0.024488192622706326,-0.6130373178559075,0.402921073594322,-0.505190725232245,-0.9642994563704297,-0.42577897638553697,-0.9841461191445556,-0.8165511456990109
3100,8000,-0.9780437140376314,0.8163057228570406,-0.47393309802501005,-0.6201986563630564,0.42054310497884323,0.6865542997689567,-0.2534623540058467,0.5314200995462464,0.006780006208990711,0.8754444648620905,-0.6023205212308396,-0.6629386614364663,-0.2918807153732023
3100,8100,1.2669886133519082,1.2936596787150954,0.8212168343379364,-0.6314106046337303,-0.6340378282718234,-0.05731055987013741,0.35987430076097643,0.22348900442662373,0.3399946426333507,1.1311733744706258,0.44221079478299546,-0.7000754112053899,0.11491379569851744
3100,8200,0.5637113080429873,1.3148458141058443,1.0823642089022598,-1.27652776409643,0.16187546874073422,-1.5271126201571028,0.8843512636366855,-0.6678359510815021,0.5983414164654142,0.6004136658876659,0.4804119481915466,-0.9573187853237233,1.1891473659693685
3100,8300,1.0578992817061692,1.835659449381601,1.5859913638608334,-0.9509892946132664,1.4184762521227947,-1.5919321975930967,1.6134795186502884,-0.5318106877290792,1.0128659045228854,0.013552306224078877,1.224640289467565,-1.0787071852039856,0.761807154687811
3100,8400,1.4655293924979131,1.149384268186795,1.8073185735019783,-0.835628076730995,1.7660787940227014,-0.7588687955695617,1.2673368109631415,-0.7306600655400041,1.4676667366018552,0.6676552662725275,0.6703798972705585,-1.1203231157650655,1.0023068722811659
3100,8500,1.5297678118347444,0.7696473719349831,1.9357746631515722,-1.237060005748023,1.5349022728162722,-1.2918786992797175,2.0775911461017795,-1.7821195252099629,1.5926767665433648,1.5958932606125342,2.223208525032642,-1.0910512256634732,1.6054266838852935
3100,8600,1.672336773539422,1.663982783060519,2.141538018682575,-1.247071716470616,1.8691773826122315,-1.1869911508079183,1.9384281431457422,-1.4084359919405471,1.7876266106679506,1.1760569695263174,1.8036688346048861,-1.317083994233142,1.7060142085859666
3100,8700,1.2317717515513207,2.112727472776884,1.3540670057604993,-1.7854525526743203,1.8612852238095887,-1.1259144061939117,1.5190508799975735,-1.688066860232628,1.117534867002945,1.5110834735105552,1.72606135826927,-1.7243698999172477,1.8871284218557105
3100,8800,1.920556511246208,1.8274773663127255,1.7680790404643028,-1.8962613114516091,1.10692163989003,-1.0950507483131848,1.7373261470416117,-1.3868349172590033,1.7984257872969165,1.3203052160726496,2.115379456927143,-1.0061751678383877,2.2129721477473545
3100,8900,1.8556811587813407,1.9816530581127394,1.2434498567658443,-1.6709860945336723,1.9589892630103714,-1.2675210123313032,1.8980323475380119,-0.9994155294885054,1.2398816264303651,1.0415145878788243,1.5802234372398616,-1.5911291649914654,1.589354268656075
3100,9000,1.6793778667421932,2.144147223745062,1.4828885730225676,-1.5363586809457617,1.856068350982363,-1.2836624924581563,1.4590332667528612,-1.436261249050191,1.4015313961647151,1.5252135754961054,1.8175805768545887,-1.9151396486513292,2.3231488388734562
3100,9100,1.6060705242671598,1.5472636738455785,2.0616822027969035,-1.3239462118890113,1.7196276687633982,-1.1062974143979114,1.9764490550569516,-1.4498260012417883,1.365049937257392,1.0329635880873254,2.076876925800928,-1.4868766139573748,1.0268710002373418
3100,9200,2.1388621963325716,1.3942018982067255,1.3406583099213132,-1.008534015856154,1.6877425791696483,-1.2865783119773058,2.015823886775286,-1.2966439694739558,1.3480556589119435,1.3414283088095438,0.8629918427640825,-1.3342159101835303,1.5584835667273056
3100,9300,1.592911405248589,0.9995239707196352,1.869686468421732,-0.9447137123214353,2.1092134332533954,-1.9550778881465696,1.6836674240507794,-1.8270722849597072,1.5102791468872423,1.4560103669273274,1.4309826966809427,-1.368085521877464,2.387948049482226
3100,9400,2.061659961738857,1.6467749132877638,0.8365729914090476,-0.8346581810120043,0.8021959215507686,-0.9790839747919092,1.8023327454097862,-1.5093631034524926,1.4063075305495336,1.2002727852405455,0.9028715878017277,-1.6221952731013976,2.2587425457836665
3100,9500,1.8951946334485468,0.9540893965569093,1.6506258980498547,-0.8708959530727209,0.5175002658044892,-1.6981235857322852,1.365105229100188,-1.3680611239253113,0.9447509378959287,0.346975684726199,0.8017867051870412,-0.4008352424776672,1.019582883974984
3100,9600,0.6010838782342097,-0.6823574846028446,1.0378134086751607,-0.09609632246104596,-0.11693049045414983,0.759003248356343,0.7373418309482883,0.09094462560784286,1.213898984810536,-0.8428777104103945,0.9946511766524678,-0.5490481896243505,1.0287134446947201
3100,9700,1.0093226190439861,-0.871348298542637,2.2253692328025436,-0.07935851492099104,1.0712109165696548,0.5132682553161455,0.3551924532356744,0.11241842577639016,1.0041251235750563,-0.6742126677149993,0.32268704751484284,-1.1268643572616093,1.2511648899188328
3100,9800,0.7750662997905111,-0.5832306637505968,1.1111893741433692,0.613441856623251,1.0304817726248492,0.014706315791682434,0.6365457675799859,-0.5258246823936868,-0.0264146935352848,-1.0604700400004632,0.691684389140272,-1.0363449444659252,0.33802087797611857
3100,9900,-0.26784254636896515,-0.5544053435660211,1.1316963768445774,0.7237507667950911,-0.7678612046056449,-0.30365585293780706,-0.7067135184980343,0.1369992303996013,0.5043794704690716,-0.5469327680075594,-0.24285609065323296,-0.570082024955318,0.3501205601891052
3200,0,-0.8291033628124883,-1.0932896006243291,-0.7281484235974622,1.1987658962881567,-0.24577630538975564,-0.20585021734168618,-1.3058319446260882,0.6751390348034499,-0.08298483661478878,-0.20409485506131986,-1.1759840476047332,-0.7315603446935479,0.12427336331174073
3200,100,-1.0116217445733997,-1.189607671894927,-1.2784342557881443,0.9477010283831173,-1.1873889923445717,0.328800619093945,-0.8798428326597081,1.15221930704711,-0.3293624550323768,-0.705338768382777,-0.5238491762794739,0.6307909253667685,-1.2219938012349105
3200,200,-1.4497753804276703,-1.6908967657898073,-1.8414747501477953,0.22380955744386102,-1.510844666950048,1.0568552087409224,-1.672417188890577,1.3292531556544518,-0.2609666639759763,-0.1388685340309433,-1.1144034707910717,0.7573795712252992,-1.1364186166913275
3200,300,-1.1527268900780387,-1.393583143680838,-1.3653236169392384,1.2424491767365957,-0.8040565548466374,1.8811818710571482,-1.1105008796069564,1.4278417866089645,-1.0642853037052353,-0.2308021667702966,-0.48391039188469703,0.46510898971864123,-1.154454540252995
3200,400,-1.212292787906319,-1.0928101316005923,-0.5607222574841121,1.0445989773517015,-2.2872926712150443,1.8665699490228755,-0.4737236974237853,1.3835132725716546,-0.3209826617576971,-0.3019711223178486,-0.5354127290110815,0.1945531781775332,-0.9957951576973075
3200,500,-0.5454776716214567,-0.9978584412274563,-1.0810560436964431,0.7241135887174343,-1.4506150110995082,0.8335076407473261,-0.9167146980856081,0.7388022515936429,-0.906567329629919,0.12486691150559846,-0.702007538960866,0.6446852889966146,-0.7989462699951904
3200,600,-0.7447424897810504,-0.9776677513803325,0.07805605348929269,0.07932933559596772,-1.264171861194725,1.7384299986378828,-0.4577101249593003,1.240781273306767,-1.3243512868282834,-0.6854098260369379,-0.9187434962988428,1.2640634902177372,-1.5517802227554747
3200,700,-0.7137153522302178,-0.604061637393849,-0.004389683036480922,0.7260977065194092,-1.2611487829563943,0.5768190001436595,-0.666374815263501,0.8613212277670014,-1.66968687314347,-0.5979309894376481,-0.8824421050664711,1.0905442931136602,-1.2490701972366187
3200,800,-0.9121096666522931,-0.8232373145969222,-0.32039548476857804,0.13851176043924382,-1.032975972917363,1.2756877835826044,-1.4525832022476313,0.16244502130270477,-0.11209361861623719,-0.9779159208509031,-1.0345137481542395,2.2546077851750908,-1.1427376277549712
3200,900,-0.9731414689858866,-0.6019218262900093,-0.10592041950908147,-0.43047862612029253,-0.9758472797738796,1.0361761307742903,-0.4736511962319968,1.5908720537644416,-0.6293829829119701,-1.7540912589015734,-1.3834428175335847,1.332523921486313,-1.7221613285748214
3200,1000,-1.317840176408286,-0.5570523140529121,-0.7877187113071306,-0.05276366815986371,-0.7527115157286454,1.9902976893416588,-1.6395584730480934,1.591229141477109,-0.8090204168062024,-1.3870307578143113,-0.7188505557197549,1.9632397963199522,-1.1415407045583437
3200,1100,-2.202601998428594,-0.8619161928866319,-1.3695808984148712,-0.22680879848217594,-0.9137950426112532,0.38424043026936067,-1.0981959219907689,1.776514460955699,-0.03256282546269227,-1.5874998981794086,-0.9160280224732685,2.5097618823438874,-0.8986081661158216
3200,1200,-2.1170774513146995,-1.4833587125199044,-1.3036638041891888,-0.11055205217048174,-0.765249509600749,1.3378276020334785,-0.8912720448413405,1.4690414809493113,-1.0515722163173284,-0.973080385821444,-1.7461544845491572,1.6208761440269508,-1.1221514096901581
3200,1300,-1.3986321082406814,-0.7812473270231998,-0.829578094902684,-0.3074794680236614,-1.18916542653694,1.6131016063425725,-1.0352603820351673,0.7991713326970683,-1.5860979130617783,-1.123850716081285,-1.2186074551389263,1.3430969354249138,-0.9285136413892963
3200,1400,-0.7953696970849953,-1.6332645105293342,-0.7120581884243685,1.2965859616236965,-1.4031307253423706,1.7122298807640914,-1.336357661969011,0.9934517114021408,-0.9870680907198051,-1.0313476525120033,-0.8981467130573674,1.1775988705284308,-1.2865905272029625
3200,1500,-0.9958773237832106,-1.3558536938222359,-1.49128601236881,0.9556017750030449,-1.5588515949843433,2.1040768665978904,-1.2834885556381748,1.9778477313781178,-1.5719647753712274,-1.617201299772545,-1.5270331771176338,1.9898063900058758,-1.4749735277828908
3200,1600,-1.033687826619039,-1.595388514058798,-1.120331294486393,1.0978424774981606,-1.1733154114568682,1.6836595091793622,-1.4802302930204008,1.9344134257022285,-1.5931919182953826,-1.2554864286942968,-0.6937875994060679,1.7332789971927727,-1.668652312668022
3200,1700,-1.7186710478944052,-1.380870251512031,-1.1962555103823824,1.704741030073306,-1.4241807404119244,1.781741035903501,-1.1616538509472991,2.006899229575329,-1.8100992464171026,-1.7003310142352108,-1.2417224537374405,0.6717804528100582,-1.820867409206993
3200,1800,-1.332118255836248,-1.3394061306257967,-1.1839435063667738,1.6946910873352306,-1.912787666385197,1.9955883035088542,-1.1489400913568972,1.4811398483231508,-1.3067692861273672,-1.6567070177846974,-1.3110645909406493,1.1212848991566433,-1.2901666353965786
3200,1900,-0.75618646416333,-1.1250473033874897,-1.2401058208875781,1.698979189826019,-1.3590558358566265,1.8452866589349084,-1.9907221465263707,1.3898457713501662,-1.6385141786018207,-1.2659247047846869,-1.0261725106308595,1.32212981054867,-1.6159411972834592
3200,2000,-1.165247556459166,-0.9089994409097709,-1.400406660454174,1.2039532924972012,-1.3591002460998167,1.7440630267174386,-0.3189910808063806,0.45720244206696026,-1.7477363547998463,-1.23123923988865,-1.6047962795647106,0.7779717206570917,-1.5923910948334619
3200,2100,-0.8595036906780165,-1.3511004514312424,-1.1869369677921224,1.54313188461423,-1.0619223355537752,1.3969701122821765,-0.9523547645788006,0.1317425679600404,-1.7317312612959392,-0.1815046625479882,-0.5098665068143045,0.5566651297721503,-1.3268572701678731
3200,2200,-0.043111808019059714,-0.3847495302196217,-1.0662563223614703,-0.2256861703683464,-1.2716626471086798,0.8249760617667331,-0.5312053190770164,0.2229588645886854,-1.4478885917810613,0.36314584964170393,-0.5911733392973372,-0.19715731333416958,-1.6516707706841434
3200,2300,0.06518232586414893,-0.45030484617393407,-0.533846676309255,-0.9880591257022879,-0.537219112793198,1.1712752650869003,0.23236192257601085,-0.4452840491889944,-1.086022398866506,-0.223255927253527,0.0841263999912626,-0.3229810872508012,-0.02586008630057796
3200,2400,0.13360706067717068,0.2595938455850511,-0.9537394916526168,-0.2554378628730165,-0.11706872635984461,0.6629880601283289,-0.2534149384226237,-0.15857067727597293,-1.540638600922498,0.33640135956080097,-0.09954611559844727,-0.40075998570753657,0.8094830462801598
3200,2500,1.4213081324673817,0.529217398670624,0.011482889290085336,0.0450567114486996,-0.22042734790155646,-0.7022783497415807,1.078813171386646,-0.004965179485057175,-1.008986269786117,0.9180915161200668,0.7921683227560238,-0.20560697016419494,0.5486467531815588
3200,2600,0.484145842728565,1.151663329479342,-0.4910401301978799,-0.5587529262526543,-0.19686061937578575,-1.0314629636596613,0.444245313113019,-0.35804498988058936,-0.46327040764259825,1.3240193735280426,0.3457996690708302,-1.0959859464192059,-0.13315106429716572
3200,2700,0.09207493232635715,0.4261799275828863,0.13796114989746644,-0.3553594293649122,-0.07849465691262024,-1.5627158285394627,-0.46719820730232714,0.599307147253071,-0.14923557307233237,0.7840226466744556,0.35246486399769505,-0.7993594972746666,-0.5586511205905645
3200,2800,0.6521650625628661,0.6835184551524724,0.09989934780487024,-0.24107721996289186,0.3893152434894525,-1.5466583699312966,0.5659811736027701,-0.8386344829826725,0.36105188364545887,1.254296980325031,0.477414140125689,-1.3392196085024561,-0.4604774824161823
3200,2900,0.49296149279169915,1.1107177397843293,0.9651523263233173,-0.8201318625274441,0.6399918716887961,-0.9799106434361988,0.945464464804411,-0.5742383107690874,0.8797121742943629,1.3487249604318323,1.148883727651354,-2.101903540781695,1.0587092516671395
3200,3000,1.178751039805385,0.9790327034326022,1.0543939256845651,-0.6987272111086971,1.8051903682734536,-0.5686841871910835,1.3296621695720154,-0.3401346021496256,0.5328333883571584,0.9584427691672702,1.9229681907534502,-1.0018763077134305,0.7743800441772667
3200,3100,1.6636770733962827,1.2852391687824551,0.6694153383560392,-1.4167640273161848,0.7752642842557284,-1.3227571678818049,1.6087696590713307,-1.1104738389899083,1.14242436387356,1.1131512828411172,1.0018595840774707,-1.8255870575226072,1.2068898385388205
3200,3200,1.4845245497850907,-0.9230019031591379,0.7556197921443892,-0.3527469812388601,0.4889937004705299,-0.7281098770464705,0.8062067317062901,-0.9188323904614996,1.5448258288534917,1.7066925751593645,1.3123103753256902,-1.2543214269807297,0.10483387019371909
3200,3300,1.3204478526737415,-0.8205605393939627,0.25303508728049817,-0.6832061749049176,1.4466564138419136,-0.15733567147188685,1.9263865350093783,-1.3387807242992176,0.7951473327534858,1.454126019571607,1.3666199454266732,-1.1238202149407313,0.5948362030765373
3200,3400,1.2132124577834307,-0.159654779107437,1.6241498273505983,-0.1367494955039579,0.9891291160166763,-1.3223099798994886,1.8456285639672656,-0.5942609186852195,1.4392599405225552,1.1691735665803875,1.3215199994732547,-1.280784176393388,0.2782246034164533
3200,3500,1.1236008389151677,0.7682581198105658,0.7700729843601528,0.18514564920561452,-0.311492831486012,-0.9085137622020717,0.9056514966167128,-0.26520068527357893,1.158040728473243,1.7946683002086743,1.3271247526410836,-0.7752609939645554,0.6154148822522204
3200,3600,1.5320115373929595,0.7298514148912268,-0.5244646963115178,-0.19264437789940764,0.008646320981239535,-0.19076680860805661,1.3615669820677352,-0.6453385113444546,0.7522974940431604,0.6589833069798473,1.2035169422067356,-0.18833490882585802,0.49873784357169015
3200,3700,1.1865966372205428,0.7102710128888085,-0.1768387259682703,0.4418204779126228,0.6479546861039588,-0.8004558901005138,1.3337364035066765,-1.3367508687338896,1.1033379171033324,0.3125856971188095,1.058327278232548,-0.8302967180165832,0.6954212537345226
3200,3800,0.5532326862101175,0.9894872272511469,0.7151044968663421,1.0320938027457744,0.5288895953947371,-1.4116468830489346,0.15611556891577574,-0.3771908400384645,0.6101865922046921,1.1299618048552844,0.7427943079947713,-0.406629690176071,-0.5685198630317208
3200,3900,1.3710168843772994,0.15857337583299935,1.9011361073008546,0.4442086963343755,0.551149034519784,-0.8173238700703647,2.0061033007022635,-0.2871665350500865,0.7771457562774475,0.47731373055046666,0.592725276225528,-0.1036870329200858,-0.22135753505848468
3200,4000,1.688117855517428,-0.22830005129485126,1.5737716459984352,0.20256507164498097,0.8743652666988359,-0.46413110016560327,1.6927850118603125,-0.48294580391424935,1.165105566802516,-0.8750922909532886,1.4193110955410082,-0.3036535870544569,0.4120026475158937
3200,4100,1.029010295305704,1.0732926268835643,1.8462776850479465,-0.6860614914813418,1.2962816100074843,-0.7154843733603192,1.3067967216675795,-0.8190669827110386,0.9340062788101697,0.17739513200815904,1.5250141549464227,-0.17470284690431664,1.1722229048546695
3200,4200,0.31617852670322516,1.4968420370716362,1.7369107385439237,-0.9483628450347957,1.254414719516145,-1.7392509196709205,1.6027933578109952,-1.0303218349509373,1.6212626537166686,0.5402461724676969,1.7618581617989157,-0.7357373065886279,0.5708294527246206
3200,4300,1.5673104859747105,0.6120777181764788,2.0286591124248994,-1.2418294904557226,1.21811194277031,-1.0780533136973545,1.048047776157009,-1.3432992241570036,1.5643143229785126,1.5518455347660076,1.560015897469861,-1.037823698074097,-0.08132191634868131
3200,4400,1.4482087263772738,1.9405769016641117,1.2436879133446104,-1.1120632166782591,1.4555622580458951,-1.0253926237615887,1.3379503966461592,-1.1128629887379027,1.1509210755204942,0.9037423880464256,1.2771926449058617,-1.2439037919242661,0.9307003748205355
3200,4500,1.177528752636314,1.0550933095237198,1.2383074420787163,-1.2277892514814501,1.6936171483442317,-1.5340984055009015,0.34548892916474927,-0.9175577261969133,1.795109602414368,1.0592724367334434,0.4671975221050249,-1.2895468882877132,-0.2944849859059578
3200,4600,0.5795618373928911,0.013155896312750054,0.01797403665315053,-1.1210280766758598,1.4741317410593848,-0.9395222819169992,1.086744104551017,-1.031718831305464,0.7235682141140233,2.056243285225464,1.295399330493967,-1.0286005009976822,0.6756617440083326
3200,4700,1.3954629491969195,0.6480003020875276,0.470005479408489,-1.2048501067925836,0.2786148552290307,-1.0344088362852077,1.073752391502067,-0.50344717945384,1.0559159535610294,2.047283744982974,1.061171956601092,-0.4895567978389953,1.2541111472813884
3200,4800,0.48509131323460014,0.7688324936127185,0.5521096451311136,-1.1511956585895495,1.2852482642924596,-1.2539937686101372,0.04859942344097157,-0.34954741585545135,0.3625579943334976,1.9022780047030485,0.9706657425265798,-1.3722111747006724,0.9656883714596964
3200,4900,-0.10237577300701022,0.9432569091330816,-0.3472990755735063,-0.4125140604283795,0.35481650457185765,-0.9744807760212268,0.4025348669569648,-0.5768735651239144,-0.6904608971525281,2.1276008897472085,-0.0718066625420723,-0.7151017816193626,0.1512413628823317
3200,5000,-0.06565600239239815,1.5589684975874112,-0.5199410912346552,-0.6928910354715211,0.46665375393147074,-0.5627579184282337,1.058470690208703,-0.8523683268031224,-0.7446502620247566,0.8031411769253989,0.3980720087185002,-0.4433588392115941,0.5836829083810733
3200,5100,1.2412977164724581,0.8869401077694458,-0.4402756327982895,-0.8292707758102768,0.9281511633308868,-1.231090268304824,1.1064792388881954,-0.7464982056429075,-0.2673285403371806,1.1576223694713548,1.0864963747255436,-0.8400637002689301,0.40224156952787987
3200,5200,0.23507749804350617,0.6838284478198837,-0.4016310020467369,-0.3185747856659317,0.44394197333636193,-0.8125260522387818,-1.2442885350920097,-0.11351364760794512,-0.5691632939728954,1.624219561102291,0.36068744951907394,-0.33676655202733385,0.5085057645977707
3200,5300,-0.9507505625608637,-0.18962895097013668,-0.06652722340429974,0.5269761761995685,-0.5081073640679381,-0.29893509692308534,-0.49558790463169283,-0.04015595845156432,0.25415104251611864,1.543833871225947,-0.9519835965938362,-1.2968504242288843,-0.7085928959384579
3200,5400,0.1632897918336907,-0.10754029054339573,0.5915496263941108,-1.1251713652497013,-0.41245022769290807,0.16118182411545318,-0.4507398252140209,-0.3580626543417292,0.962585249731723,0.5356383463910073,-0.35168195589490175,-0.042886125347047305,0.14738491288314468
3200,5500,-0.6766970650681319,-0.705090952937945,-0.10386163400421491,-1.1025211310350935,-0.19831203141213663,0.3716275873225159,-0.779767967566968,-0.22210385909384212,1.2068801570045693,0.46488892223270306,-0.049850946734319855,-0.5009970105373127,-0.27410078582043146
3200,5600,-0.9400731126718652,-0.7159008126664247,0.06615919443331632,-0.7173778759106972,0.0993197422523063,1.239577242825347,-0.5431981390653811,-0.6453605641342035,0.43780278234550796,1.2569986472280854,-0.4255646293237079,0.8434928069292704,-0.6666571645800363
3200,5700,0.33954405744705,-0.3396658211477372,0.4166615346437398,-1.011879652601231,-0.08587669939731402,0.34186566984541966,-0.13481471484217733,-0.7551676888631293,-0.16100141031498408,0.6008369980310281,-0.6647469047389902,0.5493555760021439,-1.2552440430096228
3200,5800,0.2330849892568627,0.2093028346722635,1.1834702566989193,-0.6293492440523724,0.7745457949357203,0.4879680167927048,-0.40971429634975226,-0.45643645595940063,-0.151867127029717,0.4018864763447706,0.5696024256422795,-0.29635168613005963,-0.3501858399599165
3200,5900,-0.4562036176865089,0.6844395847205763,1.195390856038125,-0.8639310909294361,0.07291455114075623,0.21391279515153186,0.3167009161572453,0.010834547504320478,-0.4696994721591411,0.6458630407888242,-0.5762846198180652,0.0792876440376407,-0.712238467672168
3200,6000,-0.10650884681309748,0.3636002434231403,-0.20381007841973167,-1.0645381610307443,-0.5528345661093539,0.9475747581727004,-0.765143139489756,-0.6914739798875034,-1.7289053405700545,0.7398676500913594,-0.3126522233260326,-0.1545691514753007,-0.043177351622821054
3200,6100,-0.10277438461686815,-0.08817004995790792,0.009198439349461695,-1.1897406526528453,-0.7521780871455691,1.2011672629511942,0.28544641851104263,-0.36854737089195666,-0.6970270477337629,-0.6426791018303111,-0.15154903015196752,-0.28797079833095657,-0.13832766344647512
3200,6200,-0.3254053237846606,-0.758438656012038,0.15158315837395778,-1.0157041756600544,-0.347939737569378,1.2079492290441436,-0.5283721742304184,0.1946731955670263,-1.6684212984089264,0.8902492740643548,-0.6049978260644207,-0.2210370443319162,-0.6923103108806462
3200,6300,-1.117472170317856,-0.8511690646970161,-0.32901274992376045,-0.8894968188106205,-0.6778596096822771,0.4257674277112979,-0.6994894202833953,1.129298590709745,-1.2378703633267694,-1.0246028651975685,-0.5729552933493334,0.398525196894281,-0.39361866492855857
3200,6400,-1.4007635091353023,-1.3752514549980588,-0.15507072166216312,-0.32515713517722544,-1.238267111267854,-0.14934342559874686,-1.1158821816602789,1.4195923067873903,-0.9244260771373293,0.6192769028637046,-1.584348596234439,0.08756253044792195,-0.12040572669868566
3200,6500,-1.085698124070452,-1.6045085196737605,-1.6048365299537144,0.7100735157834073,-1.1280604031408483,1.0274781156896553,-1.7794855095215827,1.11138550847867,-1.4232499623775343,0.6317071529019042,-1.1851642984394155,1.203293222845645,-0.7939674193380217
3200,6600,-1.9084800844447773,-0.7571147875448092,-1.0453322099701192,1.366064879045727,-1.3373150250919863,0.035201079628163594,-1.388766758290144,1.5217876632433074,-1.070410934004748,1.029465900107798,-1.861258329932739,0.8124814408753211,-1.4686288753807388
3200,6700,-1.4356381449371693,-1.5421180350981178,-0.782806483166972,1.683086889806228,-1.1382722559017464,0.7220828428090841,-1.2560387759267597,1.0438761940901604,-0.9143587209701955,1.3745401734301925,-1.321261546623917,0.6701257091235735,-1.240952026143541
3200,6800,-0.3933695323410796,-1.3499683066897767,-1.2566498981416887,1.8180372602273365,-1.6714604070657815,0.12541936226325337,-0.1309346307986964,1.4930898731921984,0.07350983328743498,1.761042858176311,-1.0549205624069709,-0.4833675643305599,0.035227049832018145
3200,6900,0.12549795214176987,0.059492044471265444,-1.0088333276885966,1.2786894229923025,-1.132802405816144,1.0359952156349976,-0.5459451399906157,-0.4255467167573553,0.943505864992453,1.5034713428244553,-0.25127025341659104,-0.5028440708731741,-1.2053894436796226
3200,7000,-0.42679822679288065,-0.788468570053006,-0.6927531007385112,0.5921070128150913,-1.9447195528633123,0.3231229090067792,-0.3058488251105284,-0.3103685159710001,0.8496895099190632,-0.1710651844076199,-0.7587046543464333,-0.8968938768844571,-0.15948158828022868
3200,7100,-0.26797229580814935,0.06323238201068114,-0.5662193039594469,0.4661138247287513,-1.5709115069299606,0.45244477134519057,-0.12043811062257441,0.5390689837879926,0.7609456561230633,-0.7546467729588285,-0.25171745505071286,-0.9251213697264005,-0.2633594606412842
3200,7200,-0.5660448954279451,0.225973303476723,0.12443691647870979,1.139142597851077,-0.8499617422696178,0.205235697911397,0.21701294508903238,0.5882557654199683,0.14452365756232896,-0.14810583493160578,-0.7687270284276244,-0.9850718161675054,-0.35350433360704153
3200,7300,-0.6436788168491099,-1.2011376162487661,-0.3378127706187388,1.3046448140053182,-0.8037731021867314,0.7833481698593158,-0.7689853644338469,1.068964815841671,0.6915227009494213,-0.5238249912630946,-1.3469764873092,-0.893507731896079,-0.9415438206413747
3200,7400,-1.303374228083199,-0.5278294006643058,-0.9511537357224182,0.8620018888727321,-0.4488978350967372,1.0670245218130443,-1.2429449542484379,0.8518832430965213,-0.21442577926674286,-0.8813726183321554,-1.7426038150842658,0.3722673369444504,-1.1581935177227978
3200,7500,-1.3854975760586208,-0.5485486104938014,-1.1947707046980718,1.6107374617919354,-1.6315911042613291,0.996620738178667,-0.7949478507655223,1.0695798421721983,-0.34552634443953095,-0.3066447942822869,-1.436718454855569,0.863163606520831,-0.9623570354501761
3200,7600,-1.4005880302605047,-0.8036044902712122,-0.6367724392512533,1.2674084113239628,-1.582584841410713,0.21428899594512066,-0.7810072458464592,0.6660495506902943,-0.7117160177604104,-0.6381041636744297,-0.14934369210783527,-0.23882174684062493,-0.6886148363918491
3200,7700,-0.28634495448782193,-0.875125914879982,-0.3613091640608071,0.9818485112943196,-0.8337352026538242,0.11827559504490362,-1.079753342724092,0.4271311585470575,-1.088742880721593,-0.18427628240357422,-0.8743282521946307,0.05019887807397093,0.013962332053310027
3200,7800,0.10387608375182643,0.19476197989500224,-0.993172439984037,0.11152125352846431,-0.5665988325862865,-0.22562297837181858,0.2748754780684474,-0.14344777933245673,-0.3117625041606165,-0.868287078999438,0.48923135547833546,-0.9077833640507676,0.6999286499653465
3200,7900,-0.1382671651328726,0.33189139650001587,-0.6856989435673755,-0.46779983724637564,-0.49869299220169816,-0.2558845601418545,-0.3204095547682841,0.5391068626468044,-0.1161645809951267,-0.4195583386026737,0.147948257288555,-1.3086586049800926,-0.6050101351644316
3200,8000,-0.6854974578605255,0.36019101824898153,-0.6668289463838042,-0.20833569332824187,-0.002361630188491715,-0.08532953402018101,-0.5880967076724151,0.3125192637182695,0.4967447480987455,0.31979140176484167,-0.8393872024606487,-1.4745541963917086,-1.1445057578222706
3200,8100,0.6230165486033028,1.1757391585470323,0.6229555110130361,-0.8659636877286014,0.3725178889291641,-0.5509815335110722,1.252479725897021,0.7449003518751235,0.19915200705803496,0.24061460167271445,0.5046273901550875,-0.5297595564572691,-0.224334252624677
3200,8200,1.0576143899985446,1.7594750443240679,1.1196306932300129,-0.7934913014293344,1.0975950620760975,-1.2441097359180033,0.48396955390174334,-1.157092854232179,0.5797486676859237,0.39431803658549247,0.914763175074389,-0.630312289741549,0.8188397588274139
3200,8300,1.9129791445088062,1.863624409401666,1.7165530674520393,-1.3752007195484262,1.474614430572107,-1.7736653127377109,0.8455935779240816,-1.5053675807409679,0.4039476108293364,0.9284423771853556,1.2751385858253004,-1.6559541183958857,1.501606705781807
3200,8400,1.168501686614181,0.8885730766524512,1.7489466777122868,-1.4228910002817339,1.7624463063482743,-1.258733547941682,1.578434091082447,-0.7924443527115806,0.38129170584946465,0.41740067525066255,1.5661936349013121,-1.9178506153975043,1.137517898102376
3200,8500,1.746697785716729,1.2313258863117214,1.413782475915904,-1.4462256822160438,1.3946227988705135,-1.4517523322984045,0.7801798865367582,-1.3482403688248654,1.2790402220138402,1.3947790038055343,1.4959767629702374,-1.4803863916800224,1.2661048205442285
3200,8600,1.548688914152865,1.2569866074657197,1.622365334736628,-1.1586677651190052,1.2683277529214871,-0.9551293742989889,1.431151820431061,-1.7421169184714236,0.8761489209917531,1.4195102289162047,2.0703426607989974,-1.7974292770874014,2.2462991265093573
3200,8700,1.7760592424287096,2.3892817134675335,1.7412336363605498,-1.8444582623743917,2.0775889906783727,-1.3207794287917525,2.3676440288669256,-1.8078774334493921,1.5226207697800422,1.14914160666627,1.367176792870916,-1.3852594373888016,1.1067598680645205
3200,8800,1.6934434358797297,1.9680291007671855,1.6421121487337993,-2.035064478294573,1.7133645899929226,-2.0721205293174165,1.6822028294201978,-1.4103028507806543,1.765740748936969,1.0495075105073453,2.3823349524256403,-1.015378160758564,2.09716763829634
3200,8900,1.5923395478650104,1.5061524456984183,1.7604935742055776,-1.175383400347038,2.211188139499467,-1.03442920030352,1.3401716615520085,-0.7914053390113638,1.721277894205111,1.3529202827829874,1.6848667066322176,-1.4705692388433123,1.5283254105648294
3200,9000,1.5806553503774523,2.020730468738649,1.9566074107778628,-1.8523484393471532,1.7753775353167227,-1.3187328832916227,1.8346356304148113,-0.8718538864633192,1.3325312630060189,1.160443921368761,2.073251078927263,-1.1119241107305182,1.3351620182629766
3200,9100,2.1759536346422377,1.5982348939344306,1.7252395346216762,-1.4660242968275663,1.7167559564595363,-1.6069600609802406,1.7334219886638569,-2.5494584801632123,1.855342696632955,1.7438323228074495,2.1604614234950223,-1.81630156300459,1.361480955782376
3200,9200,1.7258879066839583,1.431310396297563,1.1927373564028163,-0.38408510782127353,1.9952932274380033,-1.5303567284466875,1.3179160014771494,-1.885628556342221,1.57449144065016,1.2360369122765922,1.744782973194328,-1.6410111056127734,1.748078223820783
3200,9300,1.195949498534957,1.8649863545832712,2.1673385293948093,-0.8931229670828652,1.7168120199656387,-1.2845451220070137,1.4634571053029546,-1.6031220020590868,1.3343687552157182,0.779738185508769,2.021579861758706,-1.6828790812887973,1.8218622345710758
3200,9400,1.5933949369702234,2.449918606926702,1.8374711496793472,-1.0834119215177938,1.7396450934845866,-1.5924178494327312,1.6711434951836064,-1.442362150199571,0.9216313792987154,0.8713949312726785,1.990169185383094,-1.6476957840565236,1.5908306637931953
3200,9500,1.7405113540026986,1.3367320500714288,2.1262412583312744,-0.6059821470816439,1.0089365073769034,-1.5351728667345905,1.4108253104117965,-1.0029010992699743,0.9677960226139115,0.29196382520673264,1.5539453101234892,-0.9283925692897339,1.0209821704521256
3200,9600,0.5572950770753492,0.14030541492281115,1.6178751625275791,-0.3248352419442136,1.2117170321738162,-0.08834759159826581,0.49026319741457025,0.14895451612428814,1.35453692849979,-0.6818602465174536,0.5306371307014474,-1.1168259033320322,1.4456224758938823
3200,9700,0.8210088350566134,-0.060661136047247606,2.0147109488860693,0.40511302765267954,1.1321114831538592,-0.5934975213606483,1.182601103110502,-0.20734550890483208,0.8773694903596138,-0.8156166411315471,0.9049824810915607,-1.0584763743058507,1.427707262532693
3200,9800,1.450171554841266,-0.3540695246365974,1.3259558356375278,-0.19850791843368368,1.0186156960284671,-0.43317853355341096,0.6621184221873989,-0.8244939168250495,-0.14161474433111151,-1.1860308608023793,1.2209643678553856,-0.3692043123290901,0.9945470571019691
3200,9900,-0.07284389613516531,-0.4851956240418458,1.13052562906907,-0.03591798573282869,-0.3164466867803992,0.617313302178785,0.16227254696246837,0.9645430418624268,-0.07143599845275397,-0.3620894336640059,0.2038646263721585,-1.74019173621507,-0.4615790331187367
3300,0,-0.5729760651490552,-1.2647640626290668,-0.9355120846091216,1.3699524722105942,-0.26467624055263056,-0.12505750095225654,-1.2877401880324895,0.5179222181761053,0.3388359333519205,0.08519578961498293,-1.758876676919489,0.46928730193922596,0.744752250626576
3300,100,-0.8720652917681659,-1.1799169818924193,-1.3749056560707154,0.3433607926952664,-1.4699739079623653,0.503105805071731,-1.4361911114666281,1.7521598476515299,-0.005403959061536324,-0.7250971791256255,-1.5858139974881316,0.8752262120577796,-1.127811831512503
3300,200,-1.0443248969487302,-1.1891729617533797,-1.4080129891272806,0.7023524191800717,-1.3883539103585756,1.4097659208410065,-0.9904860386780533,1.1304131979838532,0.21647227190160825,0.6225030399682482,-1.201084592766928,0.7212634697357119,-1.0196431933965264
3300,300,-0.7884840300357222,-1.62341411032128,-0.9335586447637939,1.098173673620491,-1.1717243010350407,1.6249326907722168,-1.1314205323494946,1.2224655396013984,-0.9434800618367479,-0.7163110111436721,-1.2596913319195318,0.277949519025416,-2.096618488402869
3300,400,-0.22816991206851903,-1.1473598579541244,-1.147103451594805,0.1498956823500532,-1.5785335561672467,1.3813646826867723,-0.42427783082635323,1.7825491870357135,-0.9846533134481464,-0.2752034882131147,-0.05648553727876366,0.6079729175588288,-0.6498587529938449
3300,500,-0.5031996575330991,-0.2662945617768045,-0.8551377178816953,0.6017072460204479,-1.8918259598286575,0.7650888874148999,-0.8604744859817487,0.46903179249658977,-0.5168341180397857,0.038054831415551854,-0.7916622596909605,1.2265313731894876,-0.3059033246562064
3300,600,-0.14339119090457658,-1.1430330605762733,-0.3113731316348884,0.5012195069007156,-1.5206793496489905,0.9041606538636728,-0.6630717152754925,1.0902002420415229,-1.5033036845488132,-0.5577592479055088,-0.42927834694483596,1.1597703194818003,-0.6726331850081215
3300,700,-0.4703655394767917,-1.4291742392204458,-0.34913184266625263,0.7092146125337196,-1.3306127744972407,0.38095758667660967,-0.8570324090208635,0.811388265889941,-0.8318986526269504,-1.0649301427995006,-0.4718161193379535,2.4358843051629724,-1.2168691416726298
3300,800,-1.2213838281074443,-0.7200037817082182,-0.7995990588563431,0.07705282643317878,-0.773782165302894,1.4247009189434632,-1.0372635754914292,0.3546167151225948,-1.0313766012465397,-0.6902682976544794,-1.1305038588234813,1.640992210807263,-1.2220152204869497
3300,900,-1.2113679441132394,-1.596812728760381,-1.32375889701288,-0.06689387810926081,-0.7703803819190967,0.5579264117286084,-1.0986495269942007,1.2198782649106243,-1.2449046452636943,-1.6508184666574117,-0.5748694192699632,1.1693405244193351,-1.3576781689614628
3300,1000,-1.4938703579164556,-0.8198295469037599,-0.07507530585060747,-0.20003970740233942,-0.860857971067178,0.9550235909814437,-0.8147942376368315,1.5695179134666113,-1.069840140415679,-1.7202446191086418,-1.313562271507868,1.8419873514134402,-1.233087295850418
3300,1100,-1.285626350354856,-1.5109197175114324,-0.47104445178567445,-0.47007336557255447,-0.6600633540239567,0.9424904279015156,-1.5284684605519219,1.2690949484063228,0.0323916165327339,-1.0416594352209823,-0.801560369492114,1.6682931143468598,-0.5225664592629536
3300,1200,-1.4821532382574982,-1.2668581428440044,-0.8619532335587717,-0.0835038670494441,-1.4821854215656876,1.5240228972932202,-0.8730112017672763,1.6214980987978287,-1.0563927154417363,-1.519125239126896,-1.6234596724367367,2.1480326155563882,-1.5086826431380789
3300,1300,-1.4737777293379242,-1.2212689567836021,-1.6565311121805675,0.38097596568936964,-1.1225752594100238,1.6237861271330698,-1.5776216902848261,1.3301446153687735,-1.6210434484620855,-1.6825180397525115,-1.3675961929072151,1.7114849833730095,-0.3068829890430031
3300,1400,-1.0389470792606237,-1.316709949104227,-0.7745251169134065,1.623251853678071,-1.544693672391418,2.409450852538023,-1.3050037107059846,1.4872069297584187,-1.1819548687017842,-0.9702607462187832,-2.0632324324020255,2.18506340373553,-1.4454822578245936
3300,1500,-2.114373819544729,-1.0588801385072577,-1.1240495059827231,0.39608413140063375,-1.0252908339762505,2.1259354166183346,-1.033172271797296,1.9444920029590413,-1.3307427039043684,-1.7116031997438013,-1.086319436893073,1.4809453774556867,-1.5471897488163826
3300,1600,-1.6563607979200519,-1.3066418361504364,-1.103065334839645,1.3595098482284227,-1.423314200187134,1.298847064719043,-1.0362362146289017,1.7654529750790617,-1.7840295382469542,-0.8698846449279111,-1.5675633822938637,2.1156973325238524,-1.6048836957673391
3300,1700,-1.5361416747799868,-1.3989821669535467,-1.1345722095814328,1.8006457867587513,-1.400395029592787,1.6476416373399265,-1.4936088996728165,1.720640923746121,-1.3813897272577484,-1.3929048350327242,-1.1357928639552597,1.453103385451539,-1.465996245298738
3300,1800,-1.6179114312690086,-1.2008335614107084,-1.2968070173519273,1.5776441034849202,-1.2104180812499206,1.5331480268604725,-1.8980851450663616,1.8847056782522027,-1.1474001157039766,-1.1585799026855865,-0.8173265905765887,1.65687127610709,-1.5841927474038204
3300,1900,-1.0463939215048768,-1.2825685068379598,-1.4944577469401414,1.7540830155884997,-1.152320674307472,1.6565292661612832,-1.4504387664351464,1.4521096954943231,-1.686889956100577,-0.8261471155172205,-1.367237679317008,1.4680804009866397,-1.670117890214365
3300,2000,-0.883293774822866,-1.0296706070652546,-0.9184384469227026,1.1423081151051957,-1.75180189471265,1.880535293711042,-1.6191974315418078,0.598384045653554,-1.0883039404844668,-0.8346660818385835,-0.708816412905167,0.5277963267945929,-1.0624383950326397
3300,2100,-1.0599802695764629,-0.7901551068900828,-0.9333452526765024,0.09105314829394986,-1.6906412189462177,2.0418153459016084,-0.9891233203170718,0.9670574854166529,-1.2354671496389396,0.18878492456998225,-1.2141035330079772,-0.0954946051715091,-1.3836521635248353
3300,2200,-0.16518373578950019,-0.9125864264727805,-1.3010409421276168,-0.47871525128817694,-0.5301515690060529,0.6904731471325619,-0.6833977148889404,0.9881054759479272,-0.6748557789632664,-0.4794658136146164,-1.0646437208637187,-0.2152336113404488,-1.0664375676208695
3300,2300,-0.39703969369703646,-1.08052148592312,-0.8175217554148982,-0.21281974963463182,-0.35822426270086594,0.7972360623717079,-0.04634614282000526,0.2858623254866618,-1.4857746955066875,-0.3186147789657165,-0.7764539501860622,-0.3232901878294934,-0.6097371353294156
3300,2400,0.14330295066044993,0.3311347095536141,-0.34604579133122493,-0.129703840914233,-1.4441521339736632,0.29212103633013603,-0.5954097444099584,-0.19051860615963082,-1.5620596207141422,0.6063463117370742,-0.1917500956312935,-0.9770532841960478,0.8303387138668782
3300,2500,1.1240306957462058,0.49803086180730916,-0.04329843104652197,-1.0800912243298082,-0.8472316733053312,-0.5908547597427862,1.1664887136244186,0.10013690747417713,0.5947217256262439,0.7502619628080225,0.7932258175386293,-0.9646759960851469,0.07735472710947763
3300,2600,0.3055995944501997,1.1458628909506712,-0.21533500498312713,-0.1408342804692756,0.8494442264002937,0.036661084829245114,-0.5564165230016549,-0.731966180486931,-0.7539365438464966,1.122798821363772,-0.3756986918539832,-0.3279399767018731,-0.19210067523070254
3300,2700,0.3215889739227722,0.556849240893974,0.09113413498281278,0.17831579852340848,0.04669992468895623,-0.7407973843029094,0.6922232929824228,0.7573668676478151,-0.5763922598897304,0.8498354276023401,-0.13099731745471682,-1.543452021492777,-0.1957423599193587
3300,2800,1.0798332908247912,-0.012770210806312025,0.2300103202689459,-0.38096890428620145,0.7672772452171538,-1.5133947862057668,0.9473799032208463,-0.5243673493987566,0.4138800487292341,1.637574827794992,0.864696756279811,-1.6869489204756347,-0.2452679323787675
3300,2900,0.7967564918441711,1.0072187041694025,0.9652558011415809,-0.015082070671103754,0.6864137149104194,-1.0778701783515003,0.5764134156810473,-0.023457681263970024,1.2335629168134656,1.5996640320562847,0.5677613177594264,-1.4624735813856016,0.23655941796112823
3300,3000,1.1827959137205641,1.4763038117998997,0.7480870943623613,0.21351210207165977,1.002284369357094,-1.2364900828926573,1.2586720907400772,-1.6726647327184996,1.6866586351610096,1.4130079196170666,0.9579649905422454,-1.3467316393286684,1.427834610933343
3300,3100,1.6424767800509263,1.2933700659967187,0.2061936896045664,-1.2942224683590744,0.4835854515069376,-1.4679397936280136,1.807417156897457,-1.1728521476119318,1.398049026140229,1.2662581127630654,1.730493509710533,-1.6756334236745454,1.0327383679024602
3300,3200,1.1154485871634714,-0.5246753840650834,0.7355869209083663,-0.24015220733681758,1.2632064884580299,-0.5389588711358546,1.473720378021044,-1.3299003848649293,1.5061664457004815,1.3345972723798152,1.2244697011044199,-1.7687567275747398,0.7990572157194265
3300,3300,0.8128819789150395,0.5718515443710406,2.06345038421096,-0.42175443402362195,1.1383806940182606,-0.4198916698848889,1.2798228501187252,-1.2110984565729712,2.039322630661251,0.7069274986002586,1.5474158695469087,-1.5305543792660012,0.32880033701228945
3300,3400,1.716922397137429,-0.12884660337383272,1.6444882643526046,-0.39502528680285154,0.6699640684351417,-0.6393102682016106,1.6173290160504727,-1.608126156576152,1.3791767894924178,0.7834745320379453,0.6867579754412712,-0.922312069124218,0.6660681593845716
3300,3500,1.5393808141265088,0.9331891764167664,0.32821157526235156,-0.15487414526744372,0.4104682027445624,-0.9368034383318274,1.4952597181245757,-0.4497350102073724,1.6331914912701762,1.948195924452446,1.1028299620550839,-1.2425146665111189,0.4984000290769331
3300,3600,0.7550392663441439,1.1147449818514028,-0.6199115027441298,0.2331428028729836,0.8661013945106885,-0.1464570674809829,1.712554471800668,-0.6018001545925475,1.5053852566044232,0.9851052208557385,1.7286281979365323,-0.3633218028247379,-0.20022682007627204
3300,3700,1.5228711777922816,0.5843146705827269,0.9929810532624226,0.8341282902494793,0.7810152382767955,-0.805790720101688,1.8038339470118063,-1.0182621146082065,1.0066329715231646,0.9704507311303839,1.3835021073701512,-0.5563561534585849,1.299330063446341
3300,3800,1.1009387013088303,0.03988190740611777,1.01101579491978,0.9151777281133613,0.5749810641997642,-1.5620204388213328,0.9288202048326683,-0.6437668220407375,1.2479019758462038,1.1826771713592694,1.0540028279683868,-0.44174659400853433,0.01728214416589685
3300,3900,0.8236562538589003,0.30505833717908387,2.0288994336600576,0.8046705265799523,1.1210203604995181,-0.23823044882404826,1.3687421791468837,-0.6833024882514614,1.561279184265308,1.6858739464232806,1.07817569543149,-0.48647499608095257,0.10347427859288487
3300,4000,0.8489701719954504,0.034787487842683845,2.1463870097091458,-0.5106665567117327,1.2641088924040957,-0.8465578501229377,1.4501181061747244,-0.7814026722915186,1.3067343005748873,-0.27466129874495154,0.4572502257336533,-0.3042163814723988,0.34820606129320725
3300,4100,0.890316473293018,0.6956134076511576,1.3307836127123236,-0.4439612343133494,1.3861580470922712,-0.8176104668000866,0.990820533193007,-1.4883276170747175,1.3271078614589367,0.6643421302983427,1.2734555445129332,-0.29906313962285797,0.9960715734881721
3300,4200,0.6847734290958094,1.2579137622877081,1.6564819203024788,-1.1214858081903956,1.1268939831519404,-1.1500115707797511,1.0433749357978614,-0.9766579433124907,1.487116784199101,1.7326457392158128,1.5518119573693872,-0.8606958859116804,0.15426395457442588
3300,4300,0.9943398161578317,0.7455542263996675,1.4066214787665607,-0.8796707338168361,1.6796121431665323,-1.123455928018864,1.430266069043366,-0.8871857776218318,1.6903784041842635,1.8507957086230642,1.2854804940419449,-0.9309583734390292,0.33056675046808537
3300,4400,0.8574164558365152,1.696905426794091,1.3564913796559481,-1.0390779672747115,2.1400380587770265,-0.7522166290824229,0.9663546649212541,-0.858811308622324,1.0095176606007954,1.352699008698016,1.1516157037925079,-0.23459169811539307,0.953359404581606
3300,4500,0.38021805377008844,0.6729160088633998,0.7949188785900351,-0.4872812121913501,0.7094821247678023,-1.0708477984160838,-0.06892542956188016,-0.9172822213682956,1.5299173440380622,0.926746041351908,-0.7362555674744617,-0.34246204670172714,-0.3368247501876214
3300,4600,0.24088403280765455,-0.10245659063597566,-0.3577293217177038,-0.5687062107631281,0.7386455812452426,-1.1380174389975817,0.31080951857038897,-0.2947019030987659,1.2468615253704967,1.749808377531112,0.5736932743137746,-1.5508416950804955,0.5420865111785447
3300,4700,0.6436351855221856,0.025575023116609218,-0.2661049325255268,-0.5028318966235377,0.7168185907881717,-1.238789343310598,0.13181101329429054,-0.563238627242016,0.7690054088959722,1.6875705126344112,1.025204674825823,-0.7580579309328395,1.8296450125772046
3300,4800,-0.2955034513939924,0.16115560138660662,-0.12175776149137292,-0.7998907520089447,1.1641277541301382,-1.0804484284447724,0.5042676970558219,-0.6993986381238966,0.35298573858547294,1.8768952256629436,0.29055430338910515,-0.6137580237576714,0.9700849790504492
3300,4900,-0.7293804626498291,0.834874942638478,0.6365740180358447,-0.3670196263598674,0.780278138509679,-0.6048426998628578,0.7928063712810828,-0.008820826898176192,-0.4672131085125715,1.9775943160174734,-0.5366788535029619,-0.9905658133759981,0.31928214629639745
3300,5000,-0.37115432112096997,1.2541398138193303,-0.04544381840706733,-1.0071205459785886,0.5582300584498201,-0.6814227017546888,1.1575564383328474,-1.3742445550021911,-0.24734839814866383,1.4461221307388965,0.16554435063819986,-0.8102612117172949,-0.3090827407651541
3300,5100,1.0573510939122979,0.9648495328893165,-0.18140823090963712,-0.9455049024205014,1.0417634149158428,-1.118260815572685,0.7560350577861725,-1.1803035595284064,0.7375714449316654,0.9807404194108268,0.8868530964166924,-1.2352698354239502,0.8431097088129031
3300,5200,0.279551198986799,0.2447531404263643,0.476164037582204,-0.6524515886095767,0.29405589114687714,-0.4628564334900306,0.1684964045936629,0.05795259167031762,0.5682416992197221,0.5964202414703643,0.6609510108150641,-1.6265096288578342,0.2889679148885347
3300,5300,-1.105262733373691,-0.17434729313046282,-0.24941244234912366,-0.02835543750277388,-0.3257555771048253,-0.04599538721940147,-0.33996684992019194,-0.3423916742739605,0.9202023922469078,1.1851816126864931,-1.3013246061346107,-0.9499164924913368,-0.3226901325790826
3300,5400,-0.6783876414259755,-0.5673956896112884,-0.7099634069430444,-0.9250072296253472,0.010857887852516318,0.7023585437302173,-0.5713393531102519,-0.5977336722981871,1.5015361996586103,0.8664561987752173,-0.2501920637163191,-0.08802744322787734,-0.5904079811627875
3300,5500,-0.6055528447070163,-0.48671013229814364,-0.6372621826540481,-0.8929179678904524,0.28065866220010316,-0.13651882813402336,-0.032193345759477326,0.11290839872428494,1.1110022976994824,-0.004290573107922394,-0.2987808765171867,0.020810778641427018,-0.10437447360988647
3300,5600,-0.3039212383920598,-0.4912579214054987,0.5927428094533671,-0.595377974426683,-0.1689861885067112,1.7192261317959197,-0.5780903995963171,-0.3229165200861326,0.44564222799574327,0.6309724307918774,-0.5253697945208694,1.021811752071632,0.22014593249703984
3300,5700,0.0076328798186381585,-0.40300741457936884,0.46300219021529193,-1.1872201395616142,0.4560741255275701,0.43713040322563884,0.14512546415139801,-0.17273315852245796,0.3756685082439189,0.46174961063895054,-0.3744141346928038,-0.15653495091845124,-0.17788877190032445
3300,5800,0.6706839649321776,0.5313996489116624,0.8934654623585844,-0.49657696791412487,1.0031256269587014,0.5353382936294881,-0.0153228796197575,-1.6002393962791162,0.11090406564462851,0.5473598464156315,0.4039929904943154,0.2387627548646473,0.2521249414875877
3300,5900,0.28688541146719926,0.01105965485466954,0.199345746993088,-0.9578240947203697,-0.2420931308863611,0.7660901132646987,1.0298800438736107,-0.8579213999712272,-0.18788810603945008,0.2642783177866229,-0.727741446399087,0.3247493796492952,-0.9701998969485
3300,6000,-0.4714972816714057,0.16916700732022943,-0.043744697865670416,-1.2410204134741525,-0.8373965919977164,0.2909274595205,0.49888897609560123,-0.7968586714644649,-0.761697236788049,0.37581839218825897,-0.13412669422610513,-0.1265449844656672,0.10561698013247368
3300,6100,0.6070446828642058,-0.506771669255879,0.12069478225941525,-1.2182072084468445,-0.6748698698620572,1.4392423930597322,0.4987072933265494,-0.934040328235652,-1.0266259337063872,-0.06720088706287465,0.3456792421244167,-0.7395460886734014,-1.4365478693066265
3300,6200,-0.18788051640997194,-0.38448798234822695,-1.1836305165802883,-1.0723515434565827,-0.20858813468606596,0.38887303122065886,0.015325789235015994,0.24431056799159487,-0.9363659248761659,-0.16677663354404768,-0.419070647771882,-0.9208301430990873,-0.5573490025423766
3300,6300,-1.4845957099134333,-0.6041351168815755,-0.876072450165474,-1.1857135451456986,-0.5288537711605455,-0.020633855889321234,-1.3910898290229905,1.3859314544313428,-0.943232091440288,0.262707939332297,-1.3609705524403901,-0.6440950149668487,-0.39178520181114374
3300,6400,-0.9782663870259305,-1.5563129916876184,-0.4996924715455584,-0.39072366562127325,-1.0035105374876592,0.24781608064563163,-1.3789767864462124,1.7514466683487782,-0.7900029096785337,0.10654046474844915,-1.342709395666336,-0.18569201177682226,-0.7858078944732633
3300,6500,-1.631749403927083,-1.084585358766266,-0.5046969842118869,0.5563394073418495,-1.3991987957871495,1.1399326532434662,-1.7043491380132603,1.5151321015476578,-1.498371512642453,0.7329247798467202,-0.9315778876687794,0.8289343441383896,-0.6693036843597697
3300,6600,-1.8905032696972248,-0.9173968109968955,-1.2088127642543838,0.9627164912327609,-1.6955769532259275,0.23150636580679868,-0.9180223235119449,2.1871696689811593,-1.2637457808220582,1.3874661357324831,-1.164118345992763,0.29629614081885564,-0.2760451680986066
3300,6700,-1.5465373017893302,-1.5109240438954006,-1.4883533408144223,1.796444183223995,-1.3815155568592716,1.4999589103803346,-1.210988839855194,1.4118208898192106,-0.004374376478627735,1.7681677800798818,-1.0656908394979407,0.04628672171672704,-0.726983724512172
3300,6800,-0.8032372691136042,-0.7631732792394146,-0.9408710983483856,1.5356392998432653,-1.384688345195439,0.7150590837500443,-0.638959836341243,1.2675372970803525,-0.4109617386778971,1.2591351675425428,-1.4236708609927207,0.1131530300490589,-0.7157188917648748
3300,6900,-0.13269172985096087,-0.1972555508487077,-0.844425363249173,1.8021896624598848,-1.7959774045651842,1.7861460332893238,-0.22111153274284714,0.4403620060620745,0.7952599229933184,1.5861066263194366,-0.7856862629596957,-0.7202590041204514,-0.9912698804716499
3300,7000,-0.4962065467713812,-0.9145388893579146,-0.10640202736560561,0.9002042622910368,-1.0538528375517084,0.2456312386124052,-0.12631213057048032,0.45853633767913826,-0.03550398361495919,0.06168800504153338,-0.5227418496339763,0.0996596122389872,-1.0607077863066288
3300,7100,0.0891362813252116,-0.18828519965532906,-0.06023329826718635,1.5497989682054845,-1.6028526815564477,0.6278750598073572,-0.7786049557240479,0.7930241152280065,0.5241740876786911,-0.3254084677786905,-0.42875274676258973,-1.3439101312629598,-0.4235673221115004
3300,7200,-0.4559420594663878,-0.6133778194050447,-0.47683722611326906,0.9979434317723119,-0.8003739078838262,1.0089728649953653,-0.6789904264600702,0.5410232750622225,0.6079000053490947,-0.14649601800828357,-0.9389533348965802,-0.9929150639992361,-0.5863262354029662
3300,7300,-0.7901826723444156,-0.768177393985764,-0.15857550116774044,1.6220810129083836,-1.3235630524913289,0.8009008067167509,-1.0867522015372393,0.872143899992749,0.641548612384915,-0.7724060677808297,-1.6323273117719683,-0.7685574341387719,-0.6197614041939407
3300,7400,-2.145240441399085,-0.7540652723514116,-0.5750166117570745,1.299165538657849,-0.7461271934112301,1.0809883530555644,-1.1912873276452276,1.0424828793686147,-0.3979607084124738,-0.2924384728657223,-1.3373558222552333,0.0885478505749751,-1.5208788264338515
3300,7500,-1.3662643414182385,-0.6887278769299296,-1.1975673891587602,1.6593752471625518,-1.5228363792215123,1.7202920266662505,-1.3665037364399908,0.8470584448073225,0.1940129989768017,-0.19184396962783656,-1.084809400436382,0.35227193128436507,-1.3112112313936317
3300,7600,-0.5360255893192623,-0.39411089173465313,-1.070939542926897,1.1602998968811675,-1.2306193077739065,0.8874315350653295,-0.5034506741925829,-0.17198408315516434,-0.9215652209730435,-0.5615987338373025,-1.0556038521853357,0.4565941370923292,-0.8176060519872436
3300,7700,-0.0899562617491752,-0.943520436426876,-0.7554627976470812,1.4641170683410205,-0.7161955344440804,-0.4624871908022346,-0.46540353911812965,-0.5186399952725217,-0.6751417778066086,-0.40480618147339725,0.2600128429526396,0.5626319009027583,-0.40502298428177447
3300,7800,-0.5366352625352095,-0.4839331507355108,-1.2596065067170448,1.4691016533926107,-0.32543147300227476,0.0644549020441137,-0.0974410725694409,-0.12776280413627708,-0.7212461890506296,0.41601266731609016,-0.3028815283788838,-0.7693185849196525,0.04787238755435272
3300,7900,0.6005016021279066,-0.18491340669302905,-0.8997955003371815,0.42094319012618725,0.1810115435485726,-1.0880300747851617,-0.2644716068413279,0.2755838920370876,-0.07758902087403326,0.20749822685304486,-0.05847997540025144,-0.9338761177335457,-0.18744041013813872
3300,8000,-0.12527455616479957,0.7390492635655191,-0.7219250962508479,-0.4013352939341493,-0.0828119856324734,-0.08056877815388187,-0.4430645306807066,-0.1556228698977985,0.9847090733873205,0.3158524973046426,-0.31035473023089144,-0.17157475020694052,-0.746162713069426
3300,8100,0.6319090186051743,1.4493929525523617,-0.3017876674896682,-0.37321583034652944,0.027296185080103407,-0.7469262105191647,0.18938349606207325,0.08909677397931257,-0.26146253134135167,0.9912021072714732,0.5423281452317557,-1.3001532695459836,0.03294603085972777
3300,8200,0.9901032805693668,1.159081799114888,1.0360838748351184,-0.9167360930045083,0.5348165718318793,-1.1956627176814119,0.43994436883450366,-0.44697280505875636,1.3326480910972762,-0.11637052808958052,0.9113930200162335,-1.3315538730995582,0.9246008098133711
3300,8300,0.9961440955158807,1.5473932599964657,1.9166434746589465,-0.8157936049003599,1.4419454189941057,-0.9781920161963791,1.6588134778893857,-1.0166172180993633,0.9920584257007381,0.41113571525794296,1.1938032435932746,-0.5902360135672371,1.5617830191063489
3300,8400,1.5736012482941317,1.5815974770221886,2.207758557778972,-1.1265943097009041,1.479379579722583,-1.1009749246911191,1.5752126360753473,-0.8656645799975587,1.2844302482330925,0.04063607609180199,1.4319204041766016,-0.613495073872439,1.0251985827743637
3300,8500,1.4773352221839284,1.693988993515189,2.1364746717564156,-1.472301597859229,1.405955128961356,-1.291686578352396,1.6234060826282097,-2.0781176777533354,1.451689630051053,1.3961218103975712,1.6498973444364717,-0.9694533240233165,1.778900440352402
3300,8600,1.659164932974721,2.6510417342176273,1.8225813735070844,-1.445027373657885,2.046998520487761,-1.3117104253934126,2.03957608416204,-1.0612423993295477,1.3752835242008012,1.3769879615189726,1.5229613963470947,-1.5642705780130295,1.5291286157612614
3300,8700,2.010899055916924,2.4950974097780234,1.4834081131676427,-1.6189361998628884,1.9408073233156895,-0.9171080248217467,2.3281672553123007,-1.320024785833067,1.652262000900768,1.8737165966600975,1.625518373007793,-1.060876544262753,1.34460443017118
3300,8800,1.6112761340901474,1.3087580350838988,1.6033769376706326,-1.4746808825855016,2.110971500875404,-1.5976081606343209,1.8352316150579018,-1.5013704491028264,1.3710342139131961,1.2374762587405972,1.7655884451109682,-1.2857086268038618,1.6360241682141927
3300,8900,1.4223905625506466,1.4903221186854867,1.1123949811085683,-1.2780929291145176,1.9575632707666584,-1.496881058119631,2.3241163373428875,-1.5127913170394718,0.9665162441807867,0.9333930214562766,1.7290413570168688,-0.9818077728545613,1.5261729654930325
3300,9000,2.0921285804886396,1.753034571970568,2.286294346851673,-1.7845707000131608,1.6649582247433394,-0.8266584969652133,2.020304217656993,-1.4759263144232846,1.500240056881037,1.1370533516692751,1.7458863879905997,-0.7347394517854879,1.8626455894409648
3300,9100,1.5789329520002569,2.0033554146593655,1.5702737312921777,-1.0031708862455846,2.314385121198257,-1.9779093767468148,1.9085363362428178,-1.522319531272296,1.7259283254865065,1.5036392146782536,1.5614775258609002,-2.1948621847076284,1.7165688740750809
3300,9200,1.18374481821147,1.363626148952341,1.6191770616390526,-1.116973457173588,1.785129424394306,-1.4163507910424988,1.5503763666455743,-1.4903984374232537,1.7565452025656825,1.7642977682543297,1.255781602805905,-0.857829140515625,2.0664553679945126
3300,9300,1.5216462047216692,1.971382900159252,1.4508597603781639,-0.9844498987145905,1.2106523238358962,-1.8078657432555527,2.0321689036211117,-1.87742598962805,1.5081439235999408,0.929536271083986,1.508748622936957,-1.3380456886910579,1.6899466683216393
3300,9400,1.6562631327110355,1.5411192402980074,0.8185918063388332,-0.43397222564249466,1.9095173791900464,-1.1887175750778676,1.6190804878259297,-1.0782984523887744,1.5293921942527098,0.6730737514422542,1.0365733202013048,-1.6004670411920543,1.8300414140016708
3300,9500,1.1834789900421274,1.394811813764394,2.1166621828551047,-1.0959326853905496,1.3082932235118827,-0.7107319135756478,1.2833341972942416,-0.977481632062606,1.5146983200931656,0.6021725424282113,1.198718491773684,-1.384422441417368,1.0556568234843169
3300,9600,1.1926728176463928,0.2783417835723657,1.6806475707899609,0.16952038292366098,0.11820092447841997,-0.9369715624377862,1.7473272400543467,-0.37298906127025816,0.7890526018782084,-0.339263037857541,0.9454232901037215,-0.6677127555509843,1.2478666239954825
3300,9700,0.8714350073348313,-0.25261358873015793,1.276778709294346,-0.21867098829256287,1.2367798098191511,0.23468455586119685,0.48037723830694556,-0.6914408423699719,1.2218609186808944,-0.9674363306719266,0.9172337202371565,-0.8073252145176167,1.169612306863462
3300,9800,0.9398931204105637,0.20607889354333783,1.3799984683707056,-0.5822110239979996,0.7548889376767716,-1.2347807937932067,0.9561406765863726,-1.1508472099069094,0.5263020799014867,-1.0165395567262592,0.9175688387767174,0.03474124687536836,0.09525363308314323
3300,9900,0.6793868044535236,0.23453881401256899,0.7418674005899553,0.13088312151973971,0.04223511788366802,-1.2035770301771938,-0.6459600862798971,-0.008987602536264749,-0.002488317484579692,-0.17798692968986574,0.06720910982922369,-1.200371313286751,0.7062491650729005
3400,0,-0.9445251783667371,-1.465686857065235,-1.124289305025757,1.635314709840247,-0.17447220442584524,-0.5106355024615427,-1.1396067266343983,0.9112013310612178,0.2756684181438087,0.11456469030933103,-0.6094102673143819,0.48642170314745814,0.3506529418685305
3400,100,-1.2067047936976139,-1.293748324821675,-1.0783770916431534,0.2910013737093678,-1.6211444925992906,0.9160282340748109,-0.1945648222634736,1.2190109300493768,-0.8103943258450255,-0.18795836300200627,-0.8976171170762778,1.480748682615734,-0.60261291199279
3400,200,-1.1768023114709558,-1.2553891894638036,-1.471301851875305,0.026707372693060547,-1.191161188997377,1.5093577162582732,-0.7732173577866034,1.381399858496184,-0.474633717827344,-0.5379046247864742,-0.8889801216946782,1.0154915696679159,-1.5685354945074266
3400,300,-1.1189117798503194,-0.8090300766190711,-1.56193755036779,0.26327988489360177,-1.7019657262891046,1.1969702090151515,-0.4195345509078968,1.3945527450443083,-0.966811910927783,-0.40039260552100087,-0.9714792734143494,0.9751511548196377,-0.4552884497813698
3400,400,-0.12996485886998466,-1.1635241029360253,-0.2980123601520551,0.3357525793975755,-1.7306498587008474,1.2896316363197704,-0.46915461133680947,1.4894068929478408,-1.1669847327874867,-0.3011322936041673,-0.5036124301937865,0.4712439467903393,-0.5519394905100105
3400,500,-0.16376034473249323,-0.5051956737126279,-1.5002476301059533,0.42404102724580717,-1.2039171739756904,1.634441614444294,-0.28746413087482436,1.1466867891954489,-0.4976170279370022,-0.17858845615263658,-1.2973003283747464,0.9916835566005704,-0.36639013219334504
3400,600,-0.290582118578016,-0.846857763492005,-0.2864493445657755,1.124464265553512,-1.3125544495039196,1.5668867652119474,-0.8436266534696508,1.2684913397488733,-1.274544491103274,-0.4630857390008417,-0.42862871155896914,1.285779354912945,-0.8446694181022867
3400,700,-0.9336633427500505,-0.8664617306764961,0.40605305566494215,1.4092074749707033,-1.246407298397623,1.6315561646051568,-0.6562659310632887,0.9137545734752239,-1.1774551918113603,-0.2490367536276352,-0.9583952022785825,1.36297245004707,-0.7614570177930011
3400,800,-0.9258849031771518,-0.4816138128839368,0.6258883991494915,0.0956404618543375,-0.815942179687598,1.685934261945534,-0.8575283108483621,1.0519781665002386,-0.8568546211998819,-0.6051349009706047,-1.5713103376417337,1.570016893760912,-0.9491380341426552
3400,900,-0.7035864096899853,-0.9715120913745995,-0.45383122088539074,-0.7181364731395946,-0.9638081757653129,0.8414143794732796,-1.1765139654512597,1.0245075686324479,-0.8677483414515091,-1.2363663903144968,-0.655402258620429,1.4251435413080553,-1.1944255176031107
3400,1000,-0.8931754661315814,-0.6475954542901562,0.09793019214240402,-0.3314222182071441,-0.335791211485191,0.9678728879536586,-1.092625795054572,1.7210932319991388,-1.352192391598139,-1.5476050791788498,-1.2694741153092992,1.7101662831130855,-1.5785044705903444
3400,1100,-1.6989744578336563,-0.5433652127560509,-0.5311878216224658,0.1841625890760944,-1.1903826844347944,1.6206264324892534,-1.3699606493969525,1.5555402910945126,-0.8878739610299963,-1.4181795094829124,-1.6548431402718362,1.6915183071997042,-0.8806017174412301
3400,1200,-1.8954385112418803,-1.754336534411162,-1.0067356877683855,1.029788536669562,-1.5454295251801604,2.206671379454761,-1.3314206610135728,2.082098352097515,-0.45485436943464,-0.761520006475546,-1.206335429462703,1.0227953479429133,-0.47788669413493123
3400,1300,-1.1414484180338458,-0.8469146859748505,-0.8656826742585769,0.276562715996405,-0.9085238432737104,1.6735865961994336,-0.8589403163974225,1.2339765580530981,-1.8915329173888966,-1.4459604950031844,-1.4488191001196913,2.2106987764563035,-1.5218168377981074
3400,1400,-1.3035096888090523,-1.5925699808776432,-1.7034444323220415,1.7048709464658094,-1.478525516795509,1.7217850691124676,-1.2084797747285212,0.9079443784628373,-1.630471213521704,-1.3479855598799708,-0.7766425557098107,1.3752880521872148,-1.305617214466833
3400,1500,-1.2071752583056006,-1.162670224749236,-0.9488036164074014,1.4159317980413066,-1.684243892673178,1.8336508360244599,-1.8645609000822454,2.054936535290553,-1.5163233938474223,-1.2563169457853953,-1.367844930990289,1.7167257753022294,-1.2366712507129902
3400,1600,-1.9408619907328362,-1.719609126940137,-1.368648878902211,1.3697224149912832,-2.1904074364046986,1.9908488626217542,-1.2931261943786707,1.2185905126573868,-2.244299084666691,-1.3643961754914076,-1.345609251202749,1.3804509168583743,-1.2482637219089152
3400,1700,-2.064055605732125,-1.5144595493191113,-1.1070426471086376,1.613029451510993,-1.6357709967207499,1.10702223712119,-1.1914840717213162,1.6223309050209294,-2.1412852236522713,-1.825991149281628,-1.8928503217599666,1.035933431966806,-1.97879212385346
3400,1800,-1.9575787878181092,-1.278138348285638,-0.8821740417742229,1.5422391053324298,-1.7666049328464288,2.043302998556021,-1.2734369420121583,1.6698909421301351,-1.9571716528860152,-1.9781001984107627,-2.0590863255079275,1.7713920801731544,-1.159475744907463
3400,1900,-1.3712980130846308,-1.6482066712955845,-1.073141896336952,2.094214808503111,-1.856902708772332,1.8721535094083543,-1.7555140061346726,1.5821907467685952,-1.3206792644927265,-1.3043429104884818,-1.2878341595233715,1.1486231382029954,-1.2348696429111319
3400,2000,-0.6974539051911007,-1.2093149138709727,-1.1940762340878497,1.0587964006106083,-1.4242604273899862,2.054732638193367,-1.2666047050018028,0.701470764963907,-1.4212060749079019,-0.8619238638846788,-1.50649729194032,0.8855213291112022,-0.3001819027100046
3400,2100,-0.5107234380114118,-1.187298662100551,-1.3279673386283022,-0.416672002771308,-1.4510466739236942,0.9695337870643441,-1.1674091331670773,-0.20325296903217288,-1.3697386715554245,-0.040417972797186875,-1.3789878403645028,0.2724242388976304,-1.6576559748580446
3400,2200,-0.40678547065714404,-1.5118157415696356,-0.7925098958231369,-0.5744116479773071,-0.37618973513783577,1.0801193185635958,-0.8120150429654732,0.6497290116568533,-1.54983115540366,-0.6151934582610532,-0.2503136148992877,-0.187986561375134,-0.7823123265341587
3400,2300,-0.9465878067294045,-0.5900616573277795,-0.4278048989049236,0.07223990222021297,-1.331170788184583,0.20386815820489018,-0.6672292257453409,-0.0188204236989902,-0.9957007081091434,-0.36769356928886077,-0.43627871671636415,-0.36928875701647595,0.20498877091243492
3400,2400,0.5361043188433062,0.5748478030540151,0.20194445689127694,-0.472798965316175,-0.009143943293707827,0.8961303562997892,0.4463645718582323,-0.11988646793406267,-0.9955270352689554,-0.08962991876043731,0.16657857309266746,-0.028710956480331187,0.20607503436043892
3400,2500,0.4564571137867657,0.9193146490811647,-0.40979896762153034,-0.14031815465256942,-1.1642583829264626,-0.08121646623013032,0.42571426312020555,-0.8270217246303313,0.09158748014216808,1.9202204712545952,0.1751859121526596,-0.3723524132348591,0.49568567471595487
3400,2600,0.15370330256209017,0.9606760039207916,-0.596906732141506,0.1049628209664474,0.37284810744121444,-0.1863110327416535,-0.6136514304714507,-0.5476860616554802,-0.42128896412266204,0.8185624649582821,-0.07734447482379549,0.002460818568801551,0.3342555453333044
3400,2700,0.13243290640856117,0.4664026182430254,0.43993386206205304,0.7820217316436829,0.5135237422444638,-1.1529766455596857,0.422541010921571,-0.44442248663902567,-0.2932286931344925,1.4148443138233466,0.212027989787881,-1.2210591137977804,-0.5832617373651225
3400,2800,0.4435932701601397,0.7879038813487182,0.7325664525368394,-0.9801099922112477,0.9483695779390898,-0.9653130082244564,-0.03037966606991667,0.049854594726533544,0.1640162736121168,2.1267932489920067,0.6959929906062449,-0.8990904056232542,-0.2825934835534784
3400,2900,0.9419893451394294,0.9784537799427431,1.3688502385162369,-1.7742148816843952,0.855713108259776,-2.097539656932098,0.8970276107556939,-1.3937640051890114,0.4436580702479277,1.7211067540555163,1.1863947417555383,-1.1460065270986621,0.33314168396175065
3400,3000,1.6215203258550572,0.997371756593135,0.6514765719430643,-0.03601008665482648,1.66079371285624,-0.8515941011161626,1.1008300585384865,-0.5821386760856353,1.2788001721292617,1.165906375187761,1.3381430397362333,-1.7012944010452011,0.7124506454021889
3400,3100,1.4403461061166645,0.6389887805898927,1.231952626952292,-0.25253897967761235,0.5831869408714815,-1.0434227972852588,1.0465954694153334,-0.9721063900214405,1.5274486251866044,0.9039314500952382,1.1474326440588876,-1.7339469781003907,0.9457989129599016
3400,3200,0.5648198013526788,-0.10298282325231699,0.679646043873259,1.013348763670648,0.5169217078554401,-0.28505839484941964,0.7459247733392741,-0.4512938646491726,1.6602511645077227,1.886443911718749,0.7154088351610318,-0.886817907882698,0.5493422287124176
3400,3300,1.224726449291314,0.5331306674584906,0.9992312614819747,0.1957755799764565,0.5899422049830586,-0.8351763259444646,1.0888003322366637,-1.1342345123768045,1.9298395267028745,1.3548768629257277,1.5856569727879473,-0.4995863427578051,0.5391237380960179
3400,3400,1.225251737737929,0.5379908862435265,0.9640082665734674,0.5785431189316339,1.033356637395087,-1.016453221856406,1.3725452844383197,-1.0542052147427634,1.706616751193119,0.6809789776211893,1.0138260278188738,-1.079037456813874,0.3046277682140618
3400,3500,0.831818142409058,0.30220642523040275,0.7311695118512348,-0.15157564047928743,0.44093414814817944,-1.5703444242631588,1.5486884095475681,0.02866001236410991,0.24707543451553815,1.3865640483162933,1.4451037991160058,-0.6773252560597715,0.43726448204528334
3400,3600,1.0714763678277635,0.13119426617090482,0.566298101964421,-0.11513482029725068,1.0507419564393747,-0.1464034132346712,1.2297969001392173,-0.5730033331957994,1.0524675667151122,1.7503094091235032,0.9006143904348414,-0.9853458005271974,0.5959581156092055
3400,3700,1.0308088767141455,-0.04749455969011981,0.5199475247591895,0.9087507995169929,0.5156790737788015,-1.0342365899213375,1.567767638329139,-0.7491738611615888,1.3181106435202352,1.977256242307659,0.828728228502905,-0.9927824717722313,-0.46301013496755167
3400,3800,0.3404586570937873,0.5337754004339121,1.5524187285465734,1.4267553675149516,1.0123995580399459,-1.1206140606123833,0.5800583545585976,-0.21834000073452436,0.8908056722356312,1.1324584199525383,0.9961410570739535,-0.43175769457060087,0.8429324232224926
3400,3900,1.017465942195461,1.052789090427629,1.6058633291367315,0.8022661213382322,1.2617528040539192,-1.2196641563295232,1.144940584911684,-0.34768411580073316,1.009493319634804,1.4877564198503663,1.7054811287355318,0.09215156013628589,1.2477820738882925
3400,4000,0.5866873853917554,0.05386902848886721,0.7612876399813896,0.23939744932947413,1.3997992066741227,-0.4421019518333347,0.2992885467133425,-0.18698314792565857,1.2034417359330902,-0.17678543119460757,0.42089625359991895,-0.24277075617193444,0.9793872549112318
3400,4100,1.3207737344263286,1.017157142196636,2.1993832756865066,0.10302130871869843,1.1330853861314882,-1.218067538934689,1.4877803396492186,-0.8775329512508537,1.4652606217031425,1.293803578400566,0.5244905559404096,-0.9955297078012305,1.3493328624222811
3400,4200,0.8273806524025555,1.0484139479402408,2.1483045709064794,-0.9039898748066799,0.9907859948712112,-1.519502511740926,0.6399807474395329,-0.9350791258808483,1.3051616628346014,0.8430617537262433,1.2636884567997757,-0.9935838127443812,0.6853885995935838
3400,4300,0.8703250059134419,0.22886027635899736,1.671258986651878,-0.8319274566114179,1.6292118332916152,-0.8465166159965043,1.409676437198004,-0.9419632318811959,1.8149148704722038,1.2607993116628002,1.9167674403883812,-1.2393615127863666,0.6908450493531435
3400,4400,0.4539436716331221,0.3631676080391284,1.1176859247719253,-0.5343755947252576,0.8032589055032602,-1.410376029555461,0.24470338972032943,-0.4031083260671277,0.18598586778686302,1.0638663653597653,0.054726561558483745,0.15455655846597108,0.0006108652499412108
3400,4500,0.026175540670472734,0.8814959445779135,0.6951581169462461,-1.490686624741588,0.1787987423582324,-1.2310004604208333,-0.06379420705531627,-1.5908744774347146,1.5254355641968966,1.4979121573453245,-0.0628305145779057,-0.42457738404184636,1.199041828749377
3400,4600,0.2611473225573789,-0.4225028820791641,0.9345096580825295,-0.6883467040637707,0.1903319192650516,-1.2757375354109093,-0.11861472186571081,-0.9976202081840939,0.5737121944577513,0.9721938959792501,0.33362156648462626,-0.5898804364030631,0.562719652301047
3400,4700,0.5907873434298067,0.43075909021799347,0.3095829380787655,-0.8669225719995128,0.46162522186915544,-1.2793367874810075,0.17085076684254244,-0.4177605621473248,0.5943790652452527,2.3192676640635006,-0.16287836034236225,-0.7438930797397033,0.8730432750399345
3400,4800,0.17805431967054858,0.8157684953508773,0.7236315147988018,-1.2745486006407323,1.2646293419520152,-1.0949042221720293,-0.6087548769500495,-0.2118477709038077,0.8779301919374839,1.3546052722652986,0.8628068126501862,-0.9052593925130417,0.9095915762765314
3400,4900,0.7423396107231112,1.2396285404352378,-0.12321253656151503,-0.233608618230906,0.3342646230615067,-0.4435715089758124,0.437833042598507,-0.5735345854890599,-0.2033262408746354,1.739524665198441,0.027468536999517866,-1.1403292152564157,0.39311650157708966
3400,5000,0.019609156400963678,0.8599812304768805,0.5503961470064734,-0.43558938961149235,1.1851812044325845,-0.6585665392458462,0.63540853640236,-1.0558374109396251,0.5036182513534323,0.633942246701918,0.5221234899848212,-1.2830193458334633,-0.3727337872664972
3400,5100,0.20759510965615385,0.8361538007842052,0.5111475255777237,-0.6656190697167732,0.7326742298392428,-1.144147069830086,0.3496151429352086,-0.8602689959539762,0.9009547141464515,1.0161827750892103,0.9165500721256223,-0.8260416970464636,0.42938418422900476
3400,5200,0.08851561934060997,-0.5097040585948287,0.6665977289676972,0.23325181825145802,0.5491026090353978,-0.24451207340087938,-0.23941973781283246,-1.1203123367947345,0.24830414870268386,0.7937308428359676,-0.8256407613964267,-1.533011561009473,0.5669254032385366
3400,5300,-0.27127853239046057,-0.6789620049766482,0.021205717503343463,0.1793637923880198,-0.20234738700247365,-0.6203461455390328,-0.6463473682989692,-0.03059184149688431,0.04890996703366137,0.3798616364697338,-0.762469579483457,-1.0277363681406753,-0.4328731241479943
3400,5400,-0.3926566486871176,-0.46102292487200364,0.3637989044599896,-0.6370222632896447,-0.29589718094825257,-0.09861422505605161,-1.1572919564140012,-0.7379426955358452,1.9311574541201741,0.7202455060271852,-0.56046980028085,0.24560938408670782,0.061584844331809
3400,5500,-0.32022812353724467,-0.8914200201911313,0.3613998071746599,0.24282938996157002,0.19707041749385804,-0.6422676730105904,-0.3894325706374395,0.37145924816316817,1.4688161025512128,-0.06407951314604834,-0.21437941920603143,-0.01311737400379923,0.2410077237655398
3400,5600,-1.226312412490738,-0.9828929990130784,-0.22624560109772615,-0.9353232404124452,0.07349206021678979,1.0223551364280468,-0.7504576020164304,0.009489538959132812,0.8971751498225035,0.42410477440496847,-1.1611023487671257,1.3155128257016575,-0.5722694021505144
3400,5700,0.01610233985595819,-0.44366922363316313,0.07672540235343134,-1.153254466368717,-0.8010974676515578,0.37286329380981087,-0.6616460077698599,-0.2660529282475966,-0.16477370394903984,-0.06857831833773764,-0.6360903634544716,-0.19733571170492348,-0.30932790438162494
3400,5800,-0.19203719593791888,0.745748301645885,0.8975793155578751,-0.011106222904370102,-0.022559701430728676,0.4939347889801259,-0.5846085343450177,-1.1861517674797513,-0.398616425409088,-0.05824835873817572,-0.39893927292646364,0.3525082882824788,0.14823939464215918
3400,5900,0.8466852009336014,0.42473388324980305,0.5286204570177371,-1.2845613225676826,-0.5935600081471932,0.09722529884958951,0.8337493301130707,-0.81593267565738,-1.2551760330839385,1.4495339892283867,0.34818600538205235,0.3197445090001973,0.18507006472365983
3400,6000,-0.35234547794341237,-0.21792193747047892,-0.3776611209033089,-1.1700459456598584,-0.9453776865096613,-0.18674190950481034,1.1373565024982022,-0.8000100389574983,-0.6814163394633801,1.250635500628948,0.018101278006020183,-0.6213625727973098,0.08368629944075377
3400,6100,0.1614373581692572,-0.4938138405484479,-0.44871551553556077,-1.326120287834001,-0.9523186934672279,1.1968992709575859,-0.6408889888521607,-0.7691220897124079,-0.6271093491400548,0.7093772170348225,0.2634816648020156,-1.5062061853496707,-0.9031942901975046
3400,6200,0.37339217069751685,-1.083875689734565,-0.09156754834063942,-0.33550055431395925,-0.6771523976439111,0.960247662132438,-0.46320715553467234,1.0272989717915824,-1.4779392786784615,0.3505898742514138,-0.4789114590620082,-0.6557810912552021,0.14202720899737264
3400,6300,-0.06535572789223544,-0.8464015299453809,-0.7101483075721814,-0.8349429230377824,-0.5740223166052499,0.6824851962519799,-1.0320071663718557,1.6876867933426545,-0.6758475036635803,0.8068030491758933,-0.6051374857672891,-0.4036238494416023,-0.5362185446792347
3400,6400,-1.2796874637356457,-1.2441249417671651,-0.6729627595569082,-0.9173339412958196,-0.5194576784737232,0.39563149876356607,-0.9307976360203764,1.7475186952607151,-1.318523851233831,-0.1506773461410789,-1.441248077443954,-0.00045263314668188195,-1.040623762553934
3400,6500,-1.4687632374193416,-1.0688534700573806,-1.3216196513258178,0.1345607563943993,-1.5984698922986593,0.37542846099517596,-1.5170378192541085,1.7089922722626554,-1.8220015132813414,0.007057609385291705,-1.1702124145704547,1.0039106754083291,-1.0079396567983763
3400,6600,-1.6456208931954646,-1.518402653098125,-1.6016540970439554,0.7218818441392799,-1.433137862591025,0.517028140013434,-1.1309867261516855,1.2088967528072474,-1.260579604140547,0.8549784767602139,-0.7285144898885602,1.2288157715820094,-1.0444627278562235
3400,6700,-1.2199983822090827,-0.8003665229086175,-1.7107567074242782,1.8666755156326558,-1.1869026207101732,1.1874096396580591,-1.5604725886101132,2.067898945159299,-0.6432104610491697,2.065006742202592,-1.2753666805511175,0.36677061368856106,-0.7686680736779711
3400,6800,-0.8036294557155943,-1.2080740802244097,-0.26846297363091504,1.441342449156244,-0.956673112835718,0.91154092185745,-0.5060544762583201,1.0874613169998433,-0.005980959612242576,1.017545315122508,-0.4646122790679593,0.17916055504236428,0.03022604095213533
3400,6900,-0.24876099426584786,-0.1383912605217959,-0.5371696057403069,1.5329936816476657,-1.5421125222048082,0.0658215907435005,-0.1959283018498165,0.9264909052813602,0.4934424181211547,0.5498815703183412,-0.24130682530146405,0.12921309896715016,-1.151816754287711
3400,7000,-0.30389280730202817,-0.9523015626564233,-0.3939624418513074,1.2986700564747085,-1.391197083251397,0.5057322662742615,-0.8230836062894389,0.5980118948244201,-0.8004166616790116,0.27429336663830134,-1.0050520299836232,0.38760388796362755,-1.3285758299096215
3400,7100,-0.33019932162189614,-1.0732559817803318,0.06001232650207873,1.3169869353368406,-1.4077540350328122,0.9133210032758853,-0.34943149310078736,0.3583103351007498,0.7375355095732271,-0.2063443175308016,-0.2554220937554057,-1.3612810323490911,0.05202055248288418
3400,7200,-1.064767408601734,-0.2137351060097418,-0.940611322249161,1.1462646203873976,-1.50959393876575,0.45527039508995854,-0.6719693777125212,0.056753395674822,0.37149589863713334,-1.0715085238534576,-1.1085236808496373,-0.6671772926029507,-0.5378444381315676
3400,7300,-1.5683436667910313,-0.38066825398118825,-0.5863273091620826,0.9756837933315231,-1.308796805666187,0.6854551434413512,-1.0581629606240563,0.4779211924359299,0.04905093378530365,-0.2911063688877537,-1.1270191609396796,-0.8869519570350709,-0.850931432459995
3400,7400,-0.7855632462970528,-0.3384183641035977,-1.552942657909434,1.697790989135584,-0.47178702650347104,1.7227760299640478,-0.6931121432645364,0.9479619415592708,-0.767044114731468,-0.5973353478974661,-0.9014985776790062,0.36416699904802474,-1.3879395694576837
3400,7500,-1.0710915867193325,-0.7951653459859314,-1.1085359349121051,1.697270394984804,-0.8898039384980702,0.5298451338680735,-0.47434909296818406,0.8476026955509478,0.0727050029171304,-0.6355596173405071,-0.9164848041258523,-0.016126327817663995,-0.8749226347449109
3400,7600,-0.1139322967889731,-0.6127080662607118,-1.0245794975198292,1.859703140663557,-0.9559326131478414,0.04318039582940062,-0.6424904149995101,0.7599661797053866,-0.7082000177617379,0.18565030208889624,-0.6654444485095489,1.0562150285895373,-0.6987168371314545
3400,7700,-0.5256937903220048,-0.7764728653828998,-0.5349550701789355,1.7665440620200699,-1.5314576876581656,-0.17754431927847242,-0.42000152750234054,-0.038633859435113306,-0.5991556830266098,-0.2729992919999772,-0.8014154827810255,0.6827176034770304,0.24425842121970426
3400,7800,0.2772791878975326,-0.7319097529522858,-0.9842190800274865,1.3414515357463097,-1.1464174525543955,-0.10809400639554624,-0.7270630653091571,-0.4016476281904347,0.31382278938367847,-0.1812147494832064,-0.7157123749242406,-0.4664951065928257,-0.04624325226356577
3400,7900,0.3265289620641088,-0.06393674356140423,-0.8784391910295795,0.4931679167105275,-0.9039026971977329,-0.5146711188916059,-0.4686944546461866,0.30784659957966576,-0.43423766701509425,0.31971381440680574,0.006536502811485113,-0.8795952508408608,-0.9337483625506303
3400,8000,-0.07978304529774898,0.3981204912636885,-0.35249047086026425,-0.25075614453616635,-0.1678451075609219,-0.4696086709771551,-0.27899934324602294,0.9322063402207372,0.6613935517839061,0.32654789870734197,0.09139367345987676,-1.1161418127479668,-0.2587900318278495
3400,8100,0.5487738075487174,0.8575111227736297,0.5591950411085128,-0.33957779088646833,-0.4587743811212374,-0.6431242655945912,0.7906736869223262,1.1897758684127058,0.5829235823374277,1.0187923606513682,0.8584170412707619,-0.7512829972025865,-1.0381754932076985
3400,8200,0.9378533970250443,-0.04175363606975195,0.9077615323063384,-0.8855324428191605,-0.2562380083355682,-0.988305160412826,0.548874749991536,-0.7841005329152991,0.9364302723318096,0.3282921730132912,0.6853462496848266,-1.2127096270004232,0.7923424625414888
3400,8300,0.8543231212785211,0.8885111269062083,1.2854426259748837,-1.2159268450084746,1.3990238413488094,-0.8358561287266361,1.0144798747200408,-0.6683332889172374,1.3461364593485936,0.37000188606595746,1.110388670590024,-0.9972469170483775,1.3767891587625611
3400,8400,1.404238995738787,1.5424466739432914,1.67691829481404,-1.0831552277556789,1.5009547321771552,-1.0870917928668236,1.2071163451699176,-1.3120926118544507,1.479131690537779,1.0950212735835594,1.6840600131020458,-0.5948217498152985,1.665676313667652
3400,8500,0.86915712309649,1.664919419294401,1.717613504651226,-1.2541658728562717,2.4313758914436505,-1.48516694973771,1.125759570901739,-1.6325298168676188,1.4246733361602952,1.3670538519754531,0.8005532372081766,-1.16962222287327,1.6006018131745812
3400,8600,1.5973723984613724,1.677410061314046,1.784472394658875,-1.2015285763224584,1.8781980598544157,-1.305616532786861,1.3893770803694196,-1.2941151451562067,1.773541570480527,1.6436177424281686,1.5882502971026662,-0.9602776219990921,1.7259926812869633
3400,8700,1.8310517752544557,1.5822468193130523,2.083682668671282,-1.3489677950678587,2.0060757454914415,-1.780119973026275,1.9373499232160414,-1.6388459283636634,1.234590878139469,1.5929551741033188,1.8714527125261395,-0.7226628188819748,1.615843431516752
3400,8800,1.6055890290762471,1.778835642873382,1.9893169776529716,-1.4477843767731866,1.6089229299088772,-1.142218336830734,1.9339092959636714,-1.5385503608317252,0.9376765124183091,1.5856475375423076,1.8208285391758958,-1.1175249033397978,1.7223391338660765
3400,8900,1.8687689757720656,1.9655279245793293,1.836883229548505,-1.731265476275482,1.82734642825483,-1.2446696481999497,1.7456805898483931,-2.256513828242726,0.8090456279776188,1.5935657932864855,2.073127377962761,-1.31083641333437,1.427518676330567
3400,9000,1.6596189062781999,1.9288635518662307,2.2007475175380593,-1.1301304698349284,1.48509231733036,-1.3586715118886787,1.7783798554582042,-1.6914929955476965,1.229869773930045,2.126495482137303,1.8082556978808515,-1.0153684489228663,1.834124845070679
3400,9100,1.3277777599765341,2.0078363231587195,1.1170223645283588,-0.8090189126197765,1.6871238503316124,-1.7461530991945575,1.5721617727458952,-1.6666505135963425,1.7295722123410078,1.5898137780913646,1.8530997326924612,-1.2089938706607353,1.2429354938802954
3400,9200,1.3903068451879097,1.5674061608169798,1.761585635209229,-1.1357183415031122,2.525569130670791,-1.1860240788395284,2.094027223957948,-1.8089935771815941,0.9681353327736119,0.9772606677744474,1.5916514919609048,-1.094534508862827,1.3686218179467646
3400,9300,1.6253214696694702,1.7848525174525214,1.5605713367182625,-1.4526288072281186,1.6505816191638678,-1.4616903554280536,1.7124750828577355,-1.909273045881252,1.435796285287338,0.9235669329150374,1.9244839255442703,-0.5066559044029622,0.8619435136518596
3400,9400,1.321272298386758,0.8948386403133096,1.885432717872686,-1.065549912902692,1.313181769886135,-0.9801292083292732,1.7412099006175012,-1.0745165998498518,1.2511522416100103,-0.26773347966860117,2.0710143862526413,-1.3473970731001579,1.895374979430029
3400,9500,1.0505181961688415,0.527509241155683,1.1338254955346985,-0.8686896284164458,0.9855145024055683,-0.8720949193605978,0.9704870012278035,-0.8320661821347269,2.2718596189955598,-0.34796648087794046,1.325130663867605,-1.1661391865032598,1.051477476256742
3400,9600,1.3300043632197043,0.8270830324706564,1.26665823319808,-0.3617601977984413,0.1941789616398668,-0.7262138998306159,1.0953800337168795,-1.0062844426665505,0.28845275671582904,-0.9456104203992132,1.890726422394831,-0.46035023939265163,1.707601675203459
3400,9700,0.8611497569653471,-0.8006962377189283,1.5569449059139633,-0.03024634463759727,1.1843982834149898,-0.3149248152107133,0.7865964691280359,0.3291313692092507,0.9553136493160643,-0.3127759311379852,1.1004848347264191,-1.0906639054983456,0.9012666269787338
3400,9800,0.8135146349853701,0.6247962729361912,1.93603950453149,-0.21438480653750716,0.8940799063607862,-1.010774164012779,1.1830062788877345,-0.8332641573490679,0.4621037834024947,-1.549461204673933,0.5428300029411989,-0.15715978714924198,1.0968296407628164
3400,9900,1.0095597379564476,0.44026473749185774,1.1047450083221204,0.07472248609093639,0.2685979109491008,-0.15073701756020447,0.8581323991090941,-0.4551278277760236,0.4477792543289022,-0.07736962190433999,0.721741729708131,-0.9969334917308574,0.269900179917279
3500,0,0.8851153411368571,-1.1842388066015412,-0.5014098955012869,0.29959268455915367,-0.5547098768741163,0.17940808025400082,-0.990740941714997,-0.45589366619705735,0.8074950012066475,0.26024880996399374,-0.3501215270262362,0.11225112072740774,0.5402893574668619
3500,100,-1.596215825702915,-0.3620837573489386,-0.36014950248715427,0.11099828543850657,-0.9834633304018258,1.9177860319528575,-1.4444580996906062,1.0375476451633199,-1.1408407716919167,0.11802376910196824,-0.6515535387417452,1.463622634719525,-0.2540813799343194
3500,200,-1.1039465588190112,-0.877635985053935,-1.528511890954257,0.6634077552774387,-1.01591963365314,1.284445396103263,-1.5188859588315857,1.1828884359339795,0.29735928649912646,0.2807129553734148,-0.6810989603743892,1.0656837624016722,-0.8001475990554556
3500,300,-0.8566798922355827,-0.8638470064162764,-1.8030025587184166,0.1098301557401617,-1.335701116067149,1.2810329067588562,-0.474969755473061,1.5718473579930918,-1.338504008596421,-0.4243021357522717,-0.7244446761366654,0.6024372047329107,-1.704949403011345
3500,400,-0.1655433683135928,-0.8341191249159405,-0.8387605063987158,0.22717830197346356,-1.5447295482282508,1.720367147367425,-0.42518932417768684,1.9336221270859444,-1.071450250504081,-0.34346407904269505,-1.0442739948796784,1.2999363408256406,-1.0363661125503252
3500,500,-1.063599707670017,-1.1460895450623134,-0.747210239637258,0.9446805084824408,-1.724848709035495,1.473709800334821,-1.0401445344601654,1.3587724197653623,-1.1746643257347824,-0.8525990842129889,-1.0113005253542773,0.9784828861507272,-0.8609415444543584
3500,600,-0.24689079609464507,-1.0031709375632882,-1.0494644108075508,1.2593855838922268,-1.1970898380178998,1.6296359708537556,-0.7798603141418008,1.1390522333121724,-0.9069764351761265,-0.7118191417422687,-0.0765137686942974,1.1276790456171317,-1.417015924671421
3500,700,-0.6902213737207725,-0.32015253241561464,0.30650484735380007,1.1345124739642716,-1.1667482214777667,1.3980387000218737,-0.6513619291976254,1.1822491867641842,-0.9257719877067351,0.04762692826178375,-0.6360023707807281,1.3220839266043707,0.038614482141914784
3500,800,-1.3496343913012783,-0.457243759290912,-0.5664090275524785,0.04346665129948205,-0.9343956850080725,1.7873394958972075,-0.7510886697829122,0.898726251983963,-0.0006359356047096632,-0.6141617364081254,-0.3828428260328126,1.2961236886428344,-1.0228120240692937
3500,900,-0.628415318229747,-0.6778174647283388,-0.4253821285710198,-0.6375340864751756,-0.1487481830801192,1.1988959768348153,-1.2379337543605435,1.0443253011551712,-0.6387120562477122,-0.7819462710201874,-1.8563303486836942,2.5923508360393748,-0.965120942662144
3500,1000,-0.8432784178800855,-0.5744223534786492,-0.5660182935203298,0.0423393600441488,-0.4648395641613206,-0.011823108764924603,-0.3645897581565357,1.8443409335105128,-0.7503898117250722,-1.4963137231692563,-1.1283101934231394,1.7278817065313077,-0.8889757921104824
3500,1100,-1.5324030156055706,-1.1676363031355057,-1.091858973504182,0.5872582207437097,-1.1443769576002205,1.6215102827427936,-1.0874842554747288,1.5451360743368356,-0.7475210727328317,-1.639558877560186,-1.2674481593083906,1.1653894467105923,-0.10076987935617432
3500,1200,-1.1596037413847768,-0.7623793735785024,-1.3149787674839821,0.3990741444978354,-1.7337164480383613,1.8999290992258648,-1.3076826006311495,1.8282790789429977,-0.9364599565501357,-1.8667617692610456,-0.9636248301806684,1.670209054731573,-1.2235949267874837
3500,1300,-1.505052325157771,-1.1207041976112,-1.3131415587518747,0.1629053851779365,-1.3972844507826507,1.7641189135326938,-1.250535761300078,1.5554871332478708,-1.5900346770069922,-0.7868582687143872,-0.9213216940445023,1.8468525391780055,-0.752198295169351
3500,1400,-1.1900492180384055,-1.5071107176322704,-1.3582652502628532,1.1859184315476643,-1.4039884493343824,1.6185135775365787,-0.5678758207018546,1.7331876263231065,-2.026643475634962,-1.377995209117703,-1.0697735771052088,1.9823044648653043,-0.5267536990089818
3500,1500,-1.8508425015581011,-1.0799844814694222,-1.2302597933140527,1.5985947116583121,-1.0957536423060976,1.7112283433220103,-1.5969856482143039,1.8426738876150854,-1.341887843259584,-1.1612447419240857,-1.10353425360287,2.0472240520924467,-0.9186516466182575
3500,1600,-2.104580597695238,-1.407950557303965,-1.2484776614320345,1.702447681464327,-1.3243621091802764,1.931026360283041,-1.3919714127448433,1.1081252415412854,-0.8304091331553513,-1.1472713023946295,-1.2788540170187455,1.5977827308960912,-0.9960606414700686
3500,1700,-1.2355514297671368,-1.1987529032849589,-0.49987641394269017,1.60865766074386,-0.9527853957054013,1.9538431677214951,-1.8207427030438148,1.1276716972759075,-0.92717144720649,-1.271887329851815,-1.3242211849329923,1.0351216688234457,-1.302817691967031
3500,1800,-1.7047674859271258,-1.5923112266145891,-1.6421396005679643,1.0337870919997845,-1.2724309436925785,1.8849646927660337,-1.0883683835137787,1.8638253110464151,-1.3985302065533156,-1.3148620957084562,-1.9237417196945674,1.7012293228970305,-1.2850239174239222
3500,1900,-1.7524246034072233,-1.403436407957732,-1.292193337717304,1.5949332375661809,-1.796391566651839,1.7380501955398766,-1.360064902170402,2.456928697500772,-1.5015523209078472,-1.6791983935501473,-1.4592825553051663,1.192047606197187,-1.0290592274231976
3500,2000,-0.748767403980656,-1.3355670705825153,-1.8387449854499978,1.3130832999865427,-1.7861037136265507,1.9620022253913345,-1.6002644249766833,1.000560999104128,-1.651703261970143,-0.5029544310376728,-1.798435588368225,1.489591876518918,-1.1659572373719
3500,2100,0.0805699242108112,-0.9431381703240166,-1.358943553770733,0.6639179443275472,-1.568637695990712,1.8141941244753006,-1.0922281710298567,0.7087072379532658,-1.2779385212896228,0.1929281700498976,-1.2008134777089918,0.7146330794927828,-0.19536067933433074
3500,2200,-0.46919397892606074,-0.7648352394678289,-1.3931862140103648,-0.6967380485250875,-0.7902830644785491,1.271252825493795,-0.645289089477472,0.09302151036083224,-0.6297471827777734,0.6671366511194747,-0.8033278330457315,0.17955747987949736,-0.07769027912108109
3500,2300,-0.8754611654443554,-0.43644338831625157,-0.584745818233711,-0.8314044304932904,-1.3697186996078188,1.309073768784481,-0.8732470746771139,0.8241141055952254,-1.4461140095990512,-0.26980181479003923,-0.25087174369229986,0.10799554739955528,0.04335664359411964
3500,2400,0.5128256164260191,-0.07832110988625088,-0.6201794028648828,-1.01915653343081,-0.5977247868826115,0.9817132014638595,0.12961482165245536,-0.5956356287036058,-0.851421997133951,0.829530371653373,-0.34113876504128987,0.007851799290157712,0.006850136871435679
3500,2500,0.584052008067048,1.2700635233754198,-0.06389718820586747,-0.8904383111563189,-0.8253614384800175,-0.1496407319471817,0.6733618331591391,-0.8232331425068956,-0.371730328617481,0.8649294093321652,0.8674391036252358,-0.24066188458323667,0.49291779439274885
3500,2600,0.1458089966338371,0.7900006112670561,0.008603596931845571,-0.22332383357063687,-1.0134577037485437,-0.6488071480698928,-0.05670582024981851,-0.2011661280859337,-0.4051185469440162,0.42064607296609335,0.2914771311080456,-0.39265053192169214,0.2794982520613452
3500,2700,-0.1506850653905908,-0.2859549576635835,0.08246920059698992,0.2705785172388266,0.888606492995715,-0.7980467006700285,-0.18573657634924076,-1.331154339742907,-0.7156170679440654,1.1800412170743109,0.6548858058333844,-0.605146842660458,0.41867495201857124
3500,2800,0.3587433367540129,0.5633641918120589,0.6558139404745527,-0.4642685687859004,1.4630866027450646,-0.9822875082326469,0.8540375089215874,-0.9667266043260335,0.5482648210662576,2.085782246717223,0.7355792549037615,-1.387385581318268,-0.3764421423950338
3500,2900,0.47696693518228095,0.8699941199711286,0.7864715140545974,-0.05602092402177481,0.39583052782371136,-1.8649674190682444,1.1923887250306084,-0.7101367569685905,0.9363881867175351,1.100290434421008,0.3655022077779494,-1.103377564828603,-0.6889028529894443
3500,3000,1.1573115255874915,1.084683208348471,0.04767635762813355,0.9263387463447526,0.5958180522184018,-1.0698527146050492,1.5824035168074455,-0.9557917674611719,1.4682327887396467,0.8199795194900373,1.545488205892421,-1.0563290288405485,0.9031052490187592
3500,3100,1.0953129104015382,0.22489180925556057,1.4311192108123287,-0.16504210468678138,0.7227765587554308,-0.6719440454269389,1.117574892123311,-0.684043678684376,1.5033525644340984,1.4379718453876622,1.4345733071282016,-1.5092692269775088,1.4070407010139034
3500,3200,1.1554049295737567,-0.00986723110439487,0.49080405388790305,0.44625171761063087,0.7578776066821039,-0.05742830768897832,0.9857130578101995,-0.6824249048602958,2.022951316992919,2.3583867740559814,0.6895759788780983,-1.3460793801581634,0.7497404006210544
3500,3300,1.092640986680655,0.6028727580866,1.0230174139998496,0.43447422150741855,1.2042203591131764,-0.6168112527706404,1.6049406540834934,-0.8386750131256201,1.154561134262728,1.0364049389927572,1.7163184351580016,-1.0119163344246718,0.9493535307244242
3500,3400,1.3386505063183503,0.3116316288078899,1.301395464816891,0.9044342640768978,0.47078950537174696,-0.36753853130650455,1.2536351865651643,-1.4136145601929049,1.0448896471116678,1.5469855202732863,1.374558647014499,-1.6169997850556046,0.15770978660923982
3500,3500,1.5235474376899785,0.9468137991911971,0.934908243971404,-0.44283872264584473,-0.3165898831119881,-0.89390903890939,1.7049987380476683,-0.7254617823202285,1.1276757902665389,1.4916987067335556,1.4876893992889961,-1.4616451275192883,0.4686919893088572
3500,3600,1.513948773763002,-0.4522210482112146,1.1072189931590286,-0.7849789033413366,-0.31251220439839206,-0.9467346502512879,1.3473345804573167,-0.9726167900652095,1.5426678979481578,1.8290780463581109,1.372952099278129,-0.6105347312632451,0.3507317244820108
3500,3700,1.382881168758872,0.06780633992226284,0.36267224709215096,1.7610593669272085,0.5882715598407878,-1.5020314317278685,0.6558555277656231,-0.7668411466101396,0.8475923942709859,1.209036477473966,1.015202886025765,-0.15260100632339538,-0.28620766964981065
3500,3800,1.1473851214325619,0.3951157943955742,1.4606401809616834,1.28660118767539,0.9757069759430304,-0.4644807391561854,0.14158799957113458,-0.4638705754902443,1.032644023009391,0.8657831473847579,1.612517109722479,-0.2222853049231136,0.36028100154626624
3500,3900,1.1751686787687903,1.0620173591151012,1.1315915955172773,1.4735908127716886,1.2982036681546112,-0.3899554332400976,0.8469306144095426,-0.638565024776024,1.5923167567766192,0.8215755712340933,1.5355652232584824,-0.6446875833599209,0.4366676923530906
3500,4000,0.9374172308526882,0.35561995845936667,0.601690306091242,1.2257208428635789,0.7079247346510156,0.21377777856084465,1.0090129503744103,-0.7680174819749174,1.4571751147226468,1.0907882613134003,0.3421724011091377,0.18161382621566233,1.421046125760214
3500,4100,1.2260120399586112,0.4597884631311677,1.1682041335985278,-0.25724478250422234,1.0100153539181522,-0.4462559473267999,1.8472142542502237,-0.7182711040012815,1.4245455770651754,0.8994375902585973,1.5184805640430235,-0.4451566988630026,1.4088300719239206
3500,4200,1.2901758054402435,0.4866773554421826,1.2358188442731834,-1.2048706706928123,1.0069513172303721,-0.801360322696797,0.8340855825397988,-1.457626764991719,1.1695705285263227,1.1022482391434343,1.479572458506614,-1.3660744991778253,0.3610158099012898
3500,4300,1.2011998178897232,0.8293562567649131,1.9078896937995466,-1.0778594983752159,0.5935959237540384,0.02041340236457755,0.6943654123377251,-1.027714515217781,0.9231771557652668,1.2166851686982185,0.9313477554800116,-0.8640963085377416,0.5442254248717411
3500,4400,0.3345314525823984,0.36086214705069675,1.3656506571872054,-0.6282237499164868,0.7593122262932903,-1.5273816475451334,-0.26719804531291524,-0.7008861543272883,0.6491071222917036,0.05278865141107023,1.05127816879742,-0.4696300155118107,0.6344487024085635
3500,4500,0.8103791788583721,0.4824565514549634,0.9198352542420141,-1.5181240768572246,0.41716138377514256,-0.6549900350615009,0.863914486759253,-1.506290620429065,1.2467820940257333,1.640578221209642,0.14629661909107536,-0.00409999925863901,0.049512069821448096
3500,4600,-0.18653727884553314,0.2512383935852268,0.6646905402660432,-0.23417271267646797,0.15773121374376822,-1.362609806901859,-0.18349351645419013,-1.223836784855315,0.6806648515446367,1.0959085411422382,0.8469211337871562,0.04355529316495546,0.7117712416877537
3500,4700,0.8576115106157431,0.26829859985528715,0.28698068958418305,-0.8143100084220157,0.30179110188673847,-0.7742541159945866,0.396870453888244,-1.0032163957855385,1.171077863036901,1.520029050920925,-0.3848915753558559,-1.2299380104351696,0.36762294527109773
3500,4800,-0.4841944969779165,0.5679295503747351,0.23962271853395248,-1.300097732990872,1.3075960441630772,-1.1368490562601687,0.5199607372225826,-0.9676395613010482,1.006335649162898,1.2420785659988385,0.08421696098831556,-1.077784435482728,0.5779149272121601
3500,4900,-0.25540263783284817,0.22004054629005435,0.008749607221858045,-0.9881364581441471,0.9564248941395298,-1.673435677368066,-0.12087782200229082,-0.8443772335243078,-0.31716112684673026,1.417405638766873,0.32047674252838787,-0.7270360831790711,0.3429005708437578
3500,5000,-0.2441204915478886,0.44984500660332327,-0.33552862393347815,-0.4400252382645833,0.6861410680761862,-0.43171787237568177,0.15923450341644202,-0.7531706351324626,0.7733368439001718,0.42189779085424944,-0.3897742768931415,-1.1795790030894633,-0.4298466336339464
3500,5100,0.5543251763088405,-0.7714526703495745,0.8651005204651937,-0.0762290569282291,0.41630196884005294,-1.1921828390549727,0.6903996633568122,-0.2018605747067284,1.0936175523574316,0.9463002402686459,-0.2598946736679711,-1.5427791922406837,-0.06306383644107837
3500,5200,-0.10862380925592889,0.3453920659358207,1.22538570296413,-0.21497833945598654,-0.04111097113034097,-0.21271916736179675,0.1788086481465232,-0.7456217232010943,0.9222359058298529,-0.1081202332862948,0.2160805616200765,-0.9529645422409629,0.00968465367888567
3500,5300,-0.5281853720618614,0.14228953227387084,-0.7388316327530509,-0.329776263797477,0.03672173115596659,-0.13785901883854487,-0.5819562094751111,-0.5877403013629988,0.9643655714801217,0.12987986573962298,-0.9931436619350718,-0.705414899690507,-0.38020361387114165
3500,5400,-0.17704694885264916,-0.3387445144650682,1.0724334787562049,0.551182921411991,-0.8292358168989022,-0.6695914599588848,-0.8106394584411436,-0.24882048745219115,0.92014219843926,0.11270230439705108,-0.4333967263937556,-0.8558540035480364,-0.013997370394121043
3500,5500,-0.5573825430532663,-0.831119824423058,0.09943590139124218,0.010360248341296159,0.7105338373111035,0.4403822004370172,-0.3530027553923918,-0.4456528166845223,0.6891289513854153,0.7853908977464716,-0.6635504410196764,-0.7103359619062511,-0.22478847343196126
3500,5600,-0.9576924386195224,-0.8647209641024924,-0.5378736809620669,-0.09166554855150119,-0.2739227347812855,1.5122143546900972,-0.3983369477498969,-1.1601921009683587,0.8038079274166716,-0.08783714922023535,-0.804730255520969,0.5281703654335552,-0.4131537828269038
3500,5700,-0.8004288958502244,-0.7551632813567329,0.621081156061612,-1.4250432175357826,-0.3131903041822261,0.12050872067743748,0.14387545679493316,-0.20042162919888443,0.17961869794885418,-0.39997068176434036,-0.44470302320137267,0.6009985805033121,1.0445858527380967
3500,5800,-0.05931642434716216,-0.0740649270775251,1.3800659086888625,-0.4134164556246749,0.12862206082639757,0.27098873824119274,0.3069177667717539,-1.3929437454672013,0.4381278985618702,-0.7075662210199335,-0.08824477497105494,-0.09095613874506671,0.41939477570315076
3500,5900,-0.4253708753769848,-0.4815921874277076,1.438243229139466,-0.7401977885733306,0.12360683245871847,0.0651523081807227,0.3165173711685288,-1.3804086151670292,-1.4061939112474824,1.1031493004453552,0.8585361612127974,0.04561816151746217,-0.18876210653836523
3500,6000,-0.22608467332504043,1.0225883162163263,-0.23557768824807893,-1.2313321635587022,-0.554635276318961,-0.2432448145004395,0.5776143131062311,-0.5555181626499354,-1.1003717428609952,1.1648424560827122,-0.009359051085344575,-0.23524796427846356,0.030610852796855766
3500,6100,0.019294662908854256,-0.5026789410671312,0.6691968077158309,-0.4711225590339929,-0.9337216998053465,0.25434194698169227,1.0939390069466834,0.07062794020486833,-1.3171268619142407,0.8819639998541728,0.06988407845786027,-0.4549582923538186,-0.47816367911917074
3500,6200,0.4213552106389369,-0.18111618641693839,-1.025502615100938,-0.9068562958769392,-1.046342658362945,0.741437721655432,-0.21857642622554874,0.02320241137775494,-0.8845550310891461,0.43493045792279256,-0.476546407610318,-0.4794445278140209,-0.7824501463356766
3500,6300,-0.7307271764731543,-0.8796353147412388,-0.5688881607358864,-0.22677040422479736,-0.9727462546634105,0.0546084385443434,-0.7819412092693233,1.4863488818376585,-1.448168239704217,0.4765852905366913,-0.9159912313791938,-1.1822214909597761,-0.295855969684456
3500,6400,-1.8530977767643728,-1.3927539932864608,-1.464907570036372,-0.6623740125195081,-0.5220246030840007,1.112553438092683,-1.624946304011349,1.25893293775192,-0.9813097794813928,0.28743858948199,-1.4049067936012232,0.051489126663404286,-1.0914439382759102
3500,6500,-0.9453722609480114,-1.318842212530426,-1.3445788180481173,0.1595745576244915,-0.899986296373831,0.648484695164429,-1.3641522734275355,1.1915967598306452,-1.5670710246915422,0.3579551506599796,-0.9394446752282652,1.5089500438655,-0.14390826028586626
3500,6600,-1.44513599061686,-1.4911449595506743,-1.4709924057772195,1.0592236695482677,-1.297349384519319,0.5438842570383878,-1.1870857561043262,1.3336062962101758,-0.9534320683687338,0.6043153933652382,-1.873782816974444,1.041694353798837,-1.1027326162682445
3500,6700,-1.1217939882724324,-1.3142453720246683,-0.7516586781835475,1.3735401338565043,-1.8064931428450723,0.9744865385554715,-1.0338873559149864,1.4995526987714607,-0.8218779277762683,1.7032609892282327,-1.1455502691338786,0.8905364742450009,-1.1422899746066113
3500,6800,-1.5724473091613038,-1.0799894526413616,-1.4361155464506288,1.2603645097193426,-1.409748990624747,0.4094763330259102,-0.8679427986028789,1.8830906056756753,-0.5743678432734489,0.9143756445422591,-1.2154490618477545,0.9360873828824667,-0.98721048552445
3500,6900,-1.5751875243415756,-0.6085135696071735,-0.7135191971802456,1.7562130211786695,-1.5273133528127736,0.16362039825858313,-0.2792793528240547,0.43057357651515854,-0.3677341863980096,-0.7470996300488102,-0.5556074164262215,0.6720917009711869,-0.3610543702966853
3500,7000,-0.24049141215564876,-0.8419118907447121,-0.3933789263068527,1.3639115817249248,-1.4342954596738369,0.895943081469183,-0.6208322565932805,0.9756440202737736,-0.3962483022191913,-0.013631320322908223,-0.8925489549175394,-0.29605438594254,-0.6840658982613625
3500,7100,-0.2753136091319057,-0.2826845593091356,-0.6946000780950878,1.5004513957994647,-0.9084173953653646,0.47104810939885167,-1.2357217786635144,0.8549112856384266,0.5458450545835913,-0.28075326540058215,-0.2638504757511929,-0.9845737124583445,-0.0823426093857528
3500,7200,-1.3514136894544218,-0.3803177370390866,-0.7334316149017711,1.5566524197907263,-1.3179522091942888,0.804107044121513,-0.8251290534715461,0.9464964317910146,0.2659155060779916,-0.6521742031609662,-1.1553275511131293,-0.3110748984315541,-0.3341506878576757
3500,7300,-0.9296662682083899,-0.6472175270672403,-0.6908872009038513,1.2008618016270758,-1.0155185253278698,0.358068993529028,-0.9260211354771427,0.44108934992756005,0.2785097886516926,-0.2048946165344266,-0.716620536213445,-0.9710538067770943,-0.7889234679415857
3500,7400,-1.0633237479405966,-0.25883259356472893,-1.213110200404675,1.7349216818067084,-1.1831385394134422,0.5466380403396446,-0.7223612790699037,0.05710530910394095,-0.4585633729625851,-0.31177064231516594,-1.3833131520262854,0.0772477093367291,-0.8737908602458047
3500,7500,-0.5976851833688788,-0.02542829518194545,-0.6754339446501568,1.3755957721221457,-0.8881379126037772,0.8684011730369567,-0.5985876651230871,0.7624665369183823,-0.8202595942205052,-0.2762870664533216,-0.3664298169209555,0.2468919604772921,-0.3117669456311809
3500,7600,-0.34851892556617087,-0.23592175421706565,-1.0854858492252994,0.7638404238712733,-1.1133781284881865,0.04921726231764789,-1.1615498132351718,0.831241184606419,-0.23740986993576316,0.9037589983348799,-0.7649095073824924,1.3887057460125867,-0.6649894037301417
3500,7700,0.10773150125379664,-0.4265507308872984,-1.3236000987342302,1.9229823248134015,-0.9788499102668151,-0.9181071602053386,0.5067778153842278,-0.15777749496750942,-0.6657465450795298,0.4166187705235957,-0.3607686046779621,0.25756161621477447,-0.4077570533705338
3500,7800,0.34749295818255926,-0.1878750931180254,-0.1036316487770492,2.0259662399576683,-1.043209766807089,0.28614554226487454,-0.324372621026485,0.2133618064826734,-0.13216144026124022,-0.10726093254471773,-0.5634800654482187,0.09486372982867562,-0.5585352536314699
3500,7900,-1.1671033803737279,-1.0352325819324664,-0.3853446385422293,1.9136890662728514,-0.3047516773088311,-0.35071724759220063,-0.5953805060623035,-0.053623093651193006,-0.10943295774054732,0.8835315435481387,-0.5718699663282717,-0.8804497609167731,-0.0079220500332261
3500,8000,-0.4035286508854777,0.2253632138860689,0.39647817145575154,0.3853279287732462,0.3000068589068217,-0.3078305649564879,-0.2737699368349502,0.09546113122742268,0.7095472415787843,1.5114703071854131e-05,0.01746946686346616,-1.2671648885409212,-0.2234267822795111
3500,8100,0.13278110157951645,0.8204838193584862,0.34086852008758733,-0.4602568852332154,-0.19055844888741627,-0.7019625873833149,-0.4109781970202321,1.007935404646987,0.8093862413757104,1.5944965661468444,0.6548897234322998,-1.1160004531812309,0.8447607946011048
3500,8200,1.3229808440819557,1.783486464951359,0.7015171361677685,-1.0565155258389067,0.30774553738461574,-1.3372211750944791,1.7867214494483143,-0.9633969317372256,1.5030636077880077,0.6447198829038779,1.7142644586625326,-0.8810664372733521,0.784773306336838
3500,8300,1.2040099113555105,1.1534688596883425,1.2617800349326342,-1.5660520920899408,0.10497010739425562,-0.9313519315232367,1.466795607411453,-1.5095643918737438,1.1913646528298434,1.3535212030025416,1.0836935917542252,-0.8834461385428038,1.7592002080303673
3500,8400,1.9627729874736588,1.7666014553477294,0.9792404592372019,-1.3941550864050796,1.5730459975499904,-1.4473270330800339,1.5764699459544738,-1.2027028576357555,1.1877337415022375,1.4038381481811941,1.4927744686215112,-0.5091219711283822,1.296421559566032
3500,8500,1.088174882733129,2.021119772160747,2.232375188773277,-1.4538655048950753,1.9813100187238475,-1.466376153911385,1.3963183976686566,-0.7105234497751841,1.1078117974085042,1.1913925010934487,1.1750530987840866,-1.5059126726223269,1.4046331302593855
3500,8600,1.7673358755289394,1.347148632421074,1.7287214748003783,-1.5650934713388105,2.279910494446047,-1.1548191217146169,1.8803778051167312,-1.6570638664682436,1.1135998058984777,1.8591964598501183,1.6837896434836659,-1.7465355859240042,1.8233440155911727
3500,8700,1.389445425073011,1.901797952165966,1.6255685053328552,-1.4808611794456032,2.044520493424749,-1.818660071236397,1.0897553839694574,-1.2378374061663768,0.8920515978620313,1.6459616401077652,1.7543962198141094,-1.2634982716729128,1.8884269755923886
3500,8800,1.8506851152193717,1.3486424727323945,1.829435293299195,-2.0109839462602976,1.4421234450377138,-1.5301238128042494,1.7118441397938546,-1.1373733040330936,1.136482086368683,1.7480926647657589,2.0891376145366953,-0.6682651569863757,1.6675986619443817
3500,8900,1.4142429486535018,1.4562170643241106,1.8963237742132235,-1.8215548263458925,2.1648881241189435,-1.8558106563401222,1.7530210368419892,-1.0668008523501933,0.8275560707377683,1.3389207238553211,2.442419603511969,-1.9916476407411834,1.5307528880911485
3500,9000,1.364880660966902,1.5673019374965478,1.2748397439479162,-1.5242286918316967,1.6035475101615553,-1.5395102099736302,1.7654166515783625,-1.414535757488915,1.3534449997675229,1.8024135957482683,2.056465310584401,-1.734843353484291,1.3550941026469143
3500,9100,2.038262859686147,1.849230527827749,1.6060534219674836,-1.5186398330108464,1.9115600994574709,-1.4281710531433518,1.910959920746684,-1.8976147085758495,1.3502942886710791,1.7470732296257372,2.002660247667879,-1.5023097963951912,1.7173473109788606
3500,9200,1.633138508576433,1.8442983728204776,2.422531695066208,-0.7331321034745077,1.7239341350595319,-1.2023523293263856,1.7809106161458996,-1.5996930284390365,0.935993595151331,0.9469292378501104,1.5644902948796309,-0.7558060730576834,1.5975343062230998
3500,9300,2.009598105510362,1.8693133894235383,1.8628201552300183,-1.6794702062843618,1.9770845623343019,-1.5364716252617652,2.177107621585191,-1.2163582224682958,1.3164913484356124,0.8167893865746229,1.414299567613486,-2.0414785535916575,2.111247705907169
3500,9400,1.6385511910441473,1.1651310496964982,1.9486243461886923,-1.2571868737885028,1.448327480186166,-1.514081752541317,1.481329659119028,-2.2002477340549897,1.1191225595214658,0.582220406910099,2.397026403913648,-1.3839097464133288,2.0970826582719018
3500,9500,0.9791551804097975,0.4487521615652841,1.7676452735749917,-0.11932981306882971,1.2308419283065977,-0.5289764041173568,0.46885659405892366,-0.3601833902946209,1.6678701139130292,0.16991814789759582,1.9118663922356878,-0.6442417757086747,1.4844008421824622
3500,9600,1.325770380956954,0.5542524352925616,1.3440542307179413,0.5580671875857054,0.23124655521328213,-0.5093303297371741,1.5210693291136403,-1.620940187796766,1.209944551075175,-0.506367933736747,1.3277632612200652,-1.1686538925894727,1.6911540048483396
3500,9700,1.0097950532079307,0.10167092352738955,1.7268727597446143,-0.6264590984351484,1.5755144749605878,-0.13624493830216644,0.6499099816935878,-0.5068899812522057,1.0394851745446323,-0.9152801930138043,0.7911722758752855,-1.045332670561822,1.5307243168939726
3500,9800,1.5251495118411,0.9226455731278926,1.5993486564557602,0.07576662963834505,0.5262524847590332,-1.070751963813603,1.1711299813100569,-1.0847824126788237,0.6465479203036438,-0.5134218911849788,1.0390221177422172,-1.3916724555368127,0.9518187834627349
3500,9900,0.8066536125239572,0.6903298294058979,1.423873019012188,-0.18311212359783396,0.23900534552980765,-0.556666494777557,0.009284344939721249,0.08597170587206376,1.2692697754965323,-0.8828990940421192,0.6393931599086543,-0.9382353973182593,1.2870194718446946
3600,0,-0.5359451186613099,-1.4892294768391154,-0.9053698419371202,-0.43611728573382635,-1.6687743984388637,-0.21347440173785534,-0.6824967831595428,-0.05422596853872419,0.9440850803942173,0.22461256954602174,-0.9759597220445514,-0.06865871792923316,0.3627882021273657
3600,100,-1.2279994265852952,-1.1252531100193301,-0.8539570974231108,-0.3407104618852432,-0.8806146764058378,0.5286274896525665,-1.079974968275486,1.6635726780235,-0.24222461943194923,0.10209878751348234,-1.3834019898742975,0.9858257271581096,0.26224960882837867
3600,200,-1.405513853626345,-1.1962845109561833,-0.9416327972990146,0.469198592298387,-0.9729981158532383,1.402488988027723,-0.7599052214853448,1.0745619203466084,-1.0627066443659956,-0.2405688649560006,-1.1849587001817066,0.61592980893174,-1.0882880088151066
3600,300,-0.8798360397914298,-1.2275573996555762,-1.3428536417761756,-0.8136560512717063,-1.0823744621784428,2.045217213755817,-1.1574844065179972,0.9000991227206074,-1.095752419095318,-0.24948662384221898,-0.7950170652146278,0.5507157097935763,-0.5427600940055745
3600,400,-0.7300573067121395,-1.284755230506958,-1.0925943233687232,0.28084291402650574,-1.3512616510890065,1.3590354443336141,-0.21963105203669378,1.5691390425558358,-0.6861254710689455,-0.4758313850649651,-0.6524532465828924,0.8727823466058382,-1.1552688989757038
3600,500,-1.4022207527689312,-1.431453171668242,-1.0191976379145804,1.379835493000529,-1.137680944647909,2.0944268601623652,-0.9414942088752638,0.8010129478452654,-1.360836867465692,-1.439980794822649,-0.7453859565249383,1.3336346933595997,-1.3682885908575766
3600,600,-1.4064185021898103,-0.6984972467797554,-0.9301835534508741,1.3654461742610229,-1.5619955460071244,1.7427690741703896,-0.9189617368005762,1.4580269664383534,-1.2863151481861974,0.3495831923551658,-0.984530110759544,1.6859463169579783,-1.6261559847940157
3600,700,-0.8522083921128966,-0.5659796903575174,-0.16023814792031948,1.2883357674145066,-0.6609628171251635,1.181519856026968,-0.895331687231082,1.1838124831786618,-0.43481228762330604,0.1951623619945669,-1.178077157457194,1.729863654618135,-1.1491361141473495
3600,800,-1.0304837476482327,-0.7746268417485486,0.1981613932210903,0.4172874864597636,-0.961366343902076,1.442138505887479,-0.7971583068201001,0.8893037029365854,-0.7655497365427667,-1.0834182204356062,-0.46345834983943907,1.3531583589253473,-0.7443799005788505
3600,900,-1.2033908841092678,-0.9356402734621029,0.41898716912230766,0.002413203176639762,0.08207468863707967,0.4601869794596493,-0.5494264612083364,1.154321815582381,-0.9709334376025782,-0.8437059167106613,-0.4477225454020766,1.9131208757956335,-1.10890091646364
3600,1000,-0.4467587535419096,-0.7363353572942355,-0.6110929477010847,0.08946371702091582,-0.2104711437855829,0.9597772790060455,-1.117999516417482,1.4125377284594234,-1.0044107424333835,-1.5058083802139108,-0.9929282765610975,2.241293057849216,-0.857405541749603
3600,1100,-1.5185777672285339,-1.3369999476147842,-0.8066326587571084,0.08710618541946172,-1.1577279874888209,1.7949743973629968,-1.4844266382130364,1.6871565465000307,-0.9056884647422884,-1.0044556261272433,-1.2654999318580442,1.2460385987842084,-0.3467246864924707
3600,1200,-1.4681622770414513,-0.973427593817375,-0.6549459362911141,0.5405145115345594,-0.8280286298395921,1.2485475582873424,-1.472360762193181,1.6007749574607117,-1.045031599381166,-1.0838150652771659,-1.1031747513703618,1.677168545452302,-0.16337356280469215
3600,1300,-1.3876489688997753,-1.2840693907924832,-1.1321116187649884,1.0238878705680816,-1.4817757841322334,1.5490264045161863,-1.3413721760363997,0.8073421459162883,-0.9527657234717269,-1.7486227685940907,-1.2963395461135443,1.6945971988331168,-0.6518478649721695
3600,1400,-1.3600737636702138,-0.7247616766507772,-0.8817130586291416,1.6707557418994903,-0.7666519657270561,1.3564128277035248,-1.2594096869687903,1.4602191683185788,-1.7450240086215247,-1.0387964334347228,-1.3715468437263199,1.609743975820811,-1.3927375728653468
3600,1500,-1.3115806005857211,-1.2072447715336199,-0.9182392634790654,1.4511011922094341,-1.3297597054810102,1.340412519303838,-1.3513474416270495,1.9303765872925132,-1.754282328375618,-0.9850116779919171,-1.2096447474843508,1.6305235020618394,-1.5722438412316337
3600,1600,-1.2587199931095718,-1.2938107250333917,-0.3441301912887131,1.6857965865245428,-0.7423870951930104,2.2884802961842183,-1.228448448746505,1.7910112546026853,-1.4486495344115928,-1.2239344025022492,-2.313057640413119,1.2009422741106908,-1.2762047551798086
3600,1700,-1.244128681671161,-1.870724330420029,-1.2361644722464973,1.7518321445589988,-1.778721405139723,1.984745533508301,-1.4063703694470875,0.9911769611894522,-1.7111277568223833,-1.4140633757616414,-1.9073425380158033,1.5635411481750243,-1.4034703943269702
3600,1800,-1.5610494266260615,-1.6867299698250342,-1.7148942752663734,0.49192752568011655,-1.2536037460369762,1.7633658213833852,-1.3591270572053191,1.8183048526242704,-1.4389130983124734,-1.334163496435132,-1.4414224119108558,1.8618683214446972,-1.5554546707697878
3600,1900,-1.5111869178990676,-1.1780541492878864,-1.7089882242034347,1.89252804190336,-1.4043207722978424,1.7262755740005955,-1.4203249679772016,1.862608013195436,-1.395536060705029,-1.8215529900448113,-1.3202101421105679,1.8907679895677691,-1.0630986171275492
3600,2000,-1.61143721249836,-1.5331477972376744,-0.9927083119257161,1.1492974210891544,-1.8514985985795007,1.7635207846221606,-1.1099888379152016,0.7281919846085497,-1.7840128234788089,-0.36993280611766355,-1.1250011511328797,1.1043875431006327,-0.7075872912610071
3600,2100,-0.2569905884825389,-1.0933577123164104,-0.860507955586398,0.7293169255128601,-1.9887992884111358,1.490978556318129,-0.9485304059530206,0.7726253533742687,-1.1746035651476865,0.4513869182943121,-0.49766904892908087,-0.09053874298826337,-0.7109119721473219
3600,2200,-0.566441093912135,-0.36345162273987175,-0.9407503522393293,-0.35210011075555625,-1.0874590334312442,0.9344228280028013,-0.7914735073330541,0.725061078206499,-1.3459599880927235,0.440020492000691,-0.07046678790914644,0.030841951912675084,-0.1679629829851973
3600,2300,0.0900383599121507,-0.057737109230438156,-1.1737871095769379,-0.5756613855918443,-1.1488309171212459,0.3492772541181193,-0.9126802873670617,0.2411351020584025,-1.5743823852651735,0.7621791077656391,0.10354392128699565,0.0504157348037746,-0.21946175954576033
3600,2400,-0.2872958894342181,0.4588027345558956,-0.8181423697382777,-1.156764688716519,0.16952978817495676,0.7030099966550605,-0.27837768565055837,-0.4498251749196611,-0.8692971747878003,1.1316553406760836,0.007190169843448455,0.3241874708015659,0.5557384748935985
3600,2500,0.28436017293552546,0.9585276774806486,-0.07043922711831618,-0.09114851322983211,-0.1300838755592201,0.4791649861570391,0.4065625644373921,-0.9411898449557037,-0.7941767030242878,0.5263965400493679,0.4465416200425914,-0.19063305742068723,1.0923542808465807
3600,2600,0.4648802385416432,0.02331088353891148,-0.045435985878371436,0.5514149591468728,-0.2539217676542076,-0.6716606372449166,0.5240417295353759,-0.6586835825746653,-0.40536441998864925,0.11164276042496304,0.2979067823681056,-0.7635940307191428,0.3900373296621957
3600,2700,0.9147674883404507,0.34687939719894034,0.07938658225627356,0.14157030730909878,0.4355814775555589,-0.9667226868517544,0.25991501492755814,-0.7920911672495432,-0.6157093503076106,0.8861541535742709,0.5187674612576998,-0.7301804724040896,-0.07011490689183408
3600,2800,1.3563037370945439,0.6780852125521467,0.14868116149833108,-0.17353434006773627,0.992068075167376,-1.447129290585358,0.8072799201961836,-0.4750814571239138,0.21576205681652982,1.5143167324761415,1.3265505935446762,-0.7040148341352078,-0.5793153093266284
3600,2900,1.069583680979959,1.4251771000146938,1.405609420805992,0.8201219491608204,0.5625669986521984,-0.7299406814939079,1.440408275694101,-0.49683665017448286,1.430935806547537,1.105399608159485,1.6588522572701276,-1.056994365732831,-0.036492305367079016
3600,3000,0.05862105586144934,0.2140886639752071,0.416012856943715,0.6242950580107095,0.6128615159091773,-0.6527491986307492,0.6653602318068048,-0.6120855200969257,1.295948862545491,1.0445285992907212,0.7657922361084142,-1.4163546669862868,1.350097521989126
3600,3100,0.47712078026107935,0.3125958176154684,0.970573113880052,-0.03313425719572194,1.036542912750841,-0.9902195164349354,1.1947004249168203,-1.711507667130311,1.673712586686656,1.158726999331033,1.2002148744342396,-1.3096591918174498,1.5158967169868376
3600,3200,1.082100502715146,-0.1961229591048206,0.011055393897457688,0.22911936112914516,0.4962677827218279,-0.5174499043219419,1.0699901658543065,-0.6984514700160205,1.2185723227590097,1.8003977077361064,0.5230570964094862,-1.1338701708929084,0.40267543831012237
3600,3300,1.8139883174905769,0.28499673025901245,0.5659395322576827,0.5345640707101863,0.8943769467926619,-0.38524992404456043,1.3737852884132262,-1.1835399895112133,1.446237945148496,1.9476273483463127,1.592081452821748,-1.0609230978620994,0.19916113589600856
3600,3400,1.41080681448285,0.11856230280092536,0.601492999019021,0.736330215462928,1.1176625644684441,-0.04791834961158717,1.388298526787517,-0.7666977468293974,1.3571753680606662,1.6513501250136786,1.8577079588557184,-1.0252514786870088,0.08931822666782735
3600,3500,1.3678011703114556,0.5044694667690864,1.4725904724547147,-0.2954232651829982,-0.10122652617543744,-0.7094693357691185,1.4831733032448322,-1.047987166712282,1.3540167265663396,1.5652992048867307,1.6802994482931466,-1.112750439487634,0.30907823928358175
3600,3600,1.6976430268068075,0.47692850421536537,0.5050602072381595,-0.35193194723836374,0.7294067761272041,-0.6411286975093012,1.3904067063202936,-0.43970261831963137,1.0356008362783884,1.7019366039053236,0.8922414851310846,-0.4823281501624169,0.5896242757628362
3600,3700,0.8677560575022383,0.561272915926569,0.060453496633008995,1.5330311004163801,0.5853948784677491,-0.8747472366690802,0.4593703674772433,-0.40055316719527084,0.8489498485035354,1.3910984626331682,0.5423688300051281,0.48687416428329083,-0.2371758965570431
3600,3800,0.9942846244195357,0.47422519427901666,1.2348499048152741,1.383611115564889,0.5720719597375427,-1.7403209738746925,1.357323965847181,-0.23402942602516263,0.6783203862497558,0.9514357463871829,1.7037437910270288,-0.7338104830595163,0.9685749931714593
3600,3900,1.78789751751878,0.6435707364166685,1.2335337127711337,1.5251584565334375,1.5282619684321774,-0.4129945313222299,1.3933970593649776,-0.8379986409706836,0.45371300496845934,0.7755457511219052,1.1628882736410358,-0.7907301849321169,0.6616992223913817
3600,4000,0.6228723899621575,0.7100003794967888,1.3430837225588992,0.6940480841600766,0.681321025870192,-0.4598867054823277,1.8364839018197534,-0.4344529196990847,0.5051454802228248,0.870091144072657,1.2390706976292902,0.07420196910181397,1.1067893810717686
3600,4100,1.072003721413011,0.05243550167935372,1.1984960726677032,-0.6915846779761912,1.0356097779577036,-0.6598576900646232,1.2173681472875535,-1.4024995464757872,0.9123494361003455,1.4357419726281078,0.9550747457936016,-0.45760889096125446,1.055318587499592
3600,4200,1.5370402612140404,0.9195729036120956,1.4691912954386186,-1.0943730105760814,1.5481099427468732,-1.1521177255252735,1.2128099805462293,-0.7074693795902285,1.3226039590131757,1.5032282172793592,1.4198877996367307,-1.5137591177207315,0.2520731142253207
3600,4300,0.4824444842582739,0.9032365164363513,1.4469316374508079,-0.7243555809280893,-0.2785594518852883,-0.983236010999562,0.3191598740651101,-1.107511527348527,0.8325402219593911,1.2601502772971405,0.689187960911641,-0.8219698478046057,0.0904801599869668
3600,4400,-0.4036749747956811,0.9651562874895548,0.7241014335292507,-0.33373860567240377,-0.203974809716564,-0.6302831357229379,0.19181797642489656,-0.6967872747934823,1.2313730958663538,0.21811038888253872,-0.1183781174326327,-0.6959076794707401,-0.508048508905056
3600,4500,0.3225176687895772,0.5364567229226679,1.0884583210694359,-0.5643469277343056,1.2359692940140796,-1.09148110299419,0.6401750001268168,-0.9843767885329378,2.137177011583882,1.501197312697863,0.12205169474816147,-0.5869165657392064,0.09946525985392898
3600,4600,0.7765806489542377,0.30903472803418985,0.8448811092964261,-1.1172930169421211,0.5082150333286712,-0.568049766459984,1.3154638769405942,-0.22230239560891835,1.407974726553263,1.4102584951964083,0.721886138426127,-1.316990316345937,0.3146705536068992
3600,4700,0.1833681055721481,-0.92281434910319,0.20390116263510535,-1.5277033260486415,0.3081842281055206,-0.7827366137393861,-0.9448136206172227,-0.5355883513030769,0.6020855036732985,1.4137945550810591,0.6671719509139009,-0.3610996842980163,1.0647814260464499
3600,4800,-0.8200607653867188,0.043092393923859364,0.1980086174408903,-1.1268959036012152,0.3284148715270982,-1.2729411125149268,0.31447484686426647,-0.316596729818181,0.8537125363781686,1.545653781396084,-0.7264240727220986,-0.7552315774307198,0.49829541367577296
3600,4900,0.03674989432106305,-0.2802705156148531,0.38544218766036226,-0.5683809157041694,0.8125425855235384,-1.0623590449052764,0.28036987291216586,-0.9356847746723582,0.11849035873924305,1.8571448835454962,0.16647513059629457,-1.0797874628948725,0.30661107681427296
3600,5000,0.07930166860705617,0.14164145212606793,-0.003061216744885933,-0.18851967528473215,0.8550848383042894,-0.6938992218870971,-0.05003635943941129,-0.6485179372984661,0.03283881077494779,1.7162414288524896,-0.13303372749624517,-0.18939521089806519,0.37833749118028265
3600,5100,-0.8137931748644411,-0.19039995480307853,0.8580149266463143,-0.04304376798774788,0.4273674229513147,-0.18457621563831672,-0.28241423068154287,-0.5679820829354297,0.48774946914280126,0.27321292904942523,0.7323840996027323,-1.0443633839319588,-0.5142013386079081
3600,5200,-0.19859171111266877,-0.012432948074028042,1.5840731293901746,-0.17137066229443426,0.8787026015233671,-0.1929654993262752,-0.11245795518229687,-0.7747647927133934,0.5091302689991153,0.31296560235086074,0.03525340938060608,-1.5190987697196854,0.4367788604685713
3600,5300,-1.1167292372601636,-0.6828040163207586,-0.26391461883879586,-0.6913807724732546,1.0113303726098832,-0.19049635954939267,-0.43462318550121914,-0.5566107672608482,1.2502684804360356,0.47110416983282855,-1.3026954400240771,-1.7635389694990797,-0.5976817397565886
3600,5400,-0.15258220806377976,-0.35759043974218524,0.3358511214607147,-0.01377406217599461,0.1463302249127181,0.27901940447425466,-0.5637084385991822,-0.10033127900302888,1.4618337854408603,0.6491579133718485,0.1549466521911211,-0.8995547081495728,-0.4781302853786683
3600,5500,-0.6765601709835174,-0.694233728106471,0.03564282292586479,0.17441362848166805,0.35748091805884297,1.0278578172298372,-0.8903865426297756,-0.11790549781054484,0.7797694799877658,0.06545557491684138,0.03334633574149111,0.24660436677485345,-0.3357505105449523
3600,5600,-0.42269087867550414,-1.3375259623273161,0.32592179946375976,-0.6476921462436885,0.08473311947441688,1.23173317305428,-1.0165875150499568,-0.49033141510344325,-0.13698981659830267,0.08778215390049236,-0.46451208686266426,0.7224442366116195,-1.2496722413543668
3600,5700,-0.2765475257250278,-0.9835779268030886,0.402368671629388,-1.1600687836117176,0.0976199731993565,1.4529194416037425,-0.82661396796054,-0.48311495976524477,0.7577458954766767,-0.6447637347499778,-0.2610056290492195,0.31796256068310247,0.6803993123746394
3600,5800,0.27322405580395354,0.25431506777056434,0.9519728248986983,-0.7456648435157457,-0.2088159633414963,-0.40417172627141235,0.0947349615240518,-1.2064099452006627,0.18458874979140474,-0.026950836807766193,0.39991450757330865,-0.646069584275356,-0.12560546868518682
3600,5900,0.7340218393624669,0.2880268742367863,0.69228836725154,-1.3690835902159302,0.2675712452376504,-0.03747477882831797,1.3842250213259715,-1.5445869880872651,-0.37879208904577194,0.5274767742230903,1.717142429402781,-1.0162144922627423,0.2333560333274804
3600,6000,0.4363173824562099,-0.44164412850509255,0.07274781896992036,-1.3850164676658103,-0.4910862554271257,-0.03615967752102325,0.9056112095323823,-1.1124754178393295,-1.1559999945038915,1.494595817936058,1.0582868464580775,-0.5853238037649969,-0.12866959640757222
3600,6100,-0.5418205401372261,-0.24820537511675675,0.31901044304648596,-0.9749377239216122,-0.5693525639192105,0.0018199191675999714,0.012124251650494145,-1.3239873401338513,-1.0055860833566008,0.9156042184277714,-0.05279799268876299,-0.7281711048424637,-0.7664984252927228
3600,6200,0.20609267663609163,-1.0262329948011486,-0.34715620150752047,-0.2969965905332014,-0.3854812025814643,1.567083492262852,0.12798263391662212,0.26119114629740253,-1.3166316021794706,0.5049724754868294,-0.32421564789219764,-1.1979317035390162,-0.1899143336482206
3600,6300,-1.5009817076469276,-0.7787877409755036,-0.8813974700806936,-0.804631241933635,-1.205434167922427,0.11575921124544825,-1.0000533425043252,0.5939640489059752,-0.6453197244777947,-0.046552555468646534,-0.6672425336631812,-0.5974636531591113,-0.23497320038161554
3600,6400,-1.5708577536841526,-1.6240351572205614,-1.677501903057818,-0.7761325934651054,-1.2047042162063057,-0.3723991269621605,-1.2220903369618594,1.0518622633903583,-1.5020718957372496,0.9316607568291568,-1.7688760807752468,-0.24811106285525297,-0.2631584519909176
3600,6500,-1.0370798780374448,-1.6611568628099778,-1.441819238206849,-0.11688523085079724,-1.4833624994459798,0.8232513723234405,-1.8073503190491336,1.5873878492685731,-1.5768669080261228,0.141749424669504,-1.5509337473766047,0.5031768094156669,-0.7840244587353815
3600,6600,-1.6336611459844017,-1.6956379647775293,-1.4169611662889154,0.7934533725097472,-1.2351315839460812,-0.23115611471718198,-1.5004269818338503,1.3391884512469312,-1.5564181619095077,1.6731492730778652,-1.644444286321741,0.8703152308104546,-1.1184268313866788
3600,6700,-1.023451136108742,-0.6419521157127983,-1.177930731195676,1.3578665908524084,-1.5425796837246257,1.181539494030845,-1.6183564749032708,1.473216480585781,-1.0143111424783762,0.9696795777967571,-1.477200232247167,0.6558359628505896,-0.7151376874233907
3600,6800,-0.4451882344384433,-1.0694117156746146,-0.6917270559549683,1.371806189870198,-1.1772961922585359,0.8498179365847495,-1.0797938386895727,0.843894688193366,-0.5563410318285504,0.725637719441525,-0.7974751741202448,0.18486155652075156,-0.02473836017436367
3600,6900,-1.3259023104977357,-1.2102254800721925,-1.332862696476792,2.0774300499862806,-1.0060891292539698,0.2739374805190297,-1.0448908215368544,1.4057062507062548,0.16109347390930664,-0.05522164872278004,-1.4345167382478803,0.8261273960725459,-0.1328489242734983
3600,7000,-1.4208933716050638,-1.2274369614700757,-0.6823464425658345,1.3316936188099238,-1.0307904573645656,0.4303745341202738,-0.6151484879855845,1.0120292536993654,-0.46799081343156923,-0.11681232264600136,-1.0196187879628114,-0.03832073894128733,-0.9097250187589259
3600,7100,-1.3906138141791984,-0.13901787388036171,-0.8116854026744812,1.7541493084587492,-1.112934605526698,1.1301420105354798,-0.31019495419690934,1.2414663867307028,-0.12394116455359115,0.31799579673991424,-0.17216042771252427,-0.7152974758893323,-0.32146460819108447
3600,7200,-0.9201260148609802,0.17469473930562485,-0.9029024334519943,1.0570128693533996,-0.5764720675298431,1.1717800676026504,-0.36343801269098636,1.193073323343093,-0.21674765166847562,-0.00554680088525521,-0.773921383066942,-0.05024572463372499,-0.511564707145432
3600,7300,-0.8881551152587436,-0.8351125936106192,-0.8667889614789963,1.1457519372302243,-1.1842476520700618,1.158778693566174,-1.118365309883222,0.5376988864870758,0.11199821025747653,0.35480956203335234,-1.389196187405376,-0.2974255147044581,-1.06933882054564
3600,7400,-0.5434146003071316,-0.7463820309102777,-1.0080347523699005,1.4743146693652696,-0.9444490056365111,-0.03455307363293644,0.02813269098379903,0.18483678998147465,-0.4962323607433618,-0.7523936944171146,-0.5482668689123431,0.6939735198192227,-0.8145407514689421
3600,7500,-0.42338843246527924,-0.348146818996244,-0.535486925236775,1.7633060027979688,-1.2948848793368037,0.8501141100056249,-0.8711610648864805,1.55004948326004,-0.1603546871337421,0.9732629547681695,-1.1934897081292941,0.8348878799490975,-1.2396260592984034
3600,7600,-0.21467364003012482,0.30224227213956323,-1.2554378893898899,1.7006496554647093,-1.4876279371826573,0.752050639367108,-0.319023481405759,1.5945020120433215,-0.01646932531981735,0.9950595718159156,-0.5075759826091945,0.6824313229501491,-0.2878335039670976
3600,7700,0.0927426000254417,-0.2619889810453797,-0.7448767824290731,1.4019657135359034,-1.5803727721903376,-0.08623420487902735,-0.8666197609248485,-0.30266215630976434,-0.29031341280075074,0.2269053681538812,0.775580247903892,-0.24287595867787165,-0.11238322188045324
3600,7800,0.2381047531599163,0.44671045652207,-0.31993241631406516,1.977355418331344,-1.1595148650993516,0.470948753125522,-0.10859120450765936,0.2844380781454536,0.2681715873165043,0.2032008386864412,-0.28764254932558275,-0.6137963458038281,0.18988644696239806
3600,7900,-0.32937330399507814,-0.6132139204444541,-0.6499565069709007,1.7424620273828744,-0.1584525229973183,-0.005138828824089264,0.13526204942303616,-0.1656747801089641,0.08351165362226685,0.5265070539334529,-0.8295492130240362,-1.194954192987355,-1.1669681853334317
3600,8000,-0.9131534996909052,-0.6710713696666868,0.24810973004336678,-0.029168003334334534,-0.1812570501218557,-0.01085485256348343,-0.5783551781802933,0.45863783670231334,-0.10572976224525377,1.3249238865381232,-1.0963825727536645,-1.521805384575527,0.5073133560415518
3600,8100,-0.09705168633359389,0.9257965788460499,0.7862285579506337,-0.35052164904314187,-0.33317776184941394,-0.9935585638427102,-0.2792245223783987,-0.20836819642273888,1.0995609324878384,1.2861717349001536,-0.2444404976975198,-1.330400916259661,1.1076653872004885
3600,8200,0.9601749188946412,0.8023982205549222,0.9937381776462126,-0.8398235674449461,0.9310511548160014,-1.1745108056560676,1.4628989921507882,-0.3772574171854611,1.0799438923770985,0.7699085666470833,1.2517761444587303,-0.06874480044360201,0.8054953608307962
3600,8300,0.9945923535806463,1.776166826957211,1.3684230830828361,-1.3445784333455117,0.32291923799043043,-1.0198829747370128,0.9371628972657479,-0.9469446972610055,1.3151431864932612,0.9864832084346387,0.5555885440202599,0.11464110144960268,1.6196802098418381
3600,8400,1.6058941877184323,1.6488461816275282,1.510366230972267,-1.232039945598467,1.3645557211927761,-1.9001062673801474,2.068593311304328,-0.050044697625789995,0.9430605038220039,0.9197229052226071,1.457239958344475,-0.34487165781762,1.1556580740803497
3600,8500,1.1438767472724327,2.056874259779563,1.2212654167003927,-1.8959402212418355,1.4349713071967616,-1.109278800984971,1.6612695533714017,-0.7014287179724927,1.7495064401028488,1.272717890432714,0.9788865545591395,-0.8010684410654996,1.2276243806798401
3600,8600,1.8365326567025047,1.6986948535289212,1.9279147491446231,-1.2574137956294893,1.793389859829302,-1.1889173647330813,1.5799791724763268,-1.4580000398646684,1.6143791260738867,2.00496671864018,2.078177328748128,-0.7674975908725014,1.643441377330677
3600,8700,1.080844279074881,1.4963394273892356,2.2969489141464385,-1.1746247310837807,2.06189998068048,-1.3737434532786097,1.4349838306403107,-1.593232822960826,1.2736656489559586,1.2611592050503295,2.1054419265452347,-1.1983439914450578,2.2413382236537394
3600,8800,1.5874263737292484,2.114736171658792,1.4844736355009893,-0.9751008205181824,1.481369781423675,-1.0073865418603296,1.9441525911837718,-1.3458736290787876,-0.05316192145653707,1.1847006793086576,1.9355994577545463,-0.8426578290552963,1.5345827387291935
3600,8900,1.3695958268065787,1.0441583979264442,1.8439781724185962,-1.7256320655651514,1.689520270587924,-1.1373784770766124,2.3520945012654795,-1.6576014506964054,1.0542338554352264,1.5502766176720604,1.4622626238126593,-1.4323909383944944,1.1774425608687304
3600,9000,1.8828058829937928,1.3593321409167873,2.2539258849451236,-1.9258531056198467,2.347490710628312,-1.5455122216797479,1.7707386146831032,-1.7668551520808833,1.5327908958227348,1.1181802603957591,1.6131866407347757,-1.7216665959810187,1.77279667636057
3600,9100,1.9356203284181115,1.6556057750503903,1.7202498752058988,-1.6573399936649398,1.6410972636524988,-1.4692529612790142,1.8504457014934612,-0.7122469054534497,1.0590206294717692,1.4461237090905452,1.5387394426061993,-1.4239165916360006,1.535090445674833
3600,9200,1.4416553070271498,1.5987790296457831,1.7773727939627124,-0.4885848221864608,1.7013193258041452,-1.5837348279347536,1.7137252242986127,-1.6699461253793024,1.2985239306848677,1.1506635049656968,1.2393730262652045,-1.0946988828387507,1.4859010013161957
3600,9300,1.7743949878917085,1.6273452247244395,1.654973577519858,-1.2651884188125941,1.7685917567501026,-1.2241973901818333,1.5929945638297256,-1.7896706486819947,1.9066318044402855,1.0839035719696555,1.4975848603573354,-1.3300402822092767,1.8177473677607296
3600,9400,1.328772493423436,0.8334526771692178,1.758916416056635,-1.2260529656820986,1.8874524735897529,-1.675827207243883,1.4959618260645426,-0.9150327638578684,1.6165015836454846,0.9573258422031181,1.642475395179539,-1.294736229971613,1.2931066467788095
3600,9500,1.5414854036987686,0.42282370610613756,2.195137226880378,-0.18527120825987034,0.9649515335617836,-0.7065728223634876,1.6162051596521065,-1.2730943359866298,1.7907893929674061,-1.2776568635637329,1.2549132598480988,0.3898236074448186,2.2083009168004235
3600,9600,0.676183920328404,1.252375076625347,0.7652023233212307,0.11935903432369406,1.3857172090459389,-1.0591674448964992,0.7649778724900174,-1.5259183081354168,1.2432981023336231,-0.969539806215536,0.9724343005112742,-1.102536591245475,1.9462754201035886
3600,9700,0.9207194410840919,0.01701138579664742,1.1797139092483337,-0.476549131636114,0.8826774364892078,0.24363306609169208,1.0480017532943342,-0.6311009844562196,0.5102145200460084,-0.07169636331027145,0.42312204984714297,-0.6777825430968446,0.9179571743107129
3600,9800,0.6687112249481537,0.9259101642309882,1.3997096285180006,0.2500247015812772,1.206871783547029,-0.6061585414146072,0.656969948231596,-0.30892175614335105,0.5691137187027154,0.06028752210521564,0.2741114551092524,-0.9786403197078272,1.0719980147993606
3600,9900,1.262051665016211,0.596037960482613,0.6692422327094951,-0.19609585583479108,1.027181590414231,0.0213817880135794,1.1874148965494886,0.17892888302067403,1.5231719693458978,-0.7400102278535329,0.7977483047291625,-0.21256742614853627,1.5855848610702312
3700,0,-0.7037173600982127,-0.9591590790445125,0.04198135268731266,-0.4826827364549929,-0.8668612429939548,-0.7182917057734985,-0.7416784835383639,0.666906598455523,0.9351263310625673,0.25327285099180796,-0.7117221325415152,0.03335719746769685,0.29477720866505946
3700,100,-1.1718196016070355,-1.2099263644704017,-0.9355493527507365,-0.08420138469464312,-1.0745556229526683,0.9692816219975089,-0.9387155998523256,1.2843633674627064,-0.40763878912638807,-0.2962688624665306,-1.0684010964901287,0.8323749092747852,-0.6893477175333004
3700,200,-0.2939413768743191,-0.5250008837935115,-1.5362690007726714,-0.28897268220772265,-1.4738499258929265,1.142586636424903,-1.0653578298400401,1.2472948931444487,-0.7182602180737564,-0.4384033020232096,-1.3819445900656715,0.9460198413093915,-0.9269426084832604
3700,300,-1.1347354914243208,-0.8912358884147609,-1.3907243266460807,-0.622516086420268,-0.8394583824087882,0.9029174000280794,-1.0844224288913147,1.4388175142140236,-0.6011281595280463,-0.744768459502049,-0.7707548980186173,1.2679374656523585,-0.9063007295624605
3700,400,-0.376441951513619,-1.1697547327753517,-1.1521786241213041,-0.2399106092165165,-1.4064535156155769,0.8711824016694549,-0.9000598374166013,1.9399809387832692,-1.3910147117642988,-0.9870207398341642,-0.5517854220084147,0.8740099349335374,-1.4402887722803197
3700,500,-1.3078439689053265,-0.8621256750532488,-1.0634318915636012,1.4913639216642387,-1.6361823846562948,2.245838825166948,-0.9094352605896814,1.756827533656198,-1.4443727610054868,-0.27345520417175495,-0.5363814836344575,1.3059710478615851,-1.1130409595925288
3700,600,-1.1550738192395422,-1.1190523213916845,-1.6865084861371757,0.6919449392569649,-1.1576814498610766,1.045504160612901,-1.505674917249969,1.2501072940872313,-1.490484336198414,0.21858331830719305,-0.4512052601916561,1.1045704267366352,-1.2100591911762806
3700,700,-0.8514890011536221,-0.7085064571325795,-1.4476296072379964,1.3077318809999294,-1.40704122837273,1.5809783987147734,-1.6093955887519982,1.0302460564842508,-0.7610759445377686,-0.2592788125727419,-1.1383293652580069,1.4333408655587039,-1.4249699700338008
3700,800,-0.217986477828403,-0.8324286715613686,-0.5457074837457211,0.8973133284471935,-0.6811204172052727,0.22341381360514614,-0.5220401098870538,0.49197333203508953,-1.2144741241423014,-1.3151873628076503,-0.21464998825130152,1.924324128793632,-1.094580945735003
3700,900,-0.32231167049192605,-1.237669641036556,-0.6839312840583207,0.3682418421433868,-0.10598093833184438,0.753521763306993,-0.7461837020583308,1.0368103707590226,-1.0172492439514822,-0.7174102711346256,-0.4634079214538738,2.000216994219815,-1.0396919428304177
3700,1000,-1.2112866065570158,-0.9166473642534868,-0.7866831907352494,0.76576128996992,-0.41927469347306345,1.1047004552935045,-1.7139340522107196,1.4815204526904577,-1.826813868754822,-1.356227293648034,-0.6277065209828865,2.0771001683097854,-1.6121995095364228
3700,1100,-1.1548637402370336,-1.143806169474631,-1.3647544659010367,0.7614035277824195,-0.379730394936015,1.76521153612867,-1.7063483355925446,1.2192694659781824,-1.9836196517145521,-1.1961302180509248,-1.568974715564145,1.8647333438022629,-0.6472641149644885
3700,1200,-1.4823770962624299,-0.9771958392241236,0.0025173869816927535,0.7257786216756842,-0.6844792973389897,1.7317840135400686,-1.057726464584109,2.123120826942324,-1.2006471801991128,-1.8906952876913408,-1.585640568249975,1.8738143116369759,-0.46320316908665826
3700,1300,-1.8035446189583786,-0.7494241222506857,-1.5362553464715198,1.0448614747482066,-1.2479914686033946,1.3934221433197296,-1.0416146134556705,1.9645613325453826,-1.0043449887808455,-0.7405284483490899,-1.7641291549340627,2.08508792281977,-1.0366883978833876
3700,1400,-1.5338233344442045,-1.1042716079804524,-1.0966926518231321,1.4863072123660672,-1.5227776383608913,1.8019429918936472,-0.9940420853132689,1.3421204357940026,-0.8902034292811578,-1.6160163144557094,-1.3437632839312972,1.66148303477359,-1.7182347762596122
3700,1500,-1.4966985446287573,-1.83757005841856,-1.9402533041353804,1.9091780994667906,-1.5264924274379383,2.2194719905348577,-0.8990154925951247,1.6438693421169883,-1.3820552794616778,-1.1298345891980617,-1.63898479912588,1.7846173468575803,-0.9211759286214347
3700,1600,-1.7386102523663916,-1.1986630387356039,-0.5975179031216102,1.53042203748051,-1.485486142736992,2.1971291649668503,-1.3980912381647792,1.2588633078025764,-1.139249629143486,-1.0881387584254354,-1.3893622910464307,1.1844338956950997,-1.176531177001527
3700,1700,-1.9838669929582355,-1.5945543675109795,-0.9060736046165345,0.8570266010932631,-1.6712041725404911,1.2644797312856613,-1.7116478130829886,1.4905860195708138,-0.9296829653011616,-1.1065755599644997,-1.07370874909956,1.6908640040981129,-1.047174248707365
3700,1800,-1.7022115387786731,-1.0106406473231386,-1.4895015538992704,1.5836430951960234,-1.7363500891700263,2.3758582755194526,-1.7932677726254793,1.6643893145479824,-1.6277418322508042,-1.3724193272065741,-1.5944574748797604,1.2653207516777107,-1.429832063365033
3700,1900,-1.5948460591421252,-1.5462250115637122,-0.7930582426163393,1.6447213700249657,-0.9920478629633903,2.1577923201679483,-1.427903787852354,1.9858893457903033,-1.308619429136323,-1.3420291722693563,-2.1765126431035107,1.7128616864763087,-1.5025125620256992
3700,2000,-2.0057087196212042,-1.1598168678768395,-1.3260982102868009,1.6066881370053008,-1.6730360393106325,1.255402259844144,-1.759887966971508,1.4759641789399311,-1.2602180224017647,-0.8433317818639686,-1.4912830816382474,1.2676023613114746,-1.556650265506443
3700,2100,-1.2696811703163111,-0.6565084474481834,-1.2739683039734262,1.2405367944247756,-2.052375746924615,1.3294453560704793,-1.5941471538679657,0.2546074898367524,-1.0361521752643066,0.249108455606722,-0.8132176342522057,0.7424529807361486,-0.5216726009117765
3700,2200,-0.018198822276389276,-1.1652816348063615,-0.9539158604945023,-0.19969330511248465,-1.0574937851613957,0.9512418671912878,-0.6220806988631222,0.06358427399235309,-1.278238059940662,-0.13051726342183462,-0.6197520941133337,1.3577442046618637,-0.4445866960477417
3700,2300,-0.20131749030251006,0.3089554010437244,-0.876342009674889,-0.5764351767660196,-1.114976085951394,0.7944082040015802,-0.12588796347456332,0.7365417116209794,-1.077415398867451,0.9478149678520467,-0.6970334695703218,1.114061834003004,-0.6607392047679445
3700,2400,-0.13527546975902444,-0.3204215140424007,-0.14867573195235528,-1.1307104834954096,-0.569297939517296,0.42001798063036677,-0.7615194205202996,-0.3078168497081317,-1.243511217209929,0.9199979592794163,-0.30095696489384227,-0.4040200638096868,-0.4991279006254545
3700,2500,-0.1686107354390227,0.9842695325794537,-0.8615075692473493,-0.2935727578153161,-0.6191527154072989,0.9687699906374445,-0.36330831892202153,-0.7834876013120147,-0.8992976358253846,0.4544801989840625,-0.11599496863502597,0.405601956890866,0.17783292993945507
3700,2600,-0.077024864392272,-0.9686265629391706,-1.0368252925217152,-0.9409454765925316,-0.46364880900511796,-0.3755158309635167,0.006343830755605431,-0.012562589150714829,0.06102850249022338,1.0266924509205457,-0.6942065256080643,-0.4220795158575517,-0.27594007940271126
3700,2700,0.7288059827635819,0.2607245187640428,0.07964970470674297,0.1331494121211836,0.21931622493604624,-0.5397969159446525,0.37458304234668427,0.14647743465938598,-0.03180292407116219,0.507333981730344,-0.6630452419535704,-1.4037372099877843,-0.552412704443209
3700,2800,0.8533465702095094,0.6669492869222621,0.23310069783416706,-0.9267116175644071,1.1459061484751862,-1.3964878593047167,0.6684080642490594,-0.5699610571837221,-0.31971129988769703,1.2113549375229167,1.001446047101072,-1.1449119809854154,0.5735126314315085
3700,2900,0.683842304102344,1.163007755947167,1.1110675458022925,0.39021542220278044,0.44799495799304584,-1.2236991998656606,0.5461673175675908,-1.0751764003667006,0.8808387503200378,0.9468661729104025,0.8118149902630947,-1.9040168888068203,0.944573102616103
3700,3000,0.9043029062323098,0.7266586546692394,1.4989340465897605,0.6551723892816124,0.43286453139057657,-1.0345500973139354,0.44276468020091264,-1.288504123898833,1.3172002467061685,1.0106888264394633,1.4610029701419884,-1.0463185959300498,0.8779926350532371
3700,3100,1.5136406511895322,0.2141757579399927,0.9420561198164533,0.6079386186520468,0.6435444394790127,-1.0227991510590833,1.560583429921313,-1.1894311862309421,1.5665786424995702,1.3292130247086469,1.3874642352569746,-1.4185735474626988,0.663280348703741
3700,3200,1.3095222911561024,0.41914039289766103,0.46289399958385813,0.5959989208388484,0.740026809327159,-0.858365022992455,0.986660685456153,-0.7528881440323698,1.0502958033249903,1.764313470825926,1.8227308075583457,-1.5893072520904064,0.18792433117902793
3700,3300,1.674270196009675,0.2155173151189839,1.156892113429492,-0.3647851662265175,1.0174253957544017,-0.6114860929160726,1.213400142095545,-1.3580051164026903,1.990551009766827,2.121134678924956,1.2920682069686522,-1.1568671891737938,0.15116797800401346
3700,3400,1.5428960211817946,-0.14316725635122948,0.8340506395038817,0.32832023345709,1.2897469797351049,-0.6359188598048556,0.9650124839051284,-0.7595831153436664,1.5350160794333296,1.5653180924037293,2.259080181438455,-1.0993160884506965,-0.21134261692063794
3700,3500,0.5339136303760107,0.42988177751281653,0.605993476004685,-0.42467346086926494,0.5783116921040479,-0.6603906411755724,1.3238207065259073,-1.2396301276733197,1.4418749599186815,1.5192866225675983,0.8769420150291136,-1.1065811352603225,0.03476364584173081
3700,3600,0.9695740282916476,-0.375034036304737,0.6560655589420991,0.09943385782116364,-0.08533805405138409,-1.2687390109434666,0.7655375563703383,0.01144093703723315,1.6105109784678167,1.3002868931151788,0.9126520403052717,-0.8890092497584758,0.09128994190518712
3700,3700,1.0406719405695302,-0.1857682678297186,1.3380144781044179,1.0140298154870913,0.451495042443541,-1.4923976381700206,0.44478802843443593,0.07916439628116287,1.740967071119684,1.2562867949688576,1.0745752541133982,-0.8118514169303118,0.3876012501890932
3700,3800,-0.019353417453421142,-0.1369831563424337,0.21270252922046545,0.6670147035916346,0.3139042267406641,-1.3356665669818542,0.639070040753412,-0.6308102959211422,0.9605548681101509,1.9184891317249544,1.2634611612364177,-1.3387531118587517,0.8373173568190118
3700,3900,0.5341068866175589,0.9155132455849354,1.3185006399118826,0.7299991441345524,0.8730116995562033,-0.5323564500931128,1.0929157569026413,-0.9361316531520237,0.9708089507963019,1.122139232328961,1.0651487670798696,-0.6411831687404065,1.1480234978650434
3700,4000,1.392636654226725,0.05633652465198913,1.4766150352861518,0.20133658679195995,1.0867822023433695,-0.9923170960947623,1.1412853795683515,-0.9382624873009654,0.7491923627321657,1.6762009525140849,1.1300454383440346,-0.09876695492065538,1.2953866935103644
3700,4100,1.3856320253662402,0.8166441144970333,1.8775083652079345,0.35001024213798226,1.5526185874662404,-0.6013234978451747,1.361488064372718,-0.9509694982138341,0.9714575493634579,0.9003852141231776,0.3666943929029169,-1.0103716306889123,1.9228070800369312
3700,4200,1.5188002966368102,0.5201245713326199,1.473375186060403,-0.9900947242815475,0.8384027616455657,-1.2011885203403727,1.1349482467810108,-0.7966661982500329,1.348220108948377,1.0768041974256592,1.1032998776993577,-0.5903212310947258,0.023473059513652278
3700,4300,-0.47223958638957747,0.5558041827435736,1.388674113731544,-1.0047883661306527,0.07350470499837512,-0.8941086355286842,0.9333417769141649,-1.272943034710045,0.7025364356009013,1.4266140117249575,0.21833715911903628,-0.33732773016809137,0.9866025289298394
3700,4400,0.08421469750183373,1.205084828392502,1.2276599253238767,-0.6002527845313502,-0.5226896131216159,-1.094503971560249,-0.3204395169583867,-1.0569699845569502,0.8712494060773078,-0.6230209627748198,-0.016985152416049438,-1.131926466549716,0.265882203610688
3700,4500,0.2688172862053022,-0.21378055667427073,0.514587790761734,-1.1824918919617078,0.725090589125546,0.1860150217277849,0.31643748045386566,-0.48866657950681397,1.2404340875213833,1.2039165139103778,0.1840896549679519,-0.06967231259298354,0.21687510801457532
3700,4600,0.38858258144397934,-0.3015326866523809,0.11344595109132173,-0.7155466356804803,0.14644190626237089,-0.927197483011927,0.41047351959989264,-0.18976451635285047,1.3862875985541652,1.2435340451265673,0.4994827246622174,-0.8202888950477301,0.8516610848293255
3700,4700,0.14422898420295016,-0.4543302214137756,0.4570981624894564,-1.1035417559493952,-0.618797597887794,-0.8684205137617909,1.314339466190406,-0.13074614664879697,0.977984747994255,1.2513788234035785,-0.026367831674426617,-0.23336185346003158,0.8046854380277617
3700,4800,0.1692673461215555,-0.664254369471031,-0.38251161054102173,-0.44508761993756396,0.268502989586454,-0.7838731598755557,-0.24195078511121132,-0.4529685105844691,-0.46034158551663185,0.8569815092109623,-0.5946650724564931,0.20890007244720493,0.07926492042584285
3700,4900,0.9941144331861473,0.3182374447327676,-0.1795192873516875,-0.00033671252627798454,0.8901281026636494,-1.441728578782494,-0.1720081309184263,-0.6063848235981607,0.17559843957775648,1.8516731290189419,-0.43888341410067944,-0.5159253384262683,0.2727540298687484
3700,5000,-0.040353410293526217,0.6228956954527616,-0.31723459982628777,0.1630031472471741,0.040029813140953524,-0.6836263187095047,0.5302417814725721,-0.338272656442374,0.4232308877503211,1.0668316759310295,-0.06394355587455204,-1.7369527601160752,1.033111261353933
3700,5100,-0.21083402964271533,-0.48608519910240966,0.8129625976098486,1.2801061600618602,0.47843071354910854,-0.8553513559205349,0.21442339735257449,-0.8432111784517622,0.8538540283148855,0.1317253675433771,0.20455138959494584,-1.174341786619746,-0.08136173527139785
3700,5200,0.7036885161127838,-0.21930724839643823,1.0428369256921073,0.2944196153862693,0.8035247227688058,1.19518998691416,-0.07569285580505697,-0.8086062179795579,1.3164104527199976,0.2609852454091257,-0.37643912680450387,-0.48094260961357044,0.42678637050186585
3700,5300,-0.5287476348049595,-0.20058478908368227,-0.02830864461771025,0.6774602440479013,1.1093000327946907,-0.2019602154304326,-0.6892545801832046,0.01831305168848805,0.8657301053887726,0.319421941154632,-0.8429327141418691,-1.2616602316202339,-0.1558673237365679
3700,5400,-0.30075328547303415,-0.43458422603968605,0.278703578774329,-0.20200672555929464,0.29407264066035677,0.9055538267024528,-0.8261595231401525,-0.16992197529988207,0.8156650727961037,0.5016548401001002,0.1608062068686018,-0.5348947246572663,-0.6073761657483735
3700,5500,-0.8085351176265873,-0.6166344159825953,0.4986613803924439,-0.6327038888205277,-0.5521805916783824,0.6067529821715334,-0.043678545796149805,0.3009053134826585,0.48963298348384676,0.21710930132676606,-0.8783238719795368,0.4735468928579265,-0.9380796133703974
3700,5600,-0.4926701786194156,-1.0035844933077993,0.37351467217404566,-1.5606108829226315,-0.32639579705972166,0.6842532562083885,-0.2537267085827514,-0.4886983027660865,-0.3651066547430496,-0.08688985038827897,-0.45739589660939917,0.05316397967795784,-0.7250860617910886
3700,5700,-0.49513745672796927,-0.9036369820354699,1.0500797928654018,-1.1636380905071764,-0.3240990801635072,1.21838010262528,-0.6503209245713514,0.16940986592597068,0.7182769392053577,-0.425426341527026,-0.526936194013571,-0.6141674760700779,0.4638589724249994
3700,5800,-0.2120629391907037,-0.45769849446098193,1.1802987057173728,-0.7483304806463908,-0.6866368999039149,0.1766934558935441,-0.31340068836102647,-1.371058316337782,0.5202117995844509,0.8568371636115871,0.054444912795993956,-1.241825768411533,-0.06660372939983905
3700,5900,1.3523071592473936,0.2056080161981147,0.7411991239465135,-1.4209721755558307,-0.11885442452400911,-0.6903827230949652,1.9497568146361905,-0.7893398564208075,-0.24168517875090256,0.6869651013549946,1.0975442126573751,-0.9559961976003968,1.0491331100099626
3700,6000,1.0884216156499835,0.04587168216074832,0.726264377889528,-0.9013812689500292,0.2790727181123874,-0.19377911466593567,1.1735650284905284,-1.1720439034327028,-0.7990101836036121,1.172146637650052,1.3686987171656104,-0.08957001972402936,0.6551763705250523
3700,6100,0.9772828939840524,-0.5498907371213694,0.09872146112177263,-1.2819594326463433,-0.006230464120253206,-0.6164902433267503,0.3270374156438301,-1.2854064418252353,-0.8607301960242912,0.4427252140810727,0.2779199172234404,-0.9205172650829101,0.5822858561349518
3700,6200,-0.052664768089434356,-0.5976661457372106,-0.21858430155007066,-0.2781524894132643,-0.8451813268767893,1.0110526151271386,0.18900756548406486,-0.8524978745737287,-0.9247141355293308,-0.0087460534919585,-0.7751939687607547,-0.700483719149544,0.0654984653314035
3700,6300,-1.3218695841342487,-1.0887824337779544,-1.2258078274847124,-0.14495446351384725,-1.2750940631348353,0.674832930497904,-1.0256467211448423,-0.16130787894626444,-1.6013901783395341,0.7675803716508475,-1.2472384817525017,-0.6750689971588343,0.2598029300111844
3700,6400,-1.576869221818242,-0.9828987310432632,-0.8913568547514912,-0.3064316807110917,-1.6906677934496208,-0.0780166994792381,-1.0841701120827119,1.3689151677673985,-0.9374963856455903,-0.7280108961372417,-1.7392150833163265,-0.9076383342623331,-0.21133582668125672
3700,6500,-1.0194977777076188,-1.3569753007305723,-1.2865856261995257,0.5945795417855098,-1.4728614828643254,0.4182526529561756,-0.7541565312333044,1.2938425386861108,-1.1271488772030553,0.6743686187803761,-0.6158352408436427,-0.38189586518391627,-0.7930847674750789
3700,6600,-1.5028725702717598,-1.3827363809174773,-1.4947903040445223,0.8092108155261126,-1.7046186073367677,0.0680742720372478,-1.210348574791558,1.2282158267734253,-0.7991750065330934,0.7416002202490275,-0.9560884210952768,1.1885366680627383,-1.3100594877207958
3700,6700,-1.7686657593178052,-1.2537009238614352,-0.9786552650167321,1.4482054857486935,-0.9710658116973179,1.367907903565207,-1.5655715493863085,1.4784370163710154,-1.5144005675617085,1.0851039038999546,-1.4480960181621518,0.6250017431787682,-0.943221050303047
3700,6800,-0.9402284753732862,-0.9948870928615169,-0.85511389008398,1.3987207616835964,-1.609114244793151,0.9326947383702263,-0.9962918536703844,0.3939951913377653,-0.37846823803279156,-0.7943093999679572,-1.4226772727377122,0.36551288080236205,-0.07028165911636698
3700,6900,-1.3282313174192806,-0.953718529825337,-1.245409635048174,1.5867902568339112,-1.07420039381371,1.2358408419472926,-1.0276958892482142,1.329176864425806,-0.4450792439222441,0.04622041153609825,-1.3647668794268497,0.1485718068387837,-0.43118677232669234
3700,7000,-0.11116605523658443,-0.8879825043231512,-1.0225359725646497,0.8292311738491207,-1.1034786261965392,0.06257111469443988,-0.36935961142815216,1.1525158569069447,0.06700297859146032,-0.024614914824202458,-0.7359535576839316,-0.18278828999101926,-1.061988189882274
3700,7100,0.5830760248623758,-0.3956367990667285,-0.3412003793793381,1.6089714699184647,-1.1877244705311656,0.44335064517770395,0.40708330600604226,0.38307379457812746,-0.19212436820007958,0.13181559161275117,-0.6221222716603299,-0.2201448158393956,-0.6035084301123179
3700,7200,-0.561417424115337,-0.14130765798166145,-0.13789920743942538,1.846873051311233,-0.886879191158416,0.6870814817494206,-1.3431161733390589,0.9740857814639431,-0.054143573439464666,0.1131515148876737,-0.21782339381080443,-1.1896051009695707,-0.07563646444847083
3700,7300,-0.8309305165009153,-1.1122311183066167,-1.4105725821727966,1.0885652145206148,-0.9349376059912894,1.0823435242712682,-0.8499873693950796,0.5333353160291975,-0.7944003999420487,-0.11947027590971639,-0.8320486759148416,-0.7498035489984917,-0.44228396889433347
3700,7400,-0.7859253302047257,-0.5760910898749392,-0.8908490237884917,1.7694329548147936,-1.2295906562823509,0.9788785849200805,-0.8049189513789815,0.33386585317612316,-0.4977927169602026,-0.09919977021781969,-0.7663249846857697,0.589984489930398,-0.9387200728387352
3700,7500,-0.9482732060124061,-0.7238928268736823,-0.5647854957203952,1.1734611379863393,-1.833434484013385,1.7089599950610899,-0.8994356716360205,0.2959787932002906,0.09670207753635258,0.5123102526536167,-1.211542332075115,-0.07610034022248283,-1.3811587910849297
3700,7600,-0.28825406474772347,0.8453172864145548,-0.9099695473577204,1.9512947990541418,-1.126564829751196,0.9313997985770781,-0.8416552000783614,0.7719533567846375,0.11005191287956244,1.3587906981826092,-0.2579928546764036,0.4302041233221196,-0.7508122321203943
3700,7700,-0.20492354577845764,0.12702131026612892,-0.34910500916922654,1.8836296981271268,-0.277880091321687,-0.5704681430050588,0.41470816105912317,-0.31283573773417594,0.1498939420301163,0.0608807754689344,0.3129128077654686,-0.8958467899599641,0.1252305248426257
3700,7800,-0.10257318219219878,-0.0475229706691932,-0.4398129057016291,2.2096711970081535,-0.678208885873171,0.7332605705198222,0.29445001445545055,0.8624896196766563,-0.5529702086130384,0.31560439748821395,-0.8664864316407145,-0.6173688153146585,0.7540857979721606
3700,7900,-0.5408961180857308,-0.06013167379289425,-0.46554681942631554,1.2304120206531035,-0.4407963266654867,0.028084481419645122,-0.6279101421972505,1.1261189248810135,0.3416755293101735,0.9105169561398031,-0.33921136797467444,-0.6602283713356263,-0.5047241740400252
3700,8000,-1.0514290083121631,-0.4497401385397359,-0.009706592782866223,1.019352002472788,0.24360254393673347,-0.7206898023863724,-0.6575341532595355,0.531064525976927,-0.5123890930483184,1.232689541459672,-1.3597139448023623,-1.1882758975657262,-0.5429668731151199
3700,8100,-0.31943986398659135,0.2089419154328973,0.2218689412417291,-0.6775061978480559,-0.7250360366608314,-1.103787570110771,-0.3917051807843422,-0.7130614572096213,1.0680365553552398,0.7776860475406256,-0.27369856048332447,-1.3243515892836208,-0.0934818365542414
3700,8200,1.093282943220481,0.7860842939750238,0.9158440822565789,-1.8153162274150745,0.8628956787856965,-1.5142556896829384,1.6318092039967613,-0.7370480835133799,1.2968090474503282,1.5701442917623787,0.5173409095719937,-0.6648133027523109,0.743797990426374
3700,8300,1.0905486865966163,0.806175706310247,1.248131405593609,-1.3450409418815865,0.7069148726027384,-0.7629499501128536,1.5719454264347201,-1.0880759476096342,0.8707384922813483,1.1239741251025241,1.4776450843253035,-0.6185271820718411,1.6595517164882676
3700,8400,0.8522888790181133,1.4509076053937318,1.604833065390136,-1.4130850518226834,1.1903677101919476,-1.1851724853368208,1.5110297410000901,-0.6567260544401653,0.48329637850107593,1.6245712281277045,0.9304246861386677,-0.3723469910565784,0.8722660500102138
3700,8500,1.2985106870781522,1.521344502172212,1.6288911990541992,-1.902548683658296,1.1927930092993737,-0.7577100518772253,1.211933801399774,-1.5125497611645842,0.6588005755913849,1.218352661971425,0.9947673187827211,-1.0444478913841229,1.1503045642649852
3700,8600,0.7753408682616363,1.283201589854236,1.2590512984232818,-1.0860858991247073,1.3078755278091034,-1.4874058851065621,1.9615909967903293,-0.9434780008021527,1.3582965082441107,2.122191447162645,1.351433741715724,-0.5543175609688763,1.0368792290547508
3700,8700,2.0596437373748935,1.5851976514918122,2.542269980616788,-1.0071987168108305,1.406174901072696,-1.4713318341805528,0.9945432473457767,-0.7435006268298568,0.4139050237688535,1.837131358739145,1.4423008696514878,-1.3010248881424913,1.5149201728599677
3700,8800,1.6031747335857374,1.4019745876614735,1.5628357019927561,-1.0757670783336075,1.7074182391450945,-1.2787007675511528,1.7334953512587832,-0.8276074169256542,-0.34955777063342763,1.3949325825483803,1.9386333884601585,-1.0482413023294603,1.8076967916162452
3700,8900,2.0414363373493876,1.7550554125701021,1.6168751281826377,-0.998552485293767,2.3785886401375023,-1.3954744636661067,1.4693434792939257,-1.2428225972959033,1.4769012322031985,1.495005489702064,1.5733701351359433,-1.423690331019037,1.3422694782365117
3700,9000,1.3916910870688866,1.8646451814935143,1.3849202373520166,-1.4488729509926899,1.4186124802229878,-1.7931797499055668,1.9985116754617607,-1.5185503080089384,0.9990043463588947,1.4342839309214261,2.342204466564085,-1.351246497058127,1.916721398241277
3700,9100,1.6129420413262807,1.892569500555864,1.997432533814786,-1.5511239652719804,1.9163529601106404,-1.7812011255872129,1.592696672469,-1.0648451168430204,1.9731856280047189,1.4255878869738967,1.698113474697396,-1.6071942257053866,1.5431880010943249
3700,9200,2.2742577493669716,1.9397344272695343,2.064492563558089,-0.5699710607828214,1.7504992318178243,-1.184115727214792,1.9577914207544995,-1.895908817535508,1.1206162183049662,1.0002995395579881,2.1470327834978633,-0.952908008052487,1.4312794378446192
3700,9300,2.32518584767061,2.1475853175869832,2.012027240261212,-1.3171262825010241,1.526126659953754,-1.015202609681805,1.453910293500732,-0.8549260179583542,1.5462935288584885,0.9204185901290678,1.0997733887007541,-1.4020444130444651,1.2029242525830735
3700,9400,1.446217903163464,1.8372568331359962,1.8001813581026134,-1.2618727353063477,2.187020605368579,-1.6874244617833871,1.4519587120742328,-1.2557186990953846,1.902776783360644,1.2012052963789315,1.7419294607594746,-1.3184906174259046,1.532745941278854
3700,9500,0.8758999404029744,0.9373381355018011,1.8853911226575675,-0.21923826736376362,1.8488494775504156,-1.352484670940913,0.5951056522380294,-0.5883280221964223,1.450467167576959,-0.49435216932370385,0.7605851287203705,-0.6398743985008142,1.7589685781677709
3700,9600,1.672133595864034,0.5621960065638264,1.9827320630412149,-0.8276694062038984,1.22984699255177,-0.2748595721429033,1.6791983279404281,-0.43454260405341966,0.9812704705269106,-0.9962845838521464,0.7079717833820846,-0.845139115579534,1.5822457911109977
3700,9700,0.2217662541259924,0.4979258702059307,0.7995409272088823,-0.6856575106699604,0.8262167883151403,-0.6227337214986854,0.5358584587487284,-0.5515383943507315,1.2249892249906946,-0.2155774909399504,0.5363339750493874,-1.3215222622976266,1.3700722998335058
3700,9800,0.3692421185307482,1.6511824026438284,0.9305546263153944,0.3573338555964696,0.48781054008856295,-1.047982700802655,0.9378520695183057,-0.7576393470696645,1.1093660204603353,-0.2568653605750087,1.1021968931211457,-0.38923381981988675,1.0304639224934005
3700,9900,0.7836391575025966,0.19432283817324414,1.0649898775166913,0.3659554834166913,0.34102350577383805,-0.4726331355812571,0.8948499999257774,0.985591735187342,1.0020152405344918,-0.13959866331863197,0.17232930645954184,-0.12151357512285264,1.933121945903787
3800,0,-1.0355375422075896,-1.1826770702278873,-0.16547875988483957,-0.3975353076009504,-1.093166372831835,-0.23258010028110335,-1.2537006379264612,0.23212826188054164,0.571694343406109,0.06679931040096936,-1.1167858654518823,0.27647400532050503,0.9181799574485169
3800,100,-0.7326327295058331,-1.4437603337524412,-0.5207959278850386,-0.5474345639849328,-0.915389787214708,1.011007207214546,-1.6052022528377872,1.525374096168655,-0.8668610404218531,0.078187999541482,-0.9323050081586992,0.04087385214159781,-0.34211860675296984
3800,200,-0.34925955661164854,-1.297103298017932,-1.6268935898555843,-0.05735360065130917,-0.6036935958805505,1.3982490100610552,-0.8838441646368758,0.4805621864489972,-1.5099779868513261,-0.7639152507512909,-1.2029408635914538,1.1689210714308413,-1.3165861504742136
3800,300,-1.7895656842657564,-1.5985498216665261,-1.2369106412782265,0.1383623491985003,-1.4053831771896814,1.3564823024997401,-0.7558271687265551,1.6887952336627652,-0.8732916297656057,-0.41133876424200566,-0.8030745300974236,0.633119676664327,-1.1694148131466138
3800,400,-1.2222070053423872,-1.4370866799742512,-0.6495125539797233,0.014126839538988053,-1.4275187947759649,1.9523292753427406,-1.2955389393013037,1.0252416392424986,-1.530645926849735,-0.1433693466182397,-1.0092567082840938,1.2850858849969249,-0.8174011634411942
3800,500,-1.486612420358096,-1.123155126372913,-1.0528571830703894,1.1508443284725782,-1.9996305504226566,1.833662526968968,-1.419017277926033,0.800909139559512,-1.7508660754922447,-0.4682544959982083,-1.410643083338754,0.9813657279077793,-0.9680976699237709
3800,600,-1.0862144582833948,-0.6948810856981344,-0.6056814877702379,1.6590995917546507,-1.480963111556785,1.8620596710532458,-0.6873523666117459,1.4644994195540066,-0.8889947310949005,-0.9139813032793598,-1.0684516885007393,1.3761205201531277,-1.4984934588356542
3800,700,-0.7621837661903208,-0.967776860960991,-1.4366626272352354,2.3386367613198726,-1.4497647513809298,1.4326249565562539,-1.3585957366238521,0.23976544971583172,-1.3672724928914728,-0.7924822050045852,-1.0892456873192566,1.0966011280309156,-0.9657566492220326
3800,800,-0.5243252995929035,-0.6458980797755609,-0.631777265154622,1.548844798403092,-0.8879378810740273,1.2338831850633125,-0.11728265114658815,0.8058544717272266,-0.4416012100922606,-0.5575601678986598,-0.8511148025267262,1.652939646203092,-0.9155695393005959
3800,900,-0.40492414808739635,-0.9413648379762959,-0.22950448220506223,0.42998421200896225,-0.9921641878843622,0.9369158854681422,-0.866815955038135,0.48394364912896654,-1.3388992256038659,-1.31883621187768,-0.9924784783425978,2.253455250457877,-1.9172250680887064
3800,1000,-0.48802620810740566,-1.326236281125389,-0.6590408840543738,1.0199354376149383,0.07302759206616977,0.5695494575031858,-1.0924673273860943,2.2028657684448447,-1.4458367842775257,-0.914145183580484,-0.44903298128123476,1.6249609078134102,-1.7050595796979526
3800,1100,-1.3723274250190025,-0.7288017649271694,-0.9753352878710603,0.7301544421266015,-0.562422768225175,1.8298785256128476,-1.3435610047690991,1.6846351589112096,-1.7711266041626714,-1.4521746189709415,-1.05754636185169,1.4123789903915753,-0.5981095081149586
3800,1200,-1.169141283414524,-1.0741835171440095,-0.8273694398031678,1.3955533342889217,-0.9170512858531974,1.6866823434121494,-1.4831553124939285,1.491923074601908,-0.9205936405922127,-1.158847473358755,-1.8057718051640028,1.2611848224739444,-0.5998747119729632
3800,1300,-0.3523655350212604,-1.371146410319701,-1.0809371462943698,1.1238120983715831,-1.3657316329388736,2.0438978297242745,-1.1607528322317415,1.683937597159063,-1.9062308425235284,-0.9746090754676351,-1.6760500722001515,0.9518390878564663,-0.688000458431073
3800,1400,-1.715135682623439,-1.1261599986621282,-1.171205653116177,1.5087940031565483,-2.1334542779414756,1.6397623929650829,-1.3665504021313537,1.9631729682234929,-1.300740343492114,-0.9017300485629541,-1.267465509549148,1.9964600033087858,-1.4957867916480958
3800,1500,-1.7011559304618074,-1.4484287152976487,-1.142516127545253,1.2948670324129017,-1.4501425783360216,1.5358715668979985,-0.8993907507479287,1.7874823253184948,-1.7989905182662795,-1.533338751625181,-1.0835254675567507,1.8976540548181018,-1.3777508714031022
3800,1600,-1.8995762976403396,-1.6968530234689148,-1.3797389555660515,2.3645706043563424,-1.8352605890652887,1.1252264441776973,-1.5456125242726815,1.3917174831121557,-1.0821009519299676,-1.1227547060253384,-1.8399240037876652,2.1241588455962956,-1.2085795245822297
3800,1700,-1.7289553172933798,-1.2618120765054135,-1.6230726774643156,1.412398820203991,-1.945691660687699,1.974754202415543,-1.4897857134640458,1.5330571996716282,-1.178644390703136,-1.5760079476368736,-1.2728163564116468,1.467828839678851,-1.2400062251495254
3800,1800,-1.5154742068750444,-1.743591385214499,-1.5661241944791835,2.05988368449988,-0.6046779770449933,2.2720338007787984,-1.370600939498755,1.825070064748469,-1.4241931720807242,-1.1758948474807889,-1.8438365278268607,1.1707417785471246,-1.2386393318893159
3800,1900,-1.1730356075478117,-2.0590828517532818,-1.387765642627474,1.6804261407018666,-1.7306487479286856,1.5451422909609065,-1.8124716006860886,2.152768565647656,-1.477528565665743,-1.2343691576898645,-1.230236952820524,1.4735920016598676,-1.3679113080912737
3800,2000,-1.0192598251133098,-1.8639886612207779,-0.8953431031801751,1.2142449789112064,-1.2349320864809283,1.962497322796715,-1.145513374393143,1.1546975264232082,-2.085572760988215,-0.794328552428138,-1.0563327550634491,1.616037392908081,-1.1552721653979916
3800,2100,-1.2867483945289295,-1.2338650566998306,-1.6356260668857008,1.4842715135920554,-0.9224351819570071,1.340351208523983,-1.575857384146145,0.14411863706675435,-1.4121710922296693,-0.1123502798505007,-1.2943427171130049,0.3489236474247491,-0.6908662473115874
3800,2200,-0.7344079275791652,-0.7265963037298484,-0.5531149245372967,0.06689492610492229,-0.7564926858456429,1.1046043065866256,-0.11078718140034491,0.4900014529216684,-1.2120443851842218,-0.05279366513105372,-0.37673828468818904,0.9437991885207315,0.10294886836411386
3800,2300,-0.7544080333892327,-0.03932825988850448,-0.30321633590650526,0.2863694161784514,-0.6093511069858217,1.4262937189534148,-0.1415687476867972,0.9758359696422642,-1.5620789006406903,0.7060216128018952,-0.7234672747369716,0.19861060932588234,0.15241048256952894
3800,2400,0.23408488792945323,-0.17320861762271245,-0.3958888640268938,-0.8620451655312735,-0.33285713489796337,0.17610625477542,-0.8874814269169767,-0.618815192778695,-1.4429907135356128,1.1758757552321353,-0.22274318999972745,-0.20629140052911102,-0.21789876336514027
3800,2500,-0.08605654587525294,0.7550532706927857,-0.6487133521487688,-1.4452519095296787,-0.3772257813667704,1.092259143355728,-0.2620856186971969,-0.16368097138842477,-1.1639500314926692,0.18025938240044,0.05336828544300835,0.09574503178228048,-0.2514936989563666
3800,2600,-0.5376092239317677,-0.8864822668335443,-0.06423761918370431,-0.1348434122722335,-0.5758994826048898,-0.720964453786985,0.04659779336264263,0.5436920715916769,-0.10078148478218113,0.20674219446855424,-0.021180373843179393,0.3525974367838911,-0.32960217338966186
3800,2700,-0.03380025228812415,0.15956406879832516,0.14287019876163856,0.06924977696871773,0.07436919627208913,-0.459687976883663,0.1396253903235026,0.10614009792500669,-0.710112323077559,0.8487182553596718,0.22234327837552337,-1.2765918426458487,0.17419530291197835
3800,2800,0.7579326880104439,1.2979049959100581,0.3030055821712622,-1.0092974286353191,0.468479211379778,-1.1975186805207823,-0.09165912384483109,0.048148853441430065,0.21686835519932007,1.2324608164614974,-0.051657484448011784,-0.9350364917766399,0.9715477222422071
3800,2900,1.4506959931547005,1.4689565452840618,-0.2896039327987086,-0.370797946197733,1.2600844441611836,-0.7146949665319241,0.8882373576036248,-1.0135381116835476,0.6461827907244507,1.5999905977522113,0.8099374191129958,-0.8581494363705287,0.7290454466302329
3800,3000,0.6368631527408757,0.9509520315154852,0.5992030632618093,-0.16324924564653154,0.40094429118737335,-1.566413462726414,0.17722822262628546,-1.3972212822352383,0.7873183773018927,0.8052773820641063,0.9437822176010304,-0.9466849756761208,1.344264325065948
3800,3100,1.1740137269641013,0.6544522493716621,0.7598014720669932,0.6904697913758243,1.0676775957963258,-0.6863170718853804,1.7247520825282725,-1.380817924343044,1.8749337887725785,2.0314943505181655,1.2331283722765078,-1.3758451454985192,0.8925500040716345
3800,3200,1.332906782113926,0.2790541362649919,0.3919976255647289,0.1335089747868486,-0.28393140221533725,-1.0778571197307083,1.8011549764780355,-0.8076080060425419,1.6314745563385253,1.5526797487249293,1.7702415873908117,-1.836880851822823,-0.08095495794266905
3800,3300,1.5477064265714087,0.22017965338440948,0.3723955137119679,0.44207461097841194,0.6311050618670974,-0.860467172459418,0.9256085624436118,-1.2611602493888006,1.7505965085258675,1.218881584759664,1.5771218899015678,-1.1770650470512232,0.3148792445012199
3800,3400,1.4513534319903603,0.5737483474867132,0.8965522179119397,0.10959145859482221,0.8782062511883995,-0.6416622887078024,1.6452631920783152,-0.8737291083426632,2.0748251681841703,0.8409476167239606,1.4624801381657455,-1.5512880141011938,0.5324635942497484
3800,3500,0.6324514990161935,0.7783806988677431,0.7280398417028279,0.7938528955939532,-0.04770259526210927,-0.6635013403562604,0.705041107474873,-1.0695664139710708,1.441364139541881,1.8448435682741684,1.0997282605208092,-0.8837896404953934,-0.21131743823386637
3800,3600,0.9094801975149838,-0.41847743869783643,0.481877341379493,0.6542014001285785,0.445769917996033,-0.406631461596061,-0.35835221890398317,-0.2622162600404628,1.7759541112537915,1.4584959704050169,0.16696330782573687,-1.0844293858572556,0.14343213396205468
3800,3700,0.2953565959989884,-0.4527395651129364,0.6322443083262609,1.395866315452051,0.2937249873944554,-0.9632497243458928,-0.50755655876694,0.29543266345601665,0.7058415649301485,0.6517686869203629,0.191288755011454,-0.9739848712010077,-0.36795293143267094
3800,3800,0.2774209611034223,0.5243052152768505,0.9871730669992637,1.221175931354215,0.9971505497987584,-1.022895559227358,0.5051912265654775,-0.14275973675979242,1.2577488129211352,1.1308733390029566,1.0330612544627389,-1.350979055654222,0.733584202141692
3800,3900,1.1111648973481492,1.4147800426329253,2.1902621446316908,1.0661266728947176,1.3299738728663397,-1.2837571353243953,0.6492236807879354,-0.24415187854119613,0.32295885896533205,1.4310175605344666,0.1518744834605575,-0.5671700513698192,0.7202229228293994
3800,4000,0.5680860443920056,2.0004661112590614,1.5737646163928285,0.7519127177346715,1.7682031735000534,-0.9069755612276696,1.2193552641615368,-0.8734841580595435,0.5602104317182238,1.0612180154937394,0.49050237790490975,0.05094436874899007,0.303325651389774
3800,4100,0.8187862916987877,1.053510723317935,1.3689200883731867,0.5802247786462659,0.5293662478857726,-0.9081854380303901,0.3858313667541009,-0.3426964292755532,0.43619841512583246,1.4024844794484432,0.3801146448812979,-0.6755655785079354,0.742281470952811
3800,4200,0.6482450990764399,0.92891380989438,0.8076802894661625,-0.08440759825905163,1.3694676517642093,-0.7556089611170731,1.4096114847088792,-0.8007651639212344,0.5408619686302542,1.4193597693718638,0.7191679776872143,-0.8800453712699212,0.0021957165316310733
3800,4300,0.558730129622866,0.6804841002637871,1.312548820288744,-0.21466587087963357,-0.14438220685444716,-0.902408250154396,-0.16164408538345332,-1.2404427474972122,0.9007251807919106,0.5844395689610001,0.06885076294171864,-0.8231535791731636,0.206022946705528
3800,4400,0.25805996572770373,0.7964151310479799,0.9214999005934975,0.01709831121191908,-0.17599549923015684,-0.49086944877983146,0.7137008107956864,-0.274534929680479,1.167383718516409,-0.6322729633355886,0.5079981112848975,-0.9022624198150496,0.13908480448515753
3800,4500,-0.03376883404600654,0.4469291860347529,0.5789957961242758,-1.0100184619710086,0.29511331471099805,-1.1030851823570011,0.36732592774969663,-0.8407071952110323,1.4370879364248603,1.0865886350866767,-0.11394760817910349,-0.1383379211706063,-0.3704005565691679
3800,4600,0.46841356733434136,0.15464285220267568,-0.2821041992400548,-0.9987942022045836,0.20483776522914146,0.2911334573322901,-0.09540616685861215,-0.3739957146748267,1.2792966883528403,0.5351496787836156,0.5155944143770271,0.2845469687515952,1.2658597577295372
3800,4700,0.567068393274528,0.0029975429971088583,0.5190315991058632,-0.41259105100445614,0.2805857298780914,-0.6813113683440598,0.3752059083863872,-0.8556231905089514,0.2617733563580676,0.6229139717771494,0.4557325872731044,-0.3584963647949097,1.1671949193614841
3800,4800,-0.8163356496390853,-0.10578642741473483,0.7429909783174783,-0.8231127375702978,0.5711705316205982,-0.6676340968478875,-0.2444681099993701,0.15458832590498162,-1.0350284419427664,1.2655692962939513,-0.4989038107896995,-0.45956001151454307,0.17106103889440286
3800,4900,0.3830028984215628,0.02307530543085155,0.09721384397726233,-0.5178241547828762,0.21315509031643223,-0.48928580589109005,0.6879324292879461,-0.917885068765434,0.39004011047548975,1.1663226289036481,0.14302926177199338,-1.1521284648150467,0.35167572650045964
3800,5000,0.5899074150481369,0.6957768181832106,0.777052093181781,-0.3356004131504883,-0.0191338465485106,-1.4724137078459727,0.24424359800285148,-1.039092945427732,0.0999156968237113,1.0433283868610728,0.24195776812222006,-0.8729905275302795,0.05928972832370045
3800,5100,0.02022824181899595,0.04505967203109644,1.2676846329168594,0.3538498547075863,0.030650018363610664,-0.6756102737641899,-0.029221211124271732,-0.5543997331073962,0.6352118889385311,-0.03955166342286612,0.49351602623294616,-0.906893312198091,-0.49423982215899825
3800,5200,0.705363940454976,0.746465401449725,1.762071799596936,0.6448238209719872,0.8557305218174138,0.2858717798528334,0.7043996184675021,-0.5128328936392992,0.9868658926780361,0.6849234185871829,0.38909961214572975,-0.9663134497291215,-0.5513461228138694
3800,5300,-1.1078595098390154,-0.30068827985769475,0.5696185927145603,0.46007627668802425,0.4508840985808354,-0.5361204498387938,-0.506580587703825,0.4967239369067704,1.6866296670540377,0.8240797047821341,-0.847667468046178,-0.9544960914046593,-0.6385233260446938
3800,5400,-0.5509244328972184,-0.7135830201667499,0.9485821862780988,-0.4037507535632591,0.2643142010992658,0.42568259698385597,0.2156786930613045,-0.3162280775636929,1.5075345003357556,0.9387278114377355,0.5036558496147979,0.8541380187833536,-0.21912989071589867
3800,5500,-0.0406261736284407,-0.9771911979233515,0.32994004161559937,-0.44333074258915883,-0.5023983595569776,0.4801396475598825,0.4302315467898748,-0.4410701506802376,1.487229020742713,0.8790144377474434,-0.11496560305613285,0.1548744406465811,-0.4115633385398584
3800,5600,-1.4354097036328846,-0.6981705253997352,-0.6400312316162353,-0.6429087325915381,0.19351349207183885,-0.38143523754912895,-0.4059608272326998,-0.07818537491412607,-0.18342005082487592,-0.895311321591412,-0.7323908913415405,0.1350811472205981,0.012022692440080168
3800,5700,-0.7079380688864935,-0.3908014277008609,0.420981166651432,-0.30620145662039266,-0.22588865065467895,0.8788847117104831,-0.5485448623454466,0.6975728532826513,0.564055720740472,-0.640569964443001,-0.4397507479798601,-0.47100387311385383,-0.512204190543514
3800,5800,-0.3886190400757358,0.3356148213200297,1.1965336169195735,-1.505346412922742,0.1391249361032323,-0.4931018671708474,0.6103899046330947,-0.6667477219868697,0.7442673439843145,0.20216010393796016,0.2508911811091994,-0.5684703333473596,0.8097476917554144
3800,5900,1.2460529625103405,1.3807801227319265,1.4154845124928197,-0.8731013416236632,0.6177166102641732,-1.1244290044200187,1.7243878314847931,-0.9686274707423568,0.14870696767181366,1.3790291743874086,0.6698410375300227,-0.4790912632315525,0.8637806708358207
3800,6000,0.48418560634767105,0.19467369244044438,1.2008318617468674,-1.8844019166201451,0.24531164223020424,-0.32369328017487636,0.9060059718047214,-0.7792209026163227,-0.15161331920882323,0.8311682799808595,0.8603026697285219,-0.2570137001309155,1.1614489798586893
3800,6100,0.4673408297948301,-0.6910513336807085,0.4116546941171306,-0.44785435333316215,-0.8893773584069872,-0.2138007712430251,-0.42812726867591056,-1.3367523233268634,-0.6094628724024599,0.6967016375343957,-0.08570427335635049,-1.6334382142209196,0.8093517946566444
3800,6200,0.20583946415815516,-1.56787262255748,-0.14145822230310676,-0.28184486829194805,-0.4101509173125305,0.3912400101128746,-0.47678123663943256,-0.20860190263141365,-1.1015242896072368,0.5511578094446118,-0.11028921961738279,-1.1429096527679896,1.0775977819498184
3800,6300,-1.2840038632119408,-1.1130897634640846,-1.0550941136433472,-0.6834787035481624,-0.9648081940693176,0.5551780332427361,-1.4133933174001603,0.6473636002708252,-1.197952380372702,0.28511915345367805,-0.5966178886980321,-1.449726895938631,0.22617014789284345
3800,6400,-0.8840928323601386,-0.5173579119677588,-0.8853683086300423,-0.5888539901864716,-1.0856307566235401,1.3275081348189264,-1.058404799526741,1.2804044982100926,-1.5501737964588767,0.33612343858557847,-1.5042585956204522,-0.007181102979141476,-0.4466311955829096
3800,6500,-2.3502001367304306,-1.2776300833052852,-0.5057507597583456,0.5617699866330534,-1.4065409817372956,-0.0543772367428764,-1.0790411937615456,1.1613209948526135,-1.1554623117242602,0.5853844477362253,-1.5264344030041426,0.5412493079113878,-1.557555581089678
3800,6600,-1.594984958744462,-0.7774473587793966,-1.4098958599529339,1.062501001062443,-1.602477853992916,-0.154031963606397,-1.609328015068851,1.4013322623699493,-1.2201235452478074,0.299736752578927,-0.6959268934800125,1.0162109265380157,-1.3537698241495437
3800,6700,-1.3449670412179529,-1.5679683668456421,-1.8464904860778628,1.1426761949944217,-1.4092670089729291,1.6246778230885404,-1.1484292845365802,1.5824821325853653,-1.241928007456089,-0.6290980900352998,-1.4132535095114018,0.49750782786419073,-1.059459987104251
3800,6800,-1.136167192367818,-0.6478899724004606,-0.6699623206418415,1.552637519650852,-1.9639402199956995,1.5840527211652944,-1.4236871158623934,0.6241131040628828,-0.9295315322526684,-1.2555543168549275,-0.8880438625485754,0.382577631493475,-0.536203988704324
3800,6900,-1.4308167889865484,-1.4862869848208988,-0.9007886417947076,1.0933117333066718,-1.0584289439140528,1.3004689541113637,-0.9618801043379237,1.3722701190679867,-0.6552556182047519,0.3227828204123915,-0.8661097416577199,-0.6392954365442712,-0.7557928415920513
3800,7000,-1.18426833547493,-1.1991796101529193,-1.3633906740301949,1.3179055512853446,-0.7669907615080654,1.2657297677988142,-0.5975532559593086,1.5098558658040673,-0.048369691634023,-0.6995451665011138,-0.7729108214662842,-0.07113950588145779,-0.5571617601375987
3800,7100,0.9398692943845782,-0.3910384952251732,-0.03886398942164278,1.7080411593903626,-1.0810204784291166,1.1631340701279056,0.10901158789059359,0.750061491728533,-1.1213100755583265,0.16878771965698441,0.21645206729157285,-0.2674889318238329,-0.7041476027174726
3800,7200,-0.0910037968326003,-0.4595848044719155,-0.24767600245707266,1.966006764929701,-1.1707930617049163,0.6152206173320836,-0.9731485704162001,1.5590511210790226,-0.947044333436982,-0.8343362069786563,-0.5883840941299728,0.11714507882008592,-0.16986317912556492
3800,7300,-0.8528546472819554,-0.2944904048846745,-0.5964905776069714,1.487944720395548,-0.8941127023762658,0.859889751830963,-0.5037598471052552,0.5772437725004668,-1.0350528805703658,-1.0165351081106446,-1.2060395526988843,0.06826813280049328,-0.9012594603204587
3800,7400,-0.6351433428498324,-1.2450585579746678,-1.1478555892181745,1.7957753683538147,-0.7643504511257256,0.9342335711460759,-0.5496177752543178,0.40837641259572827,-0.1109467498957868,-0.7889777145264313,-0.8741908610185325,0.9518140840586203,-1.6302471147479818
3800,7500,-0.7486977998975632,-1.30864535053038,-1.805954438786367,1.6260994474056931,-0.9229256291857508,1.122684674532312,-0.9955454055386599,0.6633924514660021,-0.874018558893255,-0.604061118909485,-1.1069454816490598,0.28907979352235985,-0.7924135407226701
3800,7600,-0.31217460892306603,0.16067122374419643,-1.3804936250151691,1.882598913166437,-0.812541358303117,0.05392410669363138,-0.1689862556963502,0.5670477976517891,-0.983169188847335,1.3579101530194517,-0.5629522921388155,-0.25456572134912536,-0.7204295188174294
3800,7700,-0.18216012136757986,0.4677652499645216,-0.7764175054532892,1.6155405527562048,-0.6212061560716161,-0.29567527256391024,-0.2569793465733074,0.5960417469792141,-0.4314197713752985,0.5867361490707107,0.06272884595509624,-0.42384746546883156,-0.11792900576962309
3800,7800,-0.3725793302958797,-0.07796541295304102,-1.123816553645676,1.6131202852552886,-0.5490421282537076,0.01774136139908444,-0.4350448331460143,0.4286377090846398,0.15573787471187134,0.9868460771114486,-0.11621695104368766,0.04316334943517241,0.5817118849045975
3800,7900,-0.2983472388973769,-0.2278266171711244,-0.6873549322972273,1.665528021717157,-0.16553679821484177,-0.769826719808541,0.28939278438236304,1.100479090522169,0.07432558963672446,1.606749777762743,0.09934291894689283,-0.4247778532377873,-0.24757866213517551
3800,8000,-0.8672264169030983,-0.3256557438842676,-0.6668046066243585,0.8216818510032642,0.20231271578419985,0.08089269653466921,-0.9324197978491461,0.4397408548771637,-0.8446989494606156,1.1782468989922092,-0.7893942115590166,-1.1692176857345733,-0.6601602516766565
3800,8100,0.2983824221499804,0.6687647175061066,0.009125117202488807,-0.9491528128323384,-0.568330777972476,-1.0081541988901488,1.1581201220955428,-0.9597783916238097,1.0512176335393943,1.0413498585139802,-0.18458613773594648,-1.3681457376145518,0.2689861978115634
3800,8200,0.9168053520565995,1.0254480010272038,0.8852868036112072,-0.9768330764960754,0.8950240509541157,-1.107086336396864,0.6827181299080181,-0.8169329290060406,1.46026062666737,1.4513738437989385,1.1508438473613303,-0.2506393592614477,1.0150364795458315
3800,8300,1.5521285741884872,0.5273662879414257,1.03059097650074,-1.3313105659201554,0.6408075813565763,-0.6611536561090784,1.519823005264626,-1.6246615611562056,0.6278924438349069,1.610357386861175,0.8060333526032027,0.4397246621950392,1.1384754256420342
3800,8400,1.7292322645783966,1.2810867995246102,1.8276727618794906,-1.5922948017787992,0.8931026874092791,-1.1066399013346317,0.5070972594724841,-1.2233553839396976,0.7605604021859986,1.3422220266258391,1.0640769537823602,-0.4831462279611134,0.7650378988803316
3800,8500,0.9966781054029045,1.4296138797774984,1.019689326136793,-1.8082526399375658,1.4933254895437809,-1.2336918835023702,2.1506873934173822,-1.1562114706125333,1.3283079126969175,1.1613253626236908,0.9169072497420961,-1.5198445403023662,1.4340613071332342
3800,8600,1.4954364331385461,1.3683661481792526,1.2931248654387164,-1.0811448944241735,1.4269302447934922,-2.031836918325282,1.9995081584831371,-1.4186803677187954,0.6614377955829218,1.9877406146199836,1.3260624910762815,-0.4734769646184804,1.5888252759255186
3800,8700,1.436813547304011,1.4820215345814252,1.7253127403006046,-1.7433830653357112,1.611334703156552,-1.733043507386635,1.511985292793305,-1.2513694549577026,0.5253286786882941,2.19842521854131,1.6025028732041127,-1.1700634150501115,1.4246259015584761
3800,8800,2.0701973408238348,1.7402496370792964,1.5759590089270872,-1.3012169725227913,1.2469901739210554,-2.0301979618766444,1.335012349217398,-1.5652852250251357,0.2092199605734334,1.9651613772236858,1.5295110716011169,-0.6623847681202208,1.7247517241591366
3800,8900,1.6245343740070866,1.430863730121932,2.108407998045141,-1.03394780279318,1.9273402699672848,-1.632540576603499,2.1236189903148786,-1.7129292670902754,0.4945151748016719,0.9525683994582285,1.5565009386415627,-1.832450721367239,2.019292466893375
3800,9000,2.2390044067672776,1.3808572587416716,1.7237283284937501,-0.6155258093498394,1.3726166406102518,-1.4182476093840901,1.9526249409037637,-1.2765340522338222,1.646526546359365,1.5831844312572398,2.0967365096055963,-1.5000355981387545,2.338225682060216
3800,9100,1.2661327865098921,1.4345723276688402,1.5523931567386704,-0.6701874151806775,1.6540561609197217,-1.8803526761098825,1.1337223155161937,-2.1751708721306704,1.2629520613639325,1.2748189892749056,1.9380518542450926,-1.4994579557885301,2.178456116272283
3800,9200,1.6508978582255844,1.734753444454043,1.6850035361944034,-0.7591560222820771,1.9371652247103788,-1.0916164747898696,1.2968348950170197,-1.363070385730354,0.6306664812902445,0.7545599227604256,1.7162625478406421,-1.3216478291859144,1.7365410731493567
3800,9300,1.76618783866333,1.8697699982005485,1.7109172576785214,-1.215907159955984,1.732538586270763,-1.7280258500617662,2.208809036240382,-1.6404856515417692,1.495445710402406,0.5330238959913504,1.2938095489250183,-1.7689156915937119,2.056135259724314
3800,9400,1.5396954994859373,1.3918910629601733,1.544616531750563,-1.2079919656678588,1.9824168874972699,-1.2071903226642529,1.458517486966343,-1.1220874236851512,1.762832745457232,1.1068353799591644,1.0996147358788244,-1.4730980078628972,0.9146776909029466
3800,9500,0.8564466448350334,0.8453649894329921,1.3303523642095183,-1.2310426493571431,1.1705066682787262,0.05642854653511333,0.5336397272534262,-1.4095819811367294,1.5654950160832866,-0.8176250374085304,0.5802798968913256,-0.6716378307914967,1.241927157214147
3800,9600,1.1179123049430222,1.4759111012683868,1.478430994424918,-0.05552375291568007,1.9607943501588616,-1.231301152084747,1.438958383812186,-0.9430538985238525,1.7950037252353472,-0.20060794258141593,1.172751197793843,-0.9423233478802341,1.691714584810294
3800,9700,-0.02850988453699655,0.7701296103368692,1.5849220898565999,-0.890410231099104,1.1064512405233897,-0.8985092715419757,0.9166725283127752,-0.8723655922375645,0.9775974211193375,-0.4193966382651064,0.2683140235588239,-1.1171320093357355,1.2215633503169623
3800,9800,-0.13458410022025266,0.9633085889372729,1.4738352672237434,0.538734268750109,0.19334231444383582,-0.8217290917622616,-0.31152582146537416,0.02356422535201896,0.48015049492128625,-0.03183952553907507,-0.9288470215686673,-0.3048793133190543,1.2824226931743854
3800,9900,-0.0644046514546583,-0.24378151874251194,1.0768006033417563,0.9558434406956079,0.32945497738103696,-1.2064302568868517,0.061284838087085965,1.3557110831166326,0.20644197045991095,-0.48366996112692534,0.008660058913945022,-0.6396802473251798,2.197526291794688
3900,0,-0.6801848836143558,-1.1924812115211516,-0.13473242350617934,-0.6498894618468314,-0.5657859334979725,-0.19944268939119802,-0.5845901233495606,-0.0112423683619539,0.2540795377524765,-0.11891974351270107,-0.6318168781463858,-0.4531894190340302,1.3106545667565757
3900,100,-1.07345694209429,-0.49098326501065587,0.32519725964986196,0.08465019325801136,-1.510526578900794,0.9255500965880897,-0.8729557685862246,1.252030805044508,-1.1145817945916112,-0.660924421685809,-0.16253667774358568,-0.0908678246092009,-1.1240674617964619
3900,200,-0.7607272189576562,-1.241976399707701,-0.7639238409930615,0.03469667392280628,-1.17131304871192,1.2217168684897075,-1.2089332756592284,0.6721180871671067,-0.9238355965068464,-0.24836922704744252,-0.21287501921823593,0.9399336149922304,-1.2479147256783198
3900,300,-0.8045333778786838,-0.9535481785761826,-0.5854909320075925,0.05864034030806828,-0.979758339316471,0.7160428178201663,-1.1346653903425112,0.48817615152712057,-0.9555305185192375,-1.1237564092485341,-0.9072775518864777,0.6117974112958048,-0.9645681324533543
3900,400,-1.0915363945204761,-0.9436598967399447,-1.1830429375033624,-0.47867371693461086,-2.3326708783417427,1.6280255698705395,-0.6505169009632078,0.49921182813989673,-1.3691278881285691,-0.2109334613602056,-1.429341377190911,0.9736372822267285,-1.1763102453848107
3900,500,-0.9324110375152854,-1.5256645179622705,-1.1681210574078593,0.8411090888882955,-1.5915099003733275,1.6561688945495396,-0.9587704782196736,1.1637835495264872,-1.0820115560847328,-0.40845584209721275,-1.0643045313376887,1.1962451341484233,-1.32500482764208
3900,600,-1.3767216803437383,-1.2176264132065893,-1.2803419219600214,1.1970921239023529,-1.1663906035913603,1.5897067719226279,-1.5121289058110206,1.8540754011585026,-1.097540492472065,-0.35924431716816746,-0.9480246443888901,1.4714236645240362,-1.387361353515859
3900,700,-0.6359262740152053,-0.6783105290908339,-1.5712160621518643,2.1592254324005067,-0.7761657843796068,1.1846637034597638,-1.2238478964703177,0.6667708203481999,-0.22140694099572228,0.25715894727361777,-0.5131100033040211,2.1936535939063493,-1.3478772361488345
3900,800,-0.07417579723444442,-0.9125118641776258,-0.6460814906962946,1.622814906567791,-0.7206690393401662,1.4810067000562643,-0.9067538405079003,0.7088135483723089,-1.5177937060985247,-0.12044045766678226,0.02350654679348568,2.0678647784143704,-0.8926088950630339
3900,900,-1.3853592086028008,-0.9443775433459641,-0.7361577269786623,1.2237857414922853,-0.8744237069043362,1.1109989853622066,-0.2012559985525691,1.3752128622409012,-1.6682279959231856,-0.7652383832253528,-1.3385351073348606,1.5885606008222708,-1.476914373617132
3900,1000,-1.310912694216998,-1.6228426203196247,-0.9819872740193734,0.8991468812885469,-1.1078403104634194,0.8117327487302733,-1.2064753019007095,2.0092478932010964,-0.9884605986224468,-1.281747155709223,-1.3186394500545948,1.944050476720132,-0.8195063413112925
3900,1100,-0.6843833576236075,-0.9033588353147478,-1.0258539301793703,0.9575552297805159,-1.2777811639629286,1.7197513659299617,-2.0088296689472473,1.983146783852668,-0.8940169292868283,-1.2579738372638087,-1.2120959324537646,2.4128224377580727,-0.7226021765404084
3900,1200,-1.9315351281575979,-1.7118966031743788,-0.6169174415568539,1.027244349524704,-0.8208421411413657,2.3215398808979857,-0.8647353209054864,2.155767499767709,-1.2704687797394703,-1.5727403724894042,-1.5592758641678335,1.292125496250343,-1.275364812827387
3900,1300,-1.4576620028096658,-1.5298432733785365,-0.9726698187218976,2.0948569063674602,-1.8987113245003615,1.8489422079197468,-0.7084244982792465,2.4357177550491262,-1.8817474101947025,-0.6290877511963503,-1.2258735027412369,1.8566752494197727,-0.7038126899606677
3900,1400,-1.5639799812454944,-1.4821278767120245,-1.3062093139369608,1.7827091241924193,-1.8456121282582338,2.4835701253837272,-1.3316539711430808,1.4464547213380845,-1.4079864637345167,-1.4691218915527102,-1.6125399232091744,1.7764895978706725,-1.6124005909602785
3900,1500,-1.3865847423767081,-1.0553619922982078,-0.6775579173881183,1.3785643820227267,-1.1106864719501957,1.6531917958827178,-1.2223980416877114,1.4265626048733149,-1.4323329139153362,-1.4438770377978891,-1.318243596526256,2.101087453907211,-0.9672013095190792
3900,1600,-1.5079320644336482,-1.730273335427361,-0.9365500025510061,1.947578336250645,-1.8560704425261114,2.1197789205421858,-1.8585916128609106,1.217136708474288,-0.9916596182780528,-0.611805455378101,-1.333379405117308,2.3593374094649686,-1.2999663356850955
3900,1700,-1.5500254676742231,-1.206924833442696,-1.2896446470991796,1.7355550214862554,-1.1877726807310696,2.0610276524553,-0.9481019164977146,1.4052686306336324,-1.4280073837380742,-1.363309032630711,-1.7752914607145918,1.2772024904736274,-1.8107715206297854
3900,1800,-1.5133203977363319,-1.4297275460374,-1.1837049518009666,1.8035403684161246,-1.7137318985646006,2.117377078222296,-1.961647824127385,0.9727752693225854,-1.8279351856173045,-2.1229954029804143,-1.0719016236990722,0.7523948649561011,-1.2241386133866596
3900,1900,-1.4850328729749358,-1.1426937153271077,-1.7421256778104217,1.745828536778588,-1.6682373175358616,1.5896448272908998,-1.4803467400159942,1.3521074061808138,-1.4795305260537708,-1.3178961972650722,-1.201834373908482,1.8116925403886186,-1.498490366748009
3900,2000,-1.4350729439679015,-1.1953682358291116,-1.715721246825058,1.8650097839744173,-1.4685159552282083,1.388177893518681,-1.1614293546553107,1.058127279476461,-1.537238969229322,-1.004871637758902,-1.7933833502667627,1.440652293339821,-0.63695586721103
3900,2100,-0.6199524053222917,-0.5078252669534781,-1.4236997106088893,0.4631593902687317,-0.5167373837985164,1.7573317718839376,-1.5496820339520945,1.1382150411923029,-1.062930592540514,-0.4525263776749657,-0.8621158526554689,1.1096775901954885,-0.7746922532267739
3900,2200,-0.1730235816307065,-1.0209456500986693,-0.4313547049147084,-0.1432112332026172,-0.5876546633403404,1.1493947687445094,-0.48922934813923424,0.9732242964417563,-1.3963553408855354,-0.8847667391519953,-0.029001503742556944,0.8457786177669055,-0.5578100179629917
3900,2300,-0.1278758906770905,-0.41191119840267276,-0.38640719620035674,-0.2921173749270134,-1.5048911106878426,0.9866021994608276,-0.9732726676269172,0.6069945683868686,-1.174257770750702,0.02680615419928282,-0.4394674655698183,0.907030685773968,-0.3246960278102516
3900,2400,-0.00833648596418659,1.0892333930915994,0.30489196431281623,-0.4775060327334615,0.27173654794449437,0.8195574331350892,-0.3302893662241661,0.17683729349457086,-0.7313795270367168,1.1113747872149642,0.5318206028176026,-0.07474633367023921,0.006240937141605646
3900,2500,-0.7735135788266202,0.29779583461094217,-0.3239394289607326,-0.6423257422948676,-0.8178215169181974,1.226823109381826,0.02127336922890645,0.13762901839497851,-1.542170155108493,0.4746835431403832,-0.3894763097318277,-0.05135827409709302,-0.16587972427584902
3900,2600,-0.37942255352460424,-0.35624719614570655,0.3009226041678602,-0.7058008839479584,-0.8021943513047861,0.03850235894165466,-0.8618043516821254,-0.6574034743721915,-0.9692430266275853,0.42253512974827756,-0.6701820127851892,-0.15536407123829893,0.5091357152431318
3900,2700,0.2556423489909929,-0.5442804454526521,-0.33037263788080845,-0.5418124856106492,0.2820937542605058,-0.5005946242680727,0.6623098813391448,0.5598342018343666,-0.3177920805340521,0.1024022414846729,0.7998759173900686,-0.6496709186869857,0.641079463474258
3900,2800,0.8774028184059648,0.9545676150504697,-0.40977406034609043,-0.6479134453228296,0.17435213126771748,-1.0117804771891434,-0.39544055348975043,-0.32640222778497496,0.1179020207279883,1.7266183854492696,0.0029586469113193044,-0.9391304155199559,1.075648831051823
3900,2900,0.0032989726496115424,1.0738025589227131,1.037345560694829,0.30843039018592994,0.5557886959736696,-0.8156016618208358,0.6095095758066671,-1.2700744506991257,-0.22527959758027613,2.1389373824052362,0.8511798736121209,-1.1568343359627455,0.5398051893981144
3900,3000,1.0641102959355244,1.6525950311210318,0.9804515303480078,-0.2682014912716357,0.10654547413481551,-0.09597919977217625,0.8589944387027099,-1.2679010289651884,0.5694421911629101,1.5654933274717642,0.8256640934994803,-2.0336016789255904,0.7340461537512298
3900,3100,0.7903651745180944,0.45027660148577076,1.1472415002924856,0.8535927723409577,0.3409302009564582,-0.7965250916383664,0.703114114434355,-0.9552416688542166,1.795240907248685,1.610090803468255,1.6984889292838525,-0.5803411672739203,1.0468577325237507
3900,3200,1.1445431395570917,0.9759040864118717,1.0054411505370329,0.9502825207347083,0.7872235303942698,-0.718722575653788,0.9100233511343119,-0.8016191567023186,1.5747578084860354,1.3593990583154847,1.1151842006194117,-1.495072925204503,0.6578494941556134
3900,3300,1.173264051804969,0.8244811588893443,1.2056111280112196,1.2011928583096423,1.5824813251337684,-1.3283538076620296,1.9521191003434493,-1.0253315566608387,2.071231711678478,1.5520627510330014,1.1054856038361298,-0.9843413416598973,0.745586631029697
3900,3400,1.8382299501483916,0.7546747270169225,1.1702382981556956,0.3499095133054419,1.0470618015441973,-0.32861726587737766,0.9235920519583553,-1.0572113463069686,1.2168964379576048,1.6344206927095712,1.7079925554071318,-0.6064825006735939,0.5327569546787516
3900,3500,1.0908988998104463,0.35826924214139555,0.8745096661511885,1.3860481282859725,1.5706293820755886,-0.3588718282730493,0.9217190144454634,-1.004506817802051,1.7026132086954735,1.4318461829199662,0.8760313602423084,-1.4207566991299057,-0.40939482941591626
3900,3600,0.275586347227831,-0.6158572016112129,1.5642489715034749,0.06410058369443326,0.20618962810769614,-1.0893433270011794,0.31113981150484,0.592158014614853,0.9833150108347195,1.273692817534861,0.09381374374813711,-0.7537290319802792,-0.12177916745419856
3900,3700,-0.3624235135597435,0.01136490009617167,0.964874305086456,1.4108852718674756,-0.2962083789882705,-1.0138405610788692,-0.5922605562223174,0.0420118907275597,1.3568671632201676,0.5494906494496754,0.2685040773684783,-1.2772308440237923,-0.17575157871974376
3900,3800,-0.020513718199618558,1.5596875585797267,1.3105815955399662,1.4766242843332915,0.02749108529368397,-0.7321568186385883,0.805981747003052,-0.3667322830536393,1.913344554825695,1.4917997780920755,0.6303453121983872,-1.1844247943704886,-0.021697276228526977
3900,3900,1.072885499891168,0.9054952623233766,1.1240090477682678,1.1379868644208873,1.0708539370145662,-1.0726831075961605,0.9976078438265232,-0.8484863940460482,1.049783007145618,1.1003634727801666,0.7625888094891858,-1.1501149591257933,0.47784382584969975
3900,4000,0.4525912729467181,1.2285843673308126,1.4450785220693705,1.1702508321298666,1.4644066542660459,-1.0257223308164551,0.25352155546906885,-0.9362884771194249,0.33361027530530085,1.2571219378047858,0.533045532322286,-0.5190634961483586,0.8641339810231835
3900,4100,0.636245800323885,0.5775106476399869,1.7290000855153542,1.185528550089051,1.2115104417955527,-0.4333656946163426,0.7740881357563082,-0.3375681233078187,0.5751454169871049,1.7430089920373484,0.27057443856445274,0.04748819276810921,0.4728143942159993
3900,4200,0.366339790707864,0.49980402249334316,1.6747618217349396,-0.3685000954406477,1.2643504273689796,-0.31905256940181814,0.9671539961053702,-0.9043702600718098,-0.0845359331672213,1.480594146524267,0.8987871269516252,-1.0437253940822842,-0.05226951481008141
3900,4300,0.3507789080224913,0.3713356997908499,1.7290346199122402,-1.111969114853416,0.9922100016775136,-0.7292863718460286,0.3051549100253469,-1.0998657218361223,1.0168644045878876,1.0329977066399496,0.38436279641381244,-1.0253915507825684,0.35334562380429646
3900,4400,0.3620969089922842,0.6294875633657105,0.37219580017883125,-0.3197901573116614,-0.29772182887917337,-0.5627969295004427,0.5065140209084237,-1.402022205533294,0.5214694680395261,-0.12924029165750206,0.5491808451536048,-0.6654185714019806,0.8964918377821474
3900,4500,0.08515873269181393,0.8033208540191829,0.8227056883250315,-0.5869945363874369,-0.6881784175138405,-0.020471079575231806,0.5159015389328514,-1.2572184722953494,0.8420225324887516,0.5955240578382823,-0.2992397298627189,-0.9484045641540769,0.2044304350356387
3900,4600,0.03685871281540695,0.6079094095578375,0.9227131803046983,-0.6699299377226857,-0.5988431477055108,0.09520016758705643,-0.6227710317004215,-0.30122607112306143,1.518399356027101,1.3281056267273461,0.00390170361224673,-0.523384596759443,-0.026126624890282713
3900,4700,-1.1247546038537206,-0.1293353864158079,1.3935286156351643,-0.968099272254168,0.9182802043997489,0.4732090307758483,-0.14597213830143696,0.057939880683810986,1.151136389984725,1.477741272488159,0.733980403607245,-0.4650971028363334,0.7615073025813802
3900,4800,-0.05337076103877973,-0.13551289728337462,0.23661896441906735,-0.8556050596223652,1.0141664057204511,0.10870493279594103,-0.637598092292172,-0.10521935035205511,-0.5254265917221429,1.1577315408135676,-0.3082081017042454,0.01904099992616338,0.21926183416418044
3900,4900,0.47339964266404727,-0.15318564632431692,-0.1470006866342382,0.002026799989411756,-0.09922740459267605,-0.8536821726214818,0.9753638528035897,-0.6971997339191405,-0.6636818865706774,0.7221355575022187,0.3511994251076378,-0.6408946190771945,0.43608328909397437
3900,5000,0.8221455336878706,0.7792126811781043,0.29964336808140457,-0.2260663786248671,0.34210387996070046,-0.5475925904848368,1.0051689584704941,-0.8076228219377878,-0.07551560050877924,1.0409809133224373,0.7956556327121019,-1.033789357075781,0.26218034694896225
3900,5100,0.9908746736723053,0.46424970572391994,1.5042288928080916,-0.47167100484417857,-0.2811805415383822,-0.03720727525657463,1.180822240615819,-0.731174106318388,0.621269054976422,-0.6839624992708332,1.0955965670284267,-1.4878936603381638,-0.11477542009340586
3900,5200,0.7222670128362705,0.5218252301316346,1.4845394319524445,-0.20222491852666147,0.4461279580065353,1.4273228649567429,0.8485380316120573,-0.7544817696662834,1.6694666161960081,0.34410217569437873,0.06259455500912237,-0.837953909544098,0.19767611200270715
3900,5300,-0.5808684594744212,0.5915695527590505,0.9670520408650849,0.0038861461206850206,1.538505304431443,-0.38972679220969675,-0.08365408878727942,1.028461309385047,1.3563798714917747,0.9765178444409388,-1.0793839587941287,-0.9602648740803836,-0.4707248384394346
3900,5400,0.47555463393929265,-0.2408261117571362,1.1207346510138874,-0.3937689297514179,0.6882296816365516,0.33260472593208584,-0.26489801706820315,-0.29626639201854477,1.0669159300732183,1.180745503449452,0.6865310433440476,-0.017403030944514557,-0.2811695511374344
3900,5500,-0.22169538470041822,-1.1546390568144171,0.5265652406879544,-1.0178632507190724,0.18210463321226789,0.6184095395177865,0.23390919841499788,-0.418772499736488,1.1444598176437728,0.8832522544902012,-0.7596906245686534,-0.2764965678544849,-0.5246912227094008
3900,5600,-1.1950107563565404,-0.6306823934603725,0.2563522642774901,-1.5036096833682036,0.5663761407253091,0.35054782155595854,-1.1323382985655048,0.04315977105263745,-0.3085299921456847,-0.7666852878207021,-1.326037787015797,0.6096515368163604,-0.4850847875702246
3900,5700,-0.4504858772849984,-0.5544263702334097,1.1574261048016543,-0.46397137253010245,0.31483775668489744,-0.21219016638580393,0.5179476443451151,0.3415680804538773,0.5376489266905187,-0.7866995492966763,-0.5697624911877265,-0.22768833387483808,-0.08189896311377466
3900,5800,0.29260133778432057,0.7102301570855765,1.2178199674061763,-0.07245453908193633,0.04133046121338195,-0.8052944556078068,-0.12900235322989734,-1.0448829563139101,0.684293032553363,0.43260137262975285,0.4744289354661841,-1.0964228391547388,0.5337707222632516
3900,5900,1.5998213024485604,1.1891761988359353,1.3232243056227289,-1.5611770687814337,0.14205585341573457,-0.9739529877422104,1.1214927921363391,-0.7887445279961611,0.5804235622574608,1.2186309179022832,1.1158981890215958,-1.1087778239008506,0.21704823109996557
3900,6000,0.7704629440631326,0.5798967177613422,1.5896497779026968,-1.4940033066055716,-0.13851223021480946,-1.164081900865173,1.6070988047836126,-1.0746976641697459,-0.010978782437994473,1.211511951436676,0.8710774521431884,-0.5069237001255849,0.8417371176311448
3900,6100,-0.05852538822725018,-0.7590786084085973,0.4749799014146404,-0.6264293805616664,-0.47573387129010225,-0.23741853450806674,0.8187993048739757,-0.8402221882747783,-0.24071496673979012,0.21195694533654433,0.18796553582534972,-0.3098311637225416,0.5508764611094609
3900,6200,-0.42006284176384623,-0.6173763590691264,0.42183059194406325,-1.0423379436752742,-0.6585492376268757,0.2300690155774191,-0.41170354314619134,0.49430014252652893,-1.024486850739935,-0.03194212551116686,-0.7454754443618404,-0.47498631302592215,-0.08722935297319268
3900,6300,-0.9499849851146929,-1.0471274099470307,-0.20081729037398843,-1.0350029731740733,-0.9776271301101589,0.9418592697172486,0.26825410611983835,0.5707035044131499,-0.618275607561224,0.2504060956831536,-0.7436775338574326,-1.0687991652412365,0.41800443253050684
3900,6400,-1.1077777398453015,-1.1918107197581753,-1.9106345428043736,0.008996720049200286,-1.1790510108922334,0.17879575467482425,-1.0107139977217965,1.1617578149157926,-1.4312387928723636,0.5446169865850452,-1.3380875114285327,-0.8869288260473602,-0.20443454450460916
3900,6500,-0.9495880141185906,-1.130954579148495,-1.1809151932685207,1.2966110196560163,-1.1207684805249647,0.30566865167558754,-1.0027229746411574,1.2194572794634058,-1.4335934670184647,1.1540997414739287,-1.1394083083049455,-0.45165652492100833,-0.615684949981907
3900,6600,-1.501132949653406,-1.011816539383927,-1.2581236447966464,2.2524545330176142,-1.0493929611180046,0.8614389777738551,-1.1884236016307133,0.8611695042931209,-0.9484317177943522,0.5430539189438518,-1.030763573197699,1.5001804661564966,-0.30918107441909154
3900,6700,-1.1519455418241922,-0.8376623641143508,-1.1732178561937945,1.2272650920852302,-2.040246209770658,1.2727994594681176,-1.637068322575992,1.2462054188821183,-1.0044144443643201,-0.9711274938905844,-1.3377607260783249,0.9492862309567266,-1.148906026926869
3900,6800,-1.260745822972548,-0.26860476146107415,-0.737896297019747,1.3327410550800045,-1.3242595669705561,1.8458166186680716,-0.7242497712903854,1.035053297074109,-0.8396468448927051,-0.46145702917227155,-1.1307952270062882,0.3296859432635586,-0.713206506589411
3900,6900,-1.2437736672670991,-0.8736103456574199,-0.5750466829495369,1.6453135356805082,-1.4825279095750037,0.7132264545273603,-0.3906072006187475,0.9643271070154925,-0.5663072655648207,-0.21859286895423252,-0.8913901188904968,0.2500211713688438,-0.8143103371276995
3900,7000,-0.46271156954182396,-0.6720578088647445,-1.0851528443317262,1.4195048533337984,-1.0622132815796392,1.1406606087231488,-0.5495573200777437,0.46920698394023436,-0.4850025360134116,-0.1513555693672562,-1.1187208618603515,0.12350344551010153,-0.9877639861539967
3900,7100,0.062495005895879946,-0.636850994344247,-0.25097651527229564,1.7800600803821989,-0.8229077068070785,1.2588396040105396,0.7368009291924169,1.1960124501461427,-0.44107542362037727,0.7778987700167366,0.18749044745517277,-0.031381743937971156,-0.3159528490634237
3900,7200,-0.36978665965767793,-0.8811106335060184,-0.3330660103021296,1.4798911999023274,-1.0882532964485092,-0.4080479491980755,-0.8962630217416478,0.5859663618111779,0.18406157878187918,-0.41686236298456064,-1.0220606765163252,0.278367788041723,0.15559053666043218
3900,7300,-1.4381948542997005,-1.5790806065820873,-1.3173109983404754,0.7926805476515097,-1.5871718728374873,0.7557656931309932,-1.203901553727513,0.38115948488041107,-0.853753734314391,-0.9693631643316408,-1.9095749274150895,0.4950056124929929,-0.3397905001280774
3900,7400,-1.101460120344031,-1.403493687337415,-1.0024619714366003,1.1788852675817039,-0.509578834185667,0.7493687330453979,-1.105819705996649,0.933965742362774,-0.6923449750015181,-1.4751412640038808,-0.9869020570252839,0.9903197899528764,-0.6680305858751897
3900,7500,-1.0010696512297177,-0.680526195113106,-1.3333451158213718,1.45863633739904,-1.3853803545954952,1.59046826015024,-1.105035193484883,1.585935529838544,-0.49587591573057843,0.2232567822346326,-0.782851976761622,0.4318285144786914,-0.9931625860579018
3900,7600,-1.0616359160975866,-0.38830483304675734,-1.1618106259745513,1.717503079282632,-1.584155929960857,0.14273240825363506,-0.774843364261504,0.9848754751958345,-1.367714546904305,0.13971380484308404,-0.7273506987376828,-0.1656594007115149,0.01605482205399268
3900,7700,0.3302856974783465,0.02593627326597047,-1.0766457561885,1.4451081861846558,-0.628200035338351,0.4144260410018474,0.10247646720269869,0.42038564419792457,-0.45404300421695953,1.2423663564443406,0.0866168034484627,-0.4162493381413459,0.24302370789794786
3900,7800,0.4319628665176519,0.378544322594295,0.05367684420480851,2.1890256896862184,-0.4701937388834901,-0.3714612136896998,-0.12128359960929001,0.22897473476152924,0.2078954364288489,1.5175682495845566,-0.06932989828260445,0.2038408837849907,-0.02419251001403709
3900,7900,-0.17649232900625728,0.4108639609041661,0.007988732058505376,1.2677967384095816,-0.1522131783819205,-1.145966927271613,-0.451204474092458,0.16429733839586202,-0.2304351876156521,1.8528541559534408,-0.17558379778588643,-0.39139898843164356,-0.25308882020892876
3900,8000,-1.1150911616231318,0.4087209970535588,0.16588393640690927,0.6652817490692741,-0.6848441329695499,-0.9005639068797108,-0.47121461658334174,1.1890814444339475,0.3511633229495146,0.8466496575498691,-0.21949537570805874,-0.567950814915717,0.42916509937216524
3900,8100,-0.5113229461688978,0.3785057743941139,0.1883201191173401,0.06417028722411558,0.17120677278075744,-0.23134667326387218,-0.2149128344030822,-0.6418579647908659,1.4592327489463084,1.5489287581482731,0.1956163181508862,-0.884642542690489,-0.25680299636891474
3900,8200,1.121665165860544,1.535976865288678,1.2706758132161833,-1.3007468788513006,0.417883330311962,-1.460716458886349,1.2197090462050908,-0.8088716580498077,1.2910853452970144,0.8308888996538788,1.3274852064646763,-0.059165635341132616,0.48494422271613624
3900,8300,0.9610501597163894,0.9095771947301511,1.1970139025591415,-1.1628513191859955,0.12690609606648906,-0.7141187588655924,1.4122711891107254,-1.4473302100488785,0.3962939633021386,2.020383526845985,0.7614638625443301,-0.4783396660599498,1.4966333172502009
3900,8400,1.188557091667631,0.8956520859930082,1.4831320213663473,-1.2743606917306178,1.6258136638006526,-1.1273416436372437,1.4217670720111988,-1.2716472662067584,0.252990760993945,1.435145653771936,1.5125087155658627,-0.6779350962512656,1.202551339099187
3900,8500,2.0562242810723554,1.7239977680303502,1.7000837789403433,-1.51589676302551,1.6078910949030618,-1.1033654934906483,1.525231006761977,-0.9833025466473436,0.7309510444021856,1.7973033068486404,1.0441123166104984,-0.8035749202249828,1.3794589777487891
3900,8600,1.7572946326895758,2.001522661331476,1.741372322122382,-1.0528981150450414,1.456702734306158,-1.7661047851764466,1.1758626381808481,-2.1070171619079727,1.5398385340717688,1.2188990222049203,1.9459826564440226,-0.34094026545805106,1.4015862331052082
3900,8700,1.4084375706126662,1.2354471726604221,1.526021734783072,-1.3069377899694947,0.8909137621033355,-1.3911636631875381,0.8393420821625567,-0.6933525408967126,0.5902177001043327,1.5787177904601843,1.7537359481971113,-0.9078671914905294,1.8983469697851867
3900,8800,1.8974048180619643,1.360812416546189,1.6413924216581326,-1.0671067374444,1.3972342753890443,-1.0103138026064673,1.646120225200085,-1.5124029442508442,-0.21707714950968982,1.5591156956177785,1.75065633541524,-0.9784846763491036,1.0014914037004343
3900,8900,2.1916082515456283,1.253978604275583,1.805599564462636,-0.018932784716194244,1.4725737743291218,-1.4510184705425344,1.9232401138169672,-1.339328125355192,-0.21608127188522375,1.9486786301240446,1.6663885813143797,-1.4596553114953716,1.133644427323666
3900,9000,2.0848759108993264,1.170096084910785,1.4288608835988326,-0.7314012052543911,1.6159185644353573,-1.3267143042678922,1.3599544473068692,-1.158764557618203,1.3342694637738168,1.6318604727231518,2.121610132740051,-2.0004018459568127,1.714531085600379
3900,9100,1.0906407305753818,1.065086275344951,2.484967167944937,-1.3099773098430674,1.7332924943873615,-1.410401054101716,2.080775446967177,-1.051389089661565,1.9786945048172018,0.9347035237885751,1.956935700761557,-1.3010599354007233,2.0422952661002554
3900,9200,1.3649739141042383,1.9461887878458666,1.8490816177842913,-0.019874075876386992,1.092351284297417,-1.0078822909741612,1.3662238793250179,-1.8220599858325264,1.4425314450180233,1.2045555947022872,1.8763412903042047,-1.0467697986522289,1.5981248855417243
3900,9300,1.127123865026813,1.6858776235553692,1.3779642248795918,-0.2632612293130781,1.8961588368520739,-1.088540909266986,0.8663721077604076,-1.1133799628118604,1.646866254401558,1.0765887702505967,1.2041050555973523,-1.2281952322248264,1.8251848393424084
3900,9400,1.1806288461378702,1.809660621421605,1.4956007685391157,-1.042574514247165,1.7227531532071383,-1.2431790990559703,0.7897404981034898,-1.5837357561638188,1.8551356833242545,1.219254785403618,1.0799199947230431,-1.2282458805772687,1.436342102929374
3900,9500,1.3558666140609992,0.6710280980642499,1.6474894353849103,-1.0772731693325854,2.0904494125319455,-1.175103134703076,1.5508411443011676,-1.5172683898412598,1.4089751546674423,0.5252805211431404,1.136691068562258,-1.2098617230380233,0.9562996105623829
3900,9600,1.493675348838983,1.1471837255420276,1.602002067762101,0.25940728030975246,0.6326596780383358,-1.1164558518058312,1.255703969090893,-0.7227092377460275,1.3900501961385248,-0.3774352606885747,0.8035571754182446,-1.3583394321773499,1.5673692938467376
3900,9700,0.3008880803830348,0.3456415996506296,0.6583760105452449,-0.21380366078883434,1.5042880220271286,-1.0504491141339058,0.16904676950028774,-1.1781428972538373,1.3758649105115657,-0.15922380346180362,0.8023851444703093,-0.6644201143528204,1.1601726916081854
3900,9800,-0.2141784464669918,0.5190303245508607,1.467188205086582,-0.5913792718442767,-0.36226163351479584,-1.2668387024562453,-0.4664884584804623,0.9860421547892929,0.8970283549949836,-0.3720991434908839,-0.24271205592075035,-0.4670976102838349,1.4751614923631184
3900,9900,0.4953788608092752,-0.21802363983583065,1.1352269010617786,0.8179955423753712,0.42417182820013327,-1.415665169082907,1.5075400219557056,0.8358255976910395,0.7657538855993218,0.19517880510336455,-0.00223187791011202,-1.5280689997264458,1.4892235626217314
4000,0,-0.04206433680556161,-0.9870126417242616,0.15591641963620656,-0.6330065416417502,-0.0393857394252472,-0.29306867173827483,-0.6067814784430282,-0.12968155328056374,0.2604607437976638,0.11652709121111057,0.05894015388821392,-1.1173452466535472,1.050426291693396
4000,100,-0.38502766135198346,-0.5893980565187131,0.5734679549213537,0.4026550924798137,-1.0118194684622046,-0.48838417297825026,-0.5597123504746616,0.642246483884965,-1.480310817119179,0.0077525907965023426,-1.7056824152690808,0.20501882154044496,0.17669024352344506
4000,200,-0.3553153761741355,-0.798224895110913,-0.5246159048289252,0.13083059719440662,-0.9147901665823731,0.32970547776635584,-0.41042926020723935,0.5919873370909908,-1.6306689228610665,-0.27855941034982484,-1.0783163216909475,0.3727560097197657,-0.4961707758676314
4000,300,-0.8535111245511566,-0.949772839561052,-0.9716884636197612,-0.6511934518091408,-1.4655724589648105,0.9134833821881689,-1.5557382779312272,0.6852392229337786,-1.5343003704056888,-1.0801355705118145,-1.0260857505266006,1.0956660999501266,-0.8165279392708509
4000,400,-1.0226160378830391,-1.1120525986416154,-1.0624953234573342,-0.29360147469679915,-1.5189483597267734,1.5287977282067065,-0.9655789093559342,1.1904275265404123,-1.6856100464064698,-0.3130028808181815,-1.4844308124102283,0.917075956656878,-1.2202438957249278
4000,500,-1.0487877138074782,-0.8857737606919794,-1.8174630107291887,0.22294250714995323,-1.0645084085927208,1.5549087885930515,-1.6520939282825613,1.859297770777844,-1.290079129285209,-0.7198826585451716,-1.1476858041502642,1.0982841726057413,-1.2937154563465507
4000,600,-1.0241061621655339,-1.3021082610885613,-1.2078509068167906,1.170143404680706,-0.6016601858953791,1.6849044191021332,-1.3001488687114897,1.7943791957240993,-1.737005393363829,-0.5691154162222857,-0.99869430521278,1.2418322232265389,-1.363009502845158
4000,700,-0.5265215918016527,-1.4529817004446355,-1.120600566683463,1.7190825332012587,-0.9553795239427415,1.3301029776650781,-0.4800745306954332,0.8242651150861281,-1.4669753908864225,0.16265096582776647,-1.210495899691511,1.6645305198219233,-0.4528340715810436
4000,800,-1.050208971398202,-0.960493133852033,-1.2747913839256335,2.0647121974582037,-0.3235689892226398,1.0754388584941874,-0.8164475394090073,1.7717572878421395,-1.1287027092945277,-0.7463256831542807,-0.5720110505490957,1.4570179437209214,-0.5371003535685902
4000,900,-0.8932521169872681,-1.402752906766566,-1.3513020065657482,1.0960086871644386,-0.48874049708267675,1.1738167630975422,-1.213593520390633,1.5436103439151598,-1.4868751529318345,-0.31067743645758444,-0.9256925586931101,1.8925724649452964,-1.7722734236261837
4000,1000,-1.0366802942946418,-0.8405707651758088,-1.1659130060252836,1.5776801834169274,-0.9562841632447971,1.4172418180381985,-0.8734307564409911,1.4985048907352168,-1.3235505130071024,-0.8351925072252191,-0.8646596868159488,2.1766768942336614,-1.2080644048550253
4000,1100,-1.1178426144306564,-1.2955666381488176,-0.797236035160649,0.5359919097735808,-0.6135448472529708,1.562396319670637,-1.7738614787806928,1.1699081999533816,-1.5994921961980448,-1.2294923992077953,-0.9275739432912813,1.7548496386284316,-0.6359827998924578
4000,1200,-0.8828122327621925,-1.1538786223926538,-0.21020482517483757,1.100524797604449,-0.3941180198773589,1.745613345317379,-1.441860079348431,1.9101373443147673,-0.8096493522345165,-0.9099462889289116,-1.5434110005806247,1.5238706004724052,-0.9906953589330735
4000,1300,-1.5228875662008714,-1.2989507125118827,-1.517872225529744,1.6841247279603548,-1.1241235005901828,1.7915926055327311,-1.3620655832219484,1.566944422877701,-1.5839309597121936,-1.2560887051717888,-1.6295517610187606,1.382094974044375,-1.0738845021216643
4000,1400,-1.193270307899919,-1.8521322021585878,-1.3473232088659568,1.8207487655965011,-2.2801112003743698,2.2889809970986796,-0.8394283942067728,1.6354483225424201,-1.3410988050147348,-1.1421542106982063,-1.309909461517322,1.3218231343823625,-0.7829500564199137
4000,1500,-1.3518648349137445,-1.276877449957463,-1.039046209040873,1.5174292305210493,-2.3631235365886862,2.1775456449475805,-1.1782964277141794,1.4403776078056025,-1.985590770933677,-1.5634894519236167,-1.6658976132322765,1.5586035593169631,-0.5745452463166095
4000,1600,-1.5267946442152052,-1.9504853675045193,-1.1503024503130173,1.9897704585387828,-1.241852401944511,2.229279049992384,-0.7798452615901202,1.9225419787871143,-1.2410119149716525,-1.0490266299653879,-1.3361174581560022,1.9224344554328725,-1.0516226926243215
4000,1700,-1.689435835089958,-1.7244919164799635,-1.68877839085481,1.7971500369698672,-1.8147899983558908,1.9922133435154645,-2.0123416499808986,2.254879950635221,-0.6006750612673452,-1.3157629001543287,-1.7364995581874578,1.8951600416347048,-1.3561258991626137
4000,1800,-2.2143881624488655,-1.4622657710892895,-1.7333405210428625,1.9755260019310326,-1.3003340657155937,1.3552701294301885,-1.5073908360985468,1.5393020618050446,-1.2487491617368662,-1.3553572247830452,-1.4815617955549258,1.0639061258707985,-1.6666114568802954
4000,1900,-1.554067906440524,-1.2677886062832813,-1.259953830083397,1.5242720618499643,-0.8255297755287002,1.5144711839553482,-1.2277922386036482,1.3829771007353946,-1.4162573340644335,-1.6028266845869197,-1.0878562286258626,1.1387524535070506,-1.6594405802727346
4000,2000,-1.0955754724924631,-0.7058073021516814,-1.1190632013943544,1.1317768262478463,-0.9936285245194507,1.7588880991066342,-1.019535844902831,1.6054238842643518,-1.7462396509994709,-0.8444382489559279,-1.7891352982992057,1.5936575894002711,-1.1029900541259698
4000,2100,-1.4373807131765266,-0.9958698277612245,-1.5214961294002598,1.5350629693168352,-0.45497145648190723,1.9900107745771172,-0.6027786226216183,0.8762899633174457,-0.8428462186134837,-0.7371351835207637,-1.6247292162127036,1.3342233709988816,-0.9319298358093135
4000,2200,-0.11078615688585608,-0.7484308796862086,-1.2995861640752788,0.32972311703771445,-0.9440424116218273,0.6158336700940762,-0.6478730850242644,0.7050708012091128,-1.4021113420417946,-0.43056176466396656,-0.8356008379072091,1.2759316741831292,-0.275133767136793
4000,2300,-0.05948841128905022,-0.5625317052889883,-0.7592926214648413,-1.2752147883618488,-0.8458446403445561,0.8027814250463925,-0.21667852532461426,0.809629269046823,-1.7555276617049653,-0.3369328067244179,-0.5933969383122641,0.2978227748359615,-0.5399488950890182
4000,2400,-0.4926661951397731,1.186618758634886,0.42054879480737634,-0.8895806674498346,1.0268410207228647,0.21075687916496455,0.07115022020134944,0.8990482729159409,-1.058246584193804,0.8089628670072209,-0.7598793508472331,-9.579888533593946e-06,0.6209091232497993
4000,2500,-0.22997653482867886,1.3083592044762966,-0.7877448627335831,-1.6891640652276925,-0.6809447555866303,0.9122465920305736,-0.11030220087325535,0.0901321528144653,-1.2677786325604576,0.8729020199148705,-0.39886529427211886,-0.42068535163239956,-0.4198952011237423
4000,2600,-0.05155111807942204,0.3860951901796296,-0.3286920092695503,-0.09456292554653895,-0.6921228345965403,-0.7474504716952431,-0.09841500951013905,-0.48944710263569186,-0.9957505485198807,0.4676858822842049,-0.8070470843287204,-0.4921585262318592,-0.3571225425236509
4000,2700,0.14624287127186797,-0.24976358186496458,-0.3476141839441836,-0.83879969705314,0.8585695078706032,-0.8625983623532096,0.07692373586073191,-0.46642740971782004,-0.6140184689396603,0.3669659954963852,0.24403662070456922,-0.14748337362417444,0.46834401177308826
4000,2800,-0.12869851120888448,1.2669223627477733,-0.08660430256897714,-0.4390536231731782,0.3293526560637864,-1.0430867313249375,0.7829569003802677,0.13476844689579703,-0.12639068462702163,1.2396780752341274,0.4056638425772217,-0.9157981325009757,0.9587040137478486
4000,2900,0.42930914844805057,0.5060531126866302,-0.19195354099689646,-0.32890586393581417,1.32667637469953,-0.22763281165161345,0.5165058017695003,0.14387021824539514,0.539883103259382,2.464943774642147,0.3105707173419157,-0.566622077084318,-0.07741020812675463
4000,3000,1.1841246258243436,1.3415706410878219,0.7629724693034189,-0.42564065225086606,1.1009452169573213,-0.38640332132950717,0.31564761185764306,-0.8914028501850173,1.107506001006659,1.1937536519438703,1.1242335703637727,-0.6213904949710983,0.08579108161394912
4000,3100,0.7185088209214153,0.8596874100587703,0.679360975381603,1.0187568041474344,0.24481453084916258,-0.6737380195458942,0.9544891169835188,-1.1837562314463665,1.6251302718596032,1.4708667269839943,1.1827665513459384,-1.2626421945700388,1.008793346133278
4000,3200,0.7850056029020807,0.7909794498409828,1.2211406604508246,0.48448277407047036,0.18277023720270513,-0.6853218403414513,1.597848241147624,-0.8165285573348123,1.412219251681689,1.3676030961776762,1.0095596801927598,-1.377223965707366,1.0697222656891967
4000,3300,1.2631946916032266,0.7078843228991002,1.3128386692264655,0.552867477866002,1.5102576015850573,-0.5551129877028497,1.8746410279123207,-0.8984213479124311,1.7796296679357455,1.1986275564536422,1.534689923193983,-1.6264491646252222,0.9765071864914453
4000,3400,1.1541482518244008,0.8260767014733844,1.5819564798225583,0.5852277299222723,1.4211824823612753,-1.1165443188151056,1.324852920261513,-0.7284911405556902,1.3997832338855398,1.6296260473771327,1.4409694266708581,-0.5705490232491982,0.8959559087712748
4000,3500,1.0915742122042507,0.7298872954452781,1.4044319051328598,1.3152116137156395,1.0892640284514148,-1.5395968517504932,0.9623637831087036,-0.6163121830401728,1.6663100221780343,1.6647227795125659,0.7940683083676361,-1.7958686561272408,-0.4127681415980377
4000,3600,0.6223014961069149,-1.170109092608102,0.8670919808978982,1.4906050360803762,-0.09983250089933009,-0.799379063786282,-0.40588077480484513,1.7163498660115515,1.104541864004135,1.6162100510780764,-0.3233725660639396,-0.5468853002967761,-0.10507022240122095
4000,3700,0.027040556943519225,0.0558420513503702,0.993715772045551,1.368574004057832,0.4663529486722776,-0.6732943553425497,-0.47019921652954333,0.6953221575822471,1.4282022769321607,0.8173253759955337,-0.5088548539479457,-0.7805755660223498,0.28794777033909824
4000,3800,0.44853552551414855,1.1259238012516217,1.4285244601521256,1.4510386550668226,0.9929546353051341,-1.494077990161382,0.6634215872727666,-0.48903386368073143,1.4606974196425788,1.1862108029249931,0.20528033865142536,-0.9988176746051095,0.4113102422953559
4000,3900,1.3925498022777671,1.5190764062928317,1.4513016541505788,1.9586066496921892,0.9704433036176014,-1.3785552637488447,0.8773330398965246,-0.5534123441881791,1.0810728659162008,1.5693596284054607,0.6077884297015705,-1.4289072056461471,0.5166101394583846
4000,4000,0.682291492939965,0.6033107142531712,1.9127459226005623,1.5600517629522719,0.842372986084849,-0.9035913085432545,1.6177373878370307,-0.677246120672388,0.026881637202630284,1.739933445264111,0.5140843757703059,-0.8719766878741327,0.505031306461489
4000,4100,0.9211933866759342,0.34536232988479704,2.0050452267089933,1.9375475027390594,0.6764220515436472,-0.172961843890603,0.9304372378725986,-0.9235847168028359,0.4129473247170037,0.961035715919797,0.3263385449448902,-0.45990065401833136,0.5382757383489115
4000,4200,0.2999935744241574,0.3782350580352774,1.348248324454957,-0.24604971986438015,0.41540228979279853,-0.5827097884669701,0.8589674426947942,-0.9966851652483036,0.9898126986370394,1.2182638026969332,0.8959812063025088,-0.5508829228154641,0.37284353488899624
4000,4300,0.6392963217461182,1.1286485527674321,1.0070317776901423,-0.6126625587860104,-0.628929283888241,-0.5640409618263588,0.27794488197877293,-1.713843888617388,1.0215894311363227,2.0457626344512603,0.6024777756699119,-1.2196382242866397,0.27821927027690674
4000,4400,0.7171314505985882,0.4459867432246292,1.2175779429619547,-0.010064522023332714,-0.2956566760818418,-0.5023028427381327,0.4075104963344801,-0.8747495059312042,1.1467382260114454,0.5903906672937294,0.8539582945292361,-0.2540256866264327,0.5934933581601594
4000,4500,-0.35594688845687766,0.7185772999191299,-0.3471835329420822,-0.6212988935373256,-0.06267099436978787,-0.8297246288745022,0.5210710293130376,-0.6619881703443027,0.8160033439098627,-0.13597043780326204,-0.4512555389322174,-1.0715048524546165,-0.05296948754947691
4000,4600,0.7853030296579063,0.586132256093909,0.6710288380489559,-1.3647029868840839,-0.3822951804702696,0.391010481134176,-0.16807022906474578,0.27745692593013427,1.3953053775886128,1.1569423602645172,-0.48243537134711617,-0.7116252463853914,0.13696195342513023
4000,4700,-0.5725638726698697,-0.04027717485220209,1.0996347811172034,-1.4252348357942894,0.33967121978250925,0.6155586413616123,0.011624082645213484,-0.6228234157190686,-0.11595169414061704,1.3885508522672352,-0.2582470764824297,-0.3916586525841605,0.05319063922657706
4000,4800,-0.32318554772850855,0.3296835153891677,0.913756720811443,-0.6805390677197425,-0.2610949646219565,-0.3487184648913368,0.12372054776409394,-0.2961958426458802,0.22832535313372182,1.7278570296099467,-0.47496232258111254,-0.4465814625090521,0.902058803974572
4000,4900,0.943661155238432,-0.06682893491291347,0.6914610103534002,-0.9197770649302249,0.06790744967136844,-0.6315866524147505,0.853333539168752,-0.13707095017091975,-0.545058871104245,1.1483900783874,0.6748016455603864,-0.752134733591201,0.8339301533938952
4000,5000,0.864223773409176,-0.1284607798345335,0.5853576648828402,-0.21724985373782366,0.9807961671236443,-1.343777509802907,1.4105657836663743,-0.8732249459779569,0.36199975141972746,0.7563505841188061,0.6557956914814892,-1.5245475851756296,0.04442810225058401
4000,5100,0.38572160606376704,0.6078447551249695,0.8071942861962027,0.7071306708653123,0.22918928936592523,-0.3884418946001787,0.9397086883378043,0.22594757099275353,0.6864362496198312,0.7287611341192449,0.890170979789154,-0.6229580812393879,0.12319718425205568
4000,5200,-0.22393259066112478,0.8110877914912634,1.085708086781935,-0.4954176690365129,1.1352336209902194,0.6279434089179383,0.0012305502895769496,0.3973651635137568,1.6981940776012328,0.9310713171575072,0.3903269849560603,-2.122640584039287,-0.14048398509345997
4000,5300,-0.07309438115648535,0.5398219513624574,1.2513951507629388,-0.06406287375821251,1.117497528002827,-0.08730677821112934,-0.35231907588461325,0.1249308070497254,1.069433566525138,0.10215257876589319,-0.33956332622347696,-0.5674105761383975,-0.647957555034498
4000,5400,0.7316274165857746,0.27639125226703665,1.0456637380033134,-0.4953236486399977,1.1089553765094915,0.20654064797013463,-0.4480199421845441,-0.44765415074152304,1.8465152408288132,0.6900202421415529,0.08823871558931999,-0.45910830215325577,-0.6658190859991526
4000,5500,0.14149623699887814,-0.9603825423347709,1.1497088478356146,-0.7830049242156111,-0.711020628396547,-0.7827117349206202,-0.46904301741944965,-0.9298872962924574,1.0074427311602066,0.19038829829927903,-0.20322451046388768,-0.36840035428859264,-0.7379555040573019
4000,5600,-0.252472209686316,0.330591828952773,0.6255640277170385,-0.5853286575875812,0.3822552489352493,-0.013678210505337312,-0.21886993129018775,-0.5342096761275751,0.9318301314331042,-0.03077038576403531,-0.038758057670655155,-0.08597662385533011,-0.21110435986396425
4000,5700,-0.1552272092399927,0.1902213958120656,1.3014597360146016,-0.34848955902268197,-0.6208965816895479,-0.16289184626521097,0.10886805757151256,-0.2615019548374496,1.157894717800224,-0.8647075276104326,-0.1453094089095786,-0.4613765743703069,-0.5499528477016025
4000,5800,1.0375093717723938,1.2548269788758906,1.1344870079793754,-1.0912782087601862,-0.26795192114754707,-0.8907115581370035,-0.16162218207237355,0.45759234115624975,1.0062966459166367,-0.019963465418725474,0.9303195484932665,-0.45921768013655867,0.5861323648453867
4000,5900,1.575226232512507,1.4607865264617939,1.1245759641310686,-1.1726143665493434,-0.8233797979921581,-0.9223819036588219,1.280535093000359,-0.8915617960408999,-0.15045133107395547,1.2550422523342806,1.0433852646498254,-1.0610714844130453,0.4725752835685622
4000,6000,0.735527259102701,0.3474625978280544,0.6425078606649097,-1.465114806812701,-0.14190702365326624,-1.1424291826475073,1.8582469621924802,-0.5983326203775714,0.07288114065588469,1.2423122296330802,0.9703133265164827,-0.4198734116131741,1.7174950724298916
4000,6100,1.1467635337441995,0.7385061360427626,-0.4468709115725419,-0.8384917886713172,-0.5402525276100981,-0.05519612718049119,0.9264193895247471,-0.47796209802551737,-0.15733947135460616,0.4971246404925328,1.5509659662291597,-0.09663184121271436,1.2292426369481657
4000,6200,-0.013915227645990378,-0.8106952353496533,0.3163464323778127,-0.5518383939325747,-0.7525198901345654,0.7109153988398018,-0.7554349594894395,0.1749483017982315,-0.6950821625983475,-0.09492613079518021,-0.20323679865915287,-0.47343308274199475,1.0571967239640074
4000,6300,-0.16371340757272482,-1.5718797131040918,-0.48164288624886015,-0.2220907792133339,-1.0680772693031955,0.9337342687709517,-0.7732322948248768,1.3766230503931278,-0.8916641387741641,0.24498338989249388,-0.26361744587004865,-1.5186592095715463,0.6059135106994945
4000,6400,-0.8430865974958772,-1.285354196619412,-1.5072828437384103,0.4761336006545997,-1.2001038010685179,-0.08879665239036046,-0.8278176677345427,0.7619319576984261,-1.2064742711956402,0.2222679876232544,-0.8745153357368065,-1.4129498081266914,-0.02756989956678003
4000,6500,-1.6213245341153397,-0.9848549898328341,-1.5468176954959993,0.910071275008744,-1.0962636058913795,0.33919765586775336,-1.3372299512923689,1.0388271086583876,-0.996133313472297,0.8868708376266504,-1.165771669188223,0.27435397929066196,-0.7000887513336501
4000,6600,-1.7607929399190294,-1.0503116600154394,-1.5199983726301103,1.741743094139013,-1.4742971734296482,0.3024105304386176,-1.5781408322839283,1.5286175648759313,-1.5588784944717058,-0.058504176928067864,-1.6153892462243478,1.039966978004504,-0.9874769301104898
4000,6700,-1.2424716449335012,-1.4138586160313005,-0.45244850811018816,1.5506881792629768,-1.186388118844284,1.3238303575357435,-1.330315478657497,1.591496736028674,-1.2218439277734747,-0.8279343522937451,-1.1664863786320576,0.8406677769272466,-1.3496623261482026
4000,6800,-0.8195136611153891,-1.1360493539438108,-0.9035572704699545,1.8657059358612704,-1.3227386250870428,1.4337306936951133,-0.9802271615195766,1.2734495950301148,-0.05947272460419653,-0.1484628928473077,-0.6102543103842835,0.7262621591046656,-0.8982119487257558
4000,6900,-0.7744725135671235,-1.4029949493383713,-0.6219307103160614,1.7631780914404687,-1.228047079297799,1.949432841186653,-1.290505694449158,1.060681545082281,-0.7499274822697719,0.3166257328126895,-0.8454073401677309,0.5068301161697796,-0.7735082406301422
4000,7000,-0.8194084139329305,-1.119578165070273,-1.3539514048614492,2.0973626009420867,-0.9308482865132459,1.3780907805743379,-0.43258087846797216,0.7672135764296448,-0.6125849780375024,0.12571304846434284,-0.6271689941956817,0.7573306662340217,-1.5617042687167018
4000,7100,-0.17230367781377198,-1.234930355763786,-0.7993793727313521,1.425178268781684,-1.1352489635814194,0.47934267327547037,-0.11558624468397574,0.8423634956279858,-0.25734390425714215,0.11763147351930751,-0.02587601445816514,0.5023136017370367,-1.0591970141280724
4000,7200,-0.4119943828353341,-1.0715191332883112,-0.5609890743491418,1.7434632633505087,-1.3995289047854713,-0.4913899232572947,-1.11363083855317,0.01231531879384888,-0.2335955766683973,0.2859930856001938,-0.5658676726467877,0.31953377482788303,-0.33745680786214977
4000,7300,-1.4115175431665314,-0.9351187166273105,-1.1534695131957453,0.6333574523384923,-1.373249973055368,-0.13610215584206056,-1.4999544103990594,0.4462247176499568,-0.7426804359474454,-0.313088567713586,-1.0398744456391023,0.43966750657233256,0.10189189703663992
4000,7400,-1.4198775946604605,-1.0340033120404062,-1.460590337712337,1.3797076714261682,-0.8952947306530256,1.1295961271428434,-1.010297091841652,1.0355032658101488,-1.116423499533964,-0.992419366975418,-0.7045792534730788,1.0226886477778485,0.17605038364149275
4000,7500,-1.3266598933996934,-0.6165527858796189,-1.5612353691561611,2.1784612616948853,-1.3023861533979681,0.7458569954952121,-0.6059860055438333,1.6426576762651848,-1.1306144907905373,-0.4631025088265741,-0.7377218130154174,-0.09549725042649955,-1.13182169550541
4000,7600,-0.17931301736354255,-0.15573417366293643,-1.5462749718360587,2.296531669640668,-1.282270012918179,0.3053911360935566,-0.6055485437706721,1.580857962310271,-0.38736674776951935,0.5399223341059112,-1.294874116339858,-0.19085953357324587,-0.5053586640093501
4000,7700,-0.1419202448206209,0.04080455401671967,-1.5905334586086897,1.6899722215990218,0.1161764601344539,-0.21778872675927785,-0.6230211322147333,1.800806719014269,-0.33284760282268794,0.9847219480599473,-0.5974851354152836,-0.33363455117376917,0.1807202923520347
4000,7800,0.26800901534937754,-0.6549608108896718,-0.16112388578433842,2.0727304103294664,-0.8660191457568066,-0.12981294492040482,-0.28136069282934745,0.5869611412314207,0.8211065980510449,1.056860419771627,0.2775298560057604,0.3522996255663689,0.8866631732428395
4000,7900,-0.027763910765745886,0.0763712971815102,0.27497562970514927,1.9945700688036738,-0.3461789057576891,-0.7702997268981817,-0.41913947286451136,0.8482192086278711,0.28209953037966695,1.6674198524520458,-0.3253616567352122,-1.185113939355389,0.1904822264288322
4000,8000,-0.4631417771147335,-0.19173234458656668,-0.47696916355486313,0.3369557773929115,0.006852496106233751,-0.7855471495762542,-1.1052044381934012,1.5637039417877796,0.6999837469806258,1.1672873260250258,-0.762057988120448,-0.7494743157258057,0.21016858131636668
4000,8100,0.549779661896349,0.8656357179794268,0.13734190724703407,0.7071056588332439,1.0912290180145596,-0.1642231739032487,0.41918356023804704,0.13016759596541447,0.8750214265811281,1.60938943579282,0.5615994563994365,-0.6419814145380207,0.7074521043147081
4000,8200,0.17725492526979567,0.6559798678761729,0.7044133291685302,-0.9710934365150682,0.5413128343203492,-1.5565101304731928,0.6098672243900736,-0.4799689295847764,0.7757359950502918,1.830847027335642,1.0432703788855344,-1.1639998512202456,0.7166493376640152
4000,8300,0.3570766689884999,1.3307607805636037,1.075402056208849,-1.3795606857056995,1.213403029585475,-1.08196907899579,0.8162313967141203,-0.8171778817094977,-0.5013859906255115,1.4409066874602747,0.8690112126645919,-1.1956297108514264,0.8482670339919723
4000,8400,1.4289984069212092,1.2176593355728695,1.410197612202579,-1.5768063818844247,1.881077925813189,-1.3438194249621849,1.5039098700081253,-0.810609368373455,0.07514656414432798,1.2751435048424395,1.4609047010495286,-0.8583720188175901,1.0255646258649662
4000,8500,1.0078146158736814,1.4872183210170622,1.6489689499206956,-1.029242581570992,1.544303283591211,-0.5318447232290721,1.7197481739211464,-0.7916300774872329,1.259808119939625,1.7283842040961532,0.5398464350149117,-0.594326897732441,1.8735500753189687
4000,8600,1.6742336304637635,1.6883947795130294,2.4003423199401106,-1.1381635446781058,1.778240180706714,-0.4837309489391722,1.285575106413534,-1.5579570978653134,1.073881648769798,1.0554510122031728,1.6345489704145497,-0.7704970517696433,1.800908754679901
4000,8700,0.9621041521530372,1.315606914300069,1.3411867312835455,-1.01879580795315,1.8765259347211698,-1.606462327033859,1.8883892402478566,-1.6097542119047277,0.956169052249984,1.2837293584401228,1.6120142380872424,-1.3171451322017804,1.6452671195237603
4000,8800,1.0558760888264906,1.2125570758483626,1.0087195056123321,-0.6032838270102311,2.0185523799262226,-1.1132440022308405,1.339623131517123,-1.6852232395253424,-0.9124705061510603,2.013313935060375,1.1855240851641016,-1.1708078217119382,1.907858999877735
4000,8900,1.2119071395714391,1.0743879779421497,1.1904210528232761,-0.8866888440025303,1.8398438689672771,-1.3327928466055259,1.571119974712736,-0.8449487253569002,0.911769305646356,1.394931255420955,2.1168993532918354,-1.3556613871960912,1.6753064262279402
4000,9000,1.6096493693751173,1.607112390457777,1.1837229135424954,-0.9470630572522984,1.4314743494433944,-1.1920376639352015,1.7882817262676698,-0.9604863485238426,0.603907044521413,2.149200599539385,1.1095189030611716,-2.2250211036819385,1.976734371110508
4000,9100,1.2942257772670036,1.7775497750523133,1.6550530109364996,-1.2334895847732645,1.6399713015146498,-1.4363927571115984,1.727565514548071,-1.11444304312626,1.6732348897649714,1.6706302678659837,1.4490451956682016,-1.6624120407749956,2.2225672737344815
4000,9200,1.6026656034574902,1.6977860136468101,1.7136899373435326,-0.7388716437409142,1.4826686506892217,-0.5197000521078895,1.1753560479063374,-1.5032652366428554,1.09696794408638,1.6229930511345194,1.0458847007629362,-1.4984985941613587,1.4672342961358409
4000,9300,1.3754138286219717,1.0940991786624414,1.4503151389454463,-0.548788783371999,1.4464066104429905,-0.7641732342878397,1.3471247494670686,-1.3239142802999084,0.9117302741457344,1.3431224094332428,1.6491117567497449,-1.551987107587752,1.1252786138577737
4000,9400,2.0647171044807897,1.5922226391968894,1.6871506830301022,-0.3802361974171692,1.4511951421460885,-0.22365671197383055,1.7410908588456497,-1.268621001479052,1.2388659739097143,1.6681317965527414,2.325633069787797,-0.9263468171251477,0.832436005019877
4000,9500,1.2648791324175979,0.6214213291129431,1.483576418716645,-0.8811369727774881,1.8940539172741953,-0.8302517880204999,1.1988278601144438,-1.1217123775577373,1.2860073628213224,1.4052938748634733,1.091011476837415,-1.5137576971622526,1.37433063102866
4000,9600,1.2460861388006816,0.9051711709001483,1.4703884604224415,0.4732945978124518,1.0932363027209004,-0.7027583087772218,1.3011944078536035,-1.2948801645709627,1.7971170745235185,-0.3480333380035217,0.7704628137732008,-1.4948840748570533,1.1709709286691448
4000,9700,-0.1506069334203158,0.43271039013984053,1.0796903123988635,-0.618290212368434,1.715588848089817,-1.0703419274360833,0.436778643204074,-0.8971447225391769,1.7500697741859328,-0.9199119053018688,1.1052954626466522,-0.49543723071009615,0.7485659547643875
4000,9800,-0.01872802769414263,-0.19768553268272213,1.5414893707013555,0.4212478156443572,0.3000839026595709,-1.176990943557598,-0.1360389382390676,-0.5368751583749266,0.4727273008226413,-0.8877017351796668,-0.16949636333870072,-0.7279106384657357,1.1599395276563071
4000,9900,0.6169519793822636,0.6780985569473493,0.7169081253183867,-0.2663228721778879,0.4160665933817521,-0.9539137075206525,1.245470605957763,0.32599317536349603,1.0034633541415348,-0.09035761403081546,0.5030256043073141,-1.011114963271624,2.1537654859136692
4100,0,0.7235808747840181,-0.9258166385895736,0.07040327083181414,-1.0533083942273067,-0.6119063987003618,-0.7607241474807603,-0.3515172726783745,-0.2497795233229331,-0.4263841257994281,0.237955188421874,-0.08984402441822299,-0.9998167153809701,0.3862156439032648
4100,100,-0.8060989353984287,-0.8162501014913403,-0.006418823547807501,-0.5222192466204034,-1.0670902831631173,-0.48947756153438576,-0.6366053774683111,0.48784268476757137,-1.7578100046272918,-0.09061890430655642,-0.7449885403124845,-0.059559491481394944,-1.0270531441791904
4100,200,-1.3005847795252523,-0.5041694617707836,-0.997751441157428,-0.7751125781320884,-1.4043451870160064,1.0350836720827192,-0.7158334215520861,0.590694450704673,-0.8125328258136724,-0.5954254763185507,-1.2839791146694284,1.3562197218110084,-0.40180110687275616
4100,300,-1.5242312182646875,-1.5715285627648568,-1.0175214335646243,-0.1952753530348486,-1.4236948847213606,1.2104133510518449,-0.8921109081546484,0.9304308822854896,-1.4097119770966449,-0.7955803527552784,-1.546653431305463,0.9309722223431319,-0.42208671118245605
4100,400,-0.5802706039196988,-0.802073642099646,-1.0871702935870409,-0.22714359685477215,-1.5289566599430873,2.0466798935622217,-0.6939271342310712,1.1317681816931204,-1.7667778411722501,-0.8246215608936901,-1.524608506628457,1.2175368844870136,-0.8587953574000271
4100,500,-1.5909409332476356,-1.4456318440701326,-1.143455819830864,0.9807858137755119,-1.2782415006874337,1.5984923852187587,-0.6319310249378406,1.7633931714482804,-1.3164244071500264,-0.5527826762911454,-1.6446161924285232,1.6992099346854375,-1.6418393591577685
4100,600,-0.7234834225058299,-0.6189810473352818,-0.9870492500177783,1.4738006415229203,-0.849003129265648,1.9271274274006855,-1.3222565855165738,1.5941666974662612,-1.1323688055614214,-0.726166669802201,-0.681674913602105,0.8646607699607346,-1.3991443519472877
4100,700,-1.5866407133143103,-1.4068645870874987,-1.471712460991128,1.3927793609100199,-1.0257195889795696,1.9169652455863633,-0.8871817170030878,1.6172561693982501,-1.1654182149791061,0.4070438517563162,-0.8587459747098659,0.8195644267174845,-1.1640845811763127
4100,800,-0.8102786656359416,-0.6978247279935237,-0.9712958059247632,1.547187640412316,-1.307594864103883,1.0351288396625256,-1.4669328868780207,1.5878797838293854,-1.5605419161605065,-0.298059888464632,-1.1910934377522704,1.8694156068289727,-1.026910824415777
4100,900,-0.6556973439427793,-0.7911187625250694,-1.5365124172632425,1.2925885435019238,-0.8710704821361059,1.972677176990156,-1.086203605514362,2.2798640064978137,-1.2559244313463003,-1.3482402215807248,-0.9314305665113596,2.2271877851212647,-0.7855921312421787
4100,1000,-0.5531602542968147,-0.8206140167968181,-1.5302339103336224,0.5927231545930408,-0.5635683078491565,1.38924550261028,-1.307028582595195,1.3453972107782242,-0.9886176857818605,-0.7901476261321113,-0.575236384190837,1.4894893475104363,-1.1613122592464193
4100,1100,-0.9206121172984431,-1.6808811333907643,-1.0182132235199135,1.588921035161746,-0.9300135675599417,1.5926619782989195,-1.535919446120433,1.674076053646428,-1.8224254593792262,-0.9572384009408494,-1.6254841075213413,1.478535803557577,-0.7012489410698998
4100,1200,-1.0114278222788409,-1.4041052386050197,-0.8544145186610914,0.6945889542044582,-0.428909073957783,2.0009320600450597,-1.2229014317263085,1.9934554420230772,-0.6991952646576644,-2.1200947349120565,-1.6731895274212871,1.8652887047566225,-0.8717440632477288
4100,1300,-1.4188691414008479,-1.6080662941693125,-0.9954065202426726,1.7372749010730983,-1.601705426060729,1.8754453712382178,-1.310898788336402,2.0701683104195685,-1.0215892655146974,-0.7344113460385969,-1.4261881806607328,1.9764291420272893,-1.3808733704893394
4100,1400,-1.7665790072638847,-1.3063968721295438,-0.9668925473220581,1.6906944576546314,-1.544013017958115,1.5152849179643715,-1.0652190419708436,2.490513627520714,-1.302738047729497,-0.9791074610345815,-1.6714496646887156,2.0159884744639953,-1.3283779719728528
4100,1500,-1.3877394842104482,-1.185022149256679,-1.484913173225366,2.130732920546742,-1.3409088388932149,1.3013003400344993,-1.5868774528947016,2.033483307632005,-1.4095271452101341,-1.7556814917387047,-1.163916189503881,1.0841794779459326,-0.884602022567667
4100,1600,-1.7161751770269171,-1.2367653405993937,-1.917818292551374,1.4931423141434481,-0.9899330989541996,2.573283743011834,-1.8558524051186127,2.002187810811573,-1.6346530926253626,-1.3937492426708475,-1.6038260878195334,1.2635553548576235,-1.4474259697041343
4100,1700,-2.037603845815519,-1.0589465471990585,-1.6673201095036787,2.088652630841943,-1.5539198283539797,2.6520941382133976,-1.4668515064718732,1.5864071239544113,-1.188989933700905,-1.3229721249273614,-1.375191488069798,1.8852150707592812,-1.8309786095758467
4100,1800,-1.5537314404796,-2.0875253483530862,-1.2955705731920235,1.5873792061280287,-1.6264479889072483,1.5833830912260995,-1.1474853224286465,1.2273591470727638,-1.6164980213457103,-1.1783507437832628,-1.532793791947919,1.5842634823112323,-1.291960201453194
4100,1900,-1.7137618324744135,-0.8275695076869412,-1.297451972721498,1.8311622943086017,-1.2164331087440734,2.199529884304606,-1.4315477406890873,1.3305044703234508,-1.612119992666301,-1.7590440608636568,-0.8605451630925659,1.501444940969368,-1.2004651317525108
4100,2000,-1.3496739656899488,-1.4550509706221257,-1.54688649646047,1.9954602596914566,-0.883421295684487,2.2997747206050456,-1.821315195150165,0.8294772175097204,-1.5319112857119472,-0.6887017766418894,-1.6629111495332352,1.8347573093204754,-1.5693614923546697
4100,2100,-1.755493621622171,-1.3157249482048428,-1.3104430213995164,1.1014755909885716,-0.8415965363706721,1.5616453508581805,-1.4452812457798412,0.6349796155012092,-1.8531201201445526,-0.5395658684251636,-0.785820506434101,1.8223095947679646,-1.686841941165025
4100,2200,-0.332246556075746,-0.5258636257659195,-1.7947852519838594,0.6611734712651243,-1.1424149619887696,1.6214001680157222,-0.7287122674744864,1.2547011394902947,-1.4268574051506526,-1.0902727111795147,-0.7070579510239401,0.5491259934225933,-0.1582853770292103
4100,2300,-0.3767509999926877,0.5222154838440934,-0.6366284246402925,-0.6140932685417941,-0.5485828904834265,0.8150868262695746,-0.35948392108906646,1.8477735957949533,-1.6106754299384738,-0.3239516322167394,-1.5124028753428587,-0.3865164071470891,-0.7305043125500202
4100,2400,-0.5979818335505931,-0.07015614839988245,0.46813042533605675,-0.49456506429236546,0.5023773636653928,0.6749553614596224,-0.9503740400945596,0.6767582092967525,-1.5950849366760416,1.0499905568215373,-0.503907322579372,-0.10230512553457174,0.3068023586575865
4100,2500,-0.3213654245336669,0.30397916271944575,-0.40470665606923273,-1.315493469856955,-0.6964828140791262,1.3705106215137648,-1.087847295435929,1.5111493842879977,-1.3500757440482467,1.0764737889507427,-0.8881628004405359,0.14057463720429006,0.6007129717229965
4100,2600,-0.4299211282671225,-0.3609020985103215,-0.8404978916566481,-0.7216499694478699,-1.2513343179303869,0.28114714472818253,-0.21895385002042508,-0.12781382584675144,-0.7997905613241416,0.07479906451941852,-1.211288812915406,-0.9847439476874262,0.7217258429044145
4100,2700,-0.44869894853051234,0.578470054145802,0.7168083832649701,-0.23166796335577478,-0.7291821442310394,-0.43177453543056554,-0.1492404355593732,-0.12431130643050502,-0.3587462788467839,0.790498657704484,-0.22870642479105824,0.03485896146498043,0.36946851750526644
4100,2800,0.4239837924190354,0.2537498734745303,-0.057668581982095186,0.010477529321613076,0.8989184957195842,-0.6526758828855146,-0.275717459652118,-0.14322672109249518,-0.7068577337673453,1.0759219837708032,-0.020076851930653603,-0.42341818882455734,-0.1518205049258633
4100,2900,0.9152815490392716,0.7648006915746771,-0.3175618168349629,0.061483970065935874,0.951021352693645,-0.7952038005461064,0.7711400672505624,-0.05025290809863907,0.45948548146594465,0.9609789611248323,0.9633301649025277,-0.8387728046879231,0.8582468359202775
4100,3000,1.020430446936103,1.0334391399675955,0.7758983835667806,-0.0752726412481498,1.2024747562511025,-0.7790277776869717,1.1578307771989766,-0.577453757232944,0.32784311394167576,1.504136679771528,1.271327009837808,-1.2955172885083057,0.677955554835018
4100,3100,0.6354693942287432,0.9480046697061552,1.076511298037129,0.1592055845098929,0.9912284990912936,-0.8421588906020696,1.7038586412627494,-1.1799042384345513,1.0191031629886957,1.5374062192333144,1.0525310461655755,-1.5295838103453918,0.49036240191573377
4100,3200,1.2110932286565392,0.5361754793339927,1.4907282819755867,1.0540457504220537,0.3100540263644119,-0.9266508282345496,2.003079299845909,-0.7628719025480902,1.3091881154589713,1.855466379688693,1.2656045454449272,-1.3887194580994988,1.125665160043708
4100,3300,1.6586554204338075,2.1143948707618554,1.274998934601537,0.8571956053248387,0.7507856766345078,-0.7774075911197389,0.762434185587567,-1.1199454083417897,1.5836830097163683,1.5456778531716764,1.5752151026059467,-1.8899842746484705,1.6673457814275123
4100,3400,1.5819474985170496,1.2171684994016219,0.9456336714758813,1.2195237872004068,0.8075822063088485,-0.5766568282648561,1.5476977972332648,-1.0148253909471505,0.7789038326761009,2.059653215775274,2.0943959147287594,-1.172493301916543,0.7373112700228375
4100,3500,1.1703399271508987,-0.6998018579676084,1.084809537798478,0.9798514640554475,0.17611592712061874,-0.5601093065108972,0.595738109749025,0.024295538816694478,1.378312015438931,1.6508145345208083,1.3941857589712945,-1.06229429563276,-0.05952969725998807
4100,3600,-0.5228570550174871,-0.7055734304961576,1.6745342860254033,0.49686755832155804,-0.12099105784790762,-0.20690799572335283,-0.3639384074357722,0.7870509316689204,1.445415151105497,1.5508646530782952,-0.6341793313539051,-0.5838537714011323,0.6553275752836245
4100,3700,-0.7198423988295773,0.017272465114756656,1.0580440522290198,1.1311265671490758,0.2908822463434544,-0.5204760721017134,-1.0575025721610016,0.2914452062249954,1.7823220434752012,0.9834937872382238,-0.7891756595606042,-0.403025271632191,-0.5280996707380118
4100,3800,0.058807208390206644,1.098059303217049,1.8242841715574745,1.8669265069202796,0.2518953962982532,-0.43601620968797633,0.9811344620606455,-0.2214370680200343,1.6039296147004243,1.521482531344827,0.33813529573179046,-1.0790887998035548,0.40597541864688663
4100,3900,1.04358240367872,1.0444894261396767,1.0728806315693873,1.1437066108353626,1.1954585335767574,-0.9685485276797604,1.4669133940332915,-0.22539213276682468,0.6636197517253805,1.1600275630575103,0.39499064240423176,-1.1781543709955178,0.6119676517827217
4100,4000,0.33246789135975857,0.4675434886000972,1.3162226338450838,1.3825533361511604,1.2070042482915306,-0.5906660954066932,0.8450974176305928,-0.4809571294014072,0.4126180558821977,1.0630357017573986,0.7577963949867336,-0.7355515507142756,0.8114349596693768
4100,4100,0.05510846327286672,0.4652143873588813,0.7144005918831533,1.8242290284979206,0.7421924671052483,-0.11331452377028872,0.6451423339931706,-0.9607858604063502,0.32477732172859486,1.5231747201728076,0.6644922444637935,-0.05925993298154106,1.0242029514616249
4100,4200,0.937282581515369,1.4009772855851799,0.8822038256531279,-0.03644051117411107,0.2881762920363297,-1.082589963823286,0.6424714543476764,-1.2243650478310981,-0.048260640257024034,1.0733377232704286,0.8026033297952538,-1.0696274258967402,-0.23370242406073433
4100,4300,0.6825658183517795,0.6819113372512807,0.8621641750440062,-0.7787961531881938,-0.21424785029965762,-0.3096046800687003,0.6177304790178847,-1.3840222982116197,1.4382351233697566,1.0612269599064632,0.38797241977935215,-1.328754596070587,-0.3515607904743531
4100,4400,0.8143591552543745,1.074782383409571,1.1779938219502444,-0.25952796495199393,-0.2811936763826646,-0.4318890423587253,0.4492702357913081,-1.2499797903035135,1.1849128912550366,0.7692437615202565,0.8573628733902873,-0.4988110521460234,0.6001667886475985
4100,4500,0.174768017967932,1.0345132940497364,0.48625106040566257,-0.5984829500211287,-0.26032758263980116,-0.8102170340408346,0.284698123754039,-0.9417285658325965,0.7207100735554174,1.296190776540613,-0.2591820038253309,-1.459218715275296,0.07734907643857174
4100,4600,-0.19529314304283027,1.1062403405270456,0.6614173723122093,-1.1290244153051183,-0.39343361876067406,0.3317503122278524,-0.006099819102366207,-0.2552974594740749,0.660325451281962,0.5750502686936696,-0.05925994049282659,-0.9436841188641513,0.2478635479089324
4100,4700,0.29301633667804444,-0.19886401944761403,0.6873779965069697,-1.2864742543290453,0.20710126819304145,-0.08938121278520685,0.15900722943770434,-0.7189301104533938,-0.19574772010578376,0.9009891419915416,0.440492635195462,-0.7862122181787848,0.2857433488574348
4100,4800,-0.03989763837263285,0.35773501148324127,0.31286541052871686,-0.9876060599214241,-0.05714851969476016,-0.028770795329107392,0.5036456525899722,0.0018247925180957774,-0.4931358306781625,1.9892834634067924,0.1220660667631561,-0.2861914641584824,0.9787744909968175
4100,4900,0.9184834474352676,0.1304266269289728,0.882179014190534,-0.7357658747255245,-0.8816073219055208,-0.33613442832145585,1.0540536428050107,-0.15642935681596098,0.5440884445781968,1.1606949621678462,0.34664716324266626,-0.4709264960025294,0.29265011407529756
4100,5000,0.2106687012215211,0.325285091085529,1.3889888409857296,-0.3304408184738156,0.7194398333991603,-1.1815730315054522,1.3060340468600824,-1.2042488983285122,0.7228370234349787,-0.023281494676668797,0.6362628840263752,-0.8845875387146764,0.08680088838585584
4100,5100,0.3861665952328084,0.7595841592194759,0.6666870004217883,0.663641875860521,1.0569737044072507,-0.3965534764734509,-0.015403156005161523,-0.2812287174940094,1.9591294088490752,0.08285397831461028,0.6084225732286163,-0.8878381304358028,0.6148139227641359
4100,5200,0.24888038755831796,0.860282974500855,0.5918001224557782,-0.5000049760567086,1.2211583292725288,0.5966322113192105,-0.08864500690807672,-0.48249825984904643,0.9693191347337157,1.2620794468157026,-0.04160455334326627,-1.4308818823520195,-0.5521173022936592
4100,5300,0.3823799433060203,0.14201779794909164,0.6427015459959087,-0.9342899750350168,0.7508810964845205,-0.5047430409670683,0.008628532540561534,-0.9153744461022859,0.6110791374947437,0.632809529307659,-0.47925258074606986,-0.8172008392037734,0.14271627920209962
4100,5400,-0.07027103675115544,-0.5893088276751473,1.2554864917598754,-0.5713376641830701,0.8224077522960309,0.5213720371912001,0.2975033439041718,-0.694249949172074,1.2941391559198698,0.11696853465884322,-0.5708426980104069,-0.27765181009847745,-0.5186262902229353
4100,5500,-0.19489963679693662,-0.5783265695340613,1.5159230225503613,-0.1505573148280089,0.06470341884811978,0.3930810125791458,0.2375736841197703,-0.3303039225882284,1.3874764904016639,0.10290942478834303,-0.3760910069236865,-0.3926336460831801,-0.33481621813733337
4100,5600,-0.7203379146884208,0.36778250633569587,0.9222820168056508,-0.12774569116417733,0.17642068294450775,-0.44525510321991224,0.06370731741751472,-0.6380535326981784,0.12041404575674114,0.43153423693218573,0.3323703909465591,0.26512895163564815,-0.6324759999102834
4100,5700,-0.2763997480788675,0.3789736889371365,0.5310639859246168,-0.638453784521229,-0.16954399779061433,-0.41898432558369464,0.1860212951030005,0.01825583636614898,1.5319490369503121,-0.62823880665293,-0.9834609392082041,0.23794527528810344,-0.0874035205735848
4100,5800,0.2570123374989452,-0.08003887527323192,0.8009843711198229,-0.900996041396724,-0.5694089798496251,-0.8583485547984357,0.23330434472023595,-0.9384624293395172,0.6287807157159001,-0.7581917396941859,0.3099132522538873,-0.7286872146672921,0.3712570745246623
4100,5900,1.2589152046012382,0.8702968980934371,1.3900232108385584,-1.5533056289607954,-0.24802582465082068,-0.9913207348216576,1.9961633827152516,-1.8518712681466971,0.1984493159474245,0.5419323698391033,1.5877687063208958,-0.5138428421343307,-0.26119189890107114
4100,6000,1.2031569783213587,0.27242428939352026,0.6807530863017207,-1.0402421268713602,0.5359294877028111,-1.666547524648087,1.5055272386842593,-1.5991285550286372,-0.8517655894312278,1.3889762393045222,1.2720256762455675,-0.049493856349544854,0.3537943096405212
4100,6100,0.641485229662328,0.5372953441625506,0.8344989233400811,-0.8522724891573448,-0.7821112841980055,-0.8581668524808072,0.7129959376740754,-1.4619677061090834,-0.7508838256034087,0.9300745050805016,0.5004016095453032,-0.9279616232289752,1.1466350409012445
4100,6200,-0.3886365006657609,-1.1176043756909007,-0.23911362958829877,-0.7482556457888807,-0.6700950464513867,0.1225551004644311,-0.6297354863268863,-0.6335653563365383,-0.4048523201243229,-0.46223195035019937,-0.37435272571015626,-1.0653320567236364,0.8391894422971681
4100,6300,-0.6204679560640236,-0.34170472828919596,-1.0308497293220995,-0.41206571172665163,-0.8322813186630238,0.23548009001469639,-0.7997493087838518,0.8707651570772139,-0.5272905840824474,0.46106188642214213,-1.262011279745138,-0.9720195521740069,0.2626379622652498
4100,6400,-0.7204502611670544,-0.9013090056736273,-0.8263141554935178,0.3077248944979573,-1.2253409443658785,0.3707738522076333,-1.7368853001325442,0.5809891558979953,-2.105287152298733,-0.07855250755246235,-1.2170683748560789,-1.435770053288187,-0.6248715092834046
4100,6500,-1.0883323709747466,-1.6574575144728099,-1.409462168128644,1.215161047614774,-1.168374160347656,0.95638214188662,-1.1201351306794145,1.1570597523089101,-1.0338739965000647,0.06506511393736465,-1.1816571743447335,0.918523060419317,-1.1591923363193843
4100,6600,-1.9489563689757947,-1.5728829115621257,-1.0607128424269763,0.6084271965792399,-1.336286786987536,0.6088483007944817,-1.2992510476818036,0.8109637135946408,-1.5333865683618824,-0.13741921014595,-0.8815722436683118,0.8167733253998456,-1.4621442359789623
4100,6700,-1.636171109000014,-0.7072077632876179,-1.3539071845719377,1.4425404123733845,-1.08075578976526,1.3628610477739862,-1.324763412193851,1.2122653270925616,-1.0207996948373788,-0.5391272519642406,-1.5606979377838448,1.413826243879489,-1.1248133846219441
4100,6800,-0.4515957099873714,-1.2404627011345428,-1.6191391731293931,1.4518966132882263,-1.6107404617097798,1.3856821744466392,-1.1981054704752145,0.7009744324997527,-0.9232205861291144,-0.8538809756428518,-0.9851709778476447,1.3702046484938903,-0.6927401715000034
4100,6900,-0.847161928646803,-0.9150585731265162,-1.0818553798369877,1.3126781764104134,-0.811188704666879,1.5597007417004805,-1.3357201838151649,0.7107074171658101,-0.6624359262236681,0.6303404295868806,-0.827392368435609,0.13137697897329878,-1.107989478113487
4100,7000,-1.0072449358035362,-1.3590145558289615,-1.1456295451629783,1.2073893690013588,-1.1027843488765732,1.7574812445311583,-0.9489944525184482,0.6882906280141647,-0.8457173861332179,0.06532225282780908,-1.1258850197461465,1.073231686653479,-1.1588050946449018
4100,7100,-0.1389480031168752,-1.2656158651356917,-1.1023095944957684,1.2290504307110275,-0.9187277847887274,0.3430735859166426,-0.3037940791063871,0.4393533459188704,-0.26621984506242946,0.5624766968697218,-0.9505071830788585,0.5079847640229644,-0.6589123337011237
4100,7200,-0.3821655270455402,-0.8902015648616981,-0.18679311888553451,0.9833895726548892,-1.854771797940839,0.05065875927253771,-0.5721857010848628,0.4236008810020262,0.3046592711229105,-0.20408978897992733,-0.42630138752315405,0.8399619632748214,-0.004853624969281122
4100,7300,-1.4921119551595334,-0.749188253840314,-0.09697398755603408,0.9418380523555806,-0.7621334604413268,0.7734031408660071,-1.3110406833621704,0.6583906932805712,-0.45166814535259703,-0.06762032759802969,-1.4591354926370042,0.1757062826258624,1.3139281516350227
4100,7400,-1.569520455116168,-1.7136025587453148,-1.7837393577998346,0.8918553065206875,-0.35677133153814083,1.3126686178139835,-0.9997887258367002,1.260316174697405,-0.749794763901752,-0.9998274545535177,-1.4923815602674861,1.6126350361516988,-0.17986975576746592
4100,7500,-1.405405027072616,-1.4680987071407479,-0.5512729073119684,1.9193541751259593,-1.6280796168825502,1.1766237349492634,-0.9197876335996218,1.3473512850400606,-0.7988277173128042,-0.41407173442441625,-1.2179059585520657,1.5760010966184876,-1.0537010322203046
4100,7600,-0.8621233523366849,-1.2296661812928633,-1.1032646956790644,1.8258459527425541,-1.1480802784225845,0.23697034660298597,-1.0721636243874655,1.5668985224031646,-0.7268797542468763,0.13163342392762353,-0.5865260104273196,-0.543669385496222,0.7437785178625014
4100,7700,0.3812544929199469,-0.4701461697048525,-1.8171250401067802,1.4144090722176499,-0.06027273111730442,-0.12464720562212521,-0.2999671065915034,0.956078624674347,-0.23639486850971125,0.7962060572331082,0.11631943454674148,0.13710639347842443,0.4220536891580232
4100,7800,0.40494429718743397,-0.45119560376767076,-0.7756921552790432,2.1932017505121713,-0.589386651955767,-0.9492885442412486,0.2616125966336465,0.41467068780721955,-0.27648852647779487,1.183066872638739,0.2871009940912826,-1.1505753407428425,0.13459196124919903
4100,7900,-0.41694361034454286,-0.18378902774036798,-0.3659119650225131,1.3794309224271342,-0.6377446115623387,-0.7311852243404645,-0.864982537618924,1.0882599992188762,1.5090261765228674,1.3602447544890417,-0.45409407875940777,-0.7592389011586291,0.47236337892673635
4100,8000,-0.5169317284601973,-0.46323021937134035,0.07800346814322104,0.8572719666922171,0.3999143152489768,-0.3332639276329748,-0.9794952824578039,0.9956379568285025,0.9612787030561585,1.6695384776071076,-0.9168879209803645,-0.9978753090933666,-0.47867557112489656
4100,8100,0.8089596632778585,0.42493988203071553,-0.8401724434510447,-0.6122071208283635,1.0063891547178587,-1.287821388283513,1.1886109053264493,-0.25882296957220113,0.7289856058581975,1.7778637504806005,0.14522666091767092,-0.7660676976079073,0.6833924972495676
4100,8200,1.1626121762274397,0.837470633088428,1.4479356319100019,-1.471692782614666,1.1743228862837627,-0.7598678179022539,0.12809354277391458,-0.5758581433288557,1.175886694172552,1.2368395099066836,0.5919342987063606,-1.2638463414230527,1.5959602547243297
4100,8300,0.9555439609270594,1.2028939016420284,1.266807085799905,-1.1159851165869652,0.9890063075311032,-1.4901757076057909,1.092972258273271,-0.40943631320072704,0.8871811875461832,1.3608587361289064,0.47053329931511906,-0.3047987389156632,1.123484630133841
4100,8400,1.4352152467483017,1.4650113299995788,1.8416627485500574,-1.0517538508578232,1.1686408452970412,-0.9108031830678384,0.7923682953402513,-0.7257661546629943,0.2428834204827111,1.6792538065891964,1.6564530154588777,-1.0785224422270083,1.4881350594420615
4100,8500,0.5325600660167449,1.5289780850938681,0.9463155515055485,-1.633476283065383,0.6193373065531725,-0.8047317836002276,1.363001489250455,-0.8954044522166412,0.9926399628216134,0.9933514844752784,1.2301279286365088,0.08429867760776934,2.2029437419711435
4100,8600,1.6043574710244959,1.283790938809523,1.2069325079049382,-1.7210568248206313,1.812350667165065,-1.1506692485055747,1.2547030195832571,-1.029164195999003,0.9076444805909826,1.4848302577537258,1.2056898279419892,-1.117401523772319,1.7852944964848299
4100,8700,1.3837618474768538,1.3496898690866852,1.7679586186482248,-1.7072466956976373,0.9473796852090834,-1.1758365710280825,1.6642099573524733,-1.0211680736876592,0.7359699093570691,2.1018763816851376,1.0454020366678667,-1.1594067548294156,2.015772733177463
4100,8800,1.555415809451479,0.5683857628299693,1.19562760677656,-1.0203175688238728,1.6690526287516936,-1.875641116310901,1.5956364592712005,-0.8399206291751944,0.24553133360055474,2.104699719581042,1.3894119478323121,-1.26019508550793,1.537989117233341
4100,8900,1.8702267029531177,1.2424651668214237,1.9083665479027867,-1.186527286891798,1.8991263150239666,-1.0672457590005542,1.3270701435331251,-1.237158094698682,1.444856708786968,1.8742166374565246,1.7056539981792598,-1.137919076419686,1.8104303064181126
4100,9000,2.1082296269052794,1.8462315733256778,1.5836870152944404,-0.8070952847208989,2.377649332781325,-1.542723455231231,1.8511250764392246,-1.5906785413947326,1.4712491300957822,1.0460817506586018,1.981360457980172,-1.387434798765938,2.0383826580590974
4100,9100,1.7662989198777834,1.1763568802479245,1.2562702585558505,-1.0935882819983331,1.9231377167941612,-0.8154181070571886,1.7088618056352678,-1.622552056020071,0.8921777185338731,1.098005407875834,0.9435136769224757,-2.0129817953973634,1.9102736172894395
4100,9200,1.0788101473766807,1.3706315469718149,1.7376751700572675,-0.38597750292224464,1.284239536273149,-1.0243193891475957,2.2467363859759173,-1.7581567764305268,1.5683204627273668,1.309396962585139,2.044312549559987,-1.6703509705682784,1.862524811714866
4100,9300,0.9979668870303987,0.9348312926886255,2.081008416806107,-0.5415868042770469,1.2730067520115662,-1.4321818059525342,1.8143036826918935,-1.4670974850362088,1.219075874561917,1.316567689125244,1.3758616350645922,-1.6886831812274976,1.6050271448953837
4100,9400,2.0300000689550384,1.5735286230546368,1.8966500357791083,-0.8385037580230011,1.5948371740433889,-1.3954282539828893,1.7196467036995,-0.8975737290775383,1.286148902560442,1.2340918937477572,1.6809486456486507,-1.6850531493619023,1.2392032206926042
4100,9500,1.6697957749024321,0.9023980233130802,1.9555128800782764,-0.03924256478050596,1.1114733138211144,-0.6488560068590288,1.0863711916689938,-0.9154120282230555,1.9798669428196458,0.9258737675197571,1.046313503147225,-1.7505389816306725,1.2770987106019724
4100,9600,1.4016223765511089,1.33378829217538,1.3416401259547108,0.12770896671988805,1.1745151900399486,-1.738884299250739,0.9144316227914101,-1.2640856038885828,2.0339112117677693,0.8750879931470797,1.4635788590242176,-1.730668217715336,1.2333036250092646
4100,9700,0.8017732159768282,0.30171140352589965,0.9363114127069708,-0.825284021866709,2.384526007425199,-0.6470193100198217,0.9372891677711542,-1.5951801880291987,0.9962747406620577,-0.5524543171956988,1.3843090675509562,-1.4427535132171758,0.6233279824670785
4100,9800,0.5746628161026645,0.4670670331270773,1.4433305857071799,0.26689653103909544,1.0505634606605663,-0.7904499345000382,-0.5182336845662016,-0.33610083184316863,0.712125141479791,0.09214210167238317,0.47345119298229044,-0.9090090548607003,1.1096242549578246
4100,9900,1.4034464163633489,-0.28542086299222996,1.843455888843926,-0.5935982612975501,0.7418844409776085,-0.6507664758934083,0.4394864852571356,-0.2799570808951466,1.2106051971557503,-0.30903645353585674,-0.07394629878801819,-1.7512733437163803,1.9610299946819363
4200,0,0.4992409828836569,-0.5141736689447123,0.1729674438710757,-0.7651132498565016,-0.19475365150729107,-0.02642315598880349,0.3706105791754887,-0.49440483369797666,0.19368526039050962,0.2651482213863462,-0.14809839510758283,-1.020185417341444,0.23210980031235784
4200,100,-1.398192915869354,-0.8893140451937013,-0.6350068180570891,-0.9669039401936468,-1.7851772000248647,-0.6703444804351135,-1.557788202849201,0.706788722937544,-1.4896815289455214,-0.46249109559641177,-1.2528104759406384,0.14274942429137374,-0.38263956620645634
4200,200,-0.820229920391518,-1.2694379524309132,-0.8603172511108876,-0.31714895518114916,-1.3529449921790586,0.1470064561600145,-1.2282221265774262,1.1946085430707942,-0.8687638908672082,-0.4954804817698227,-1.4170633287550638,0.717809308207191,-0.8800748173548895
4200,300,-1.3410891506698146,-1.1974364146557195,-1.665312510233966,-0.7508098712437913,-1.7646772389130505,1.4080630561577077,-1.5737735346931927,0.8219578557313847,-0.9564978074157848,-0.43506837568212264,-1.0988472859584437,1.5308213960378048,-0.6957071076042479
4200,400,-1.8320944502785848,-0.8518947684109988,-0.5622046196332922,0.06959592970374584,-1.2393432731957765,1.332938458367093,-1.679059654088109,1.3090085756136363,-1.3200131496942404,-0.6727838676139845,-1.3556479678705666,2.064953733341708,-1.923365142394621
4200,500,-1.223537697059131,-1.2949497494746278,-0.7396525100106699,0.6720562648878916,-1.6497903406177061,1.0764903090479812,-0.35504210692451615,0.5997003307317199,-1.3924256814363438,0.026965068969694177,-1.349613409260145,1.1399600050827086,-1.3415330897208169
4200,600,-0.5144947789294136,-1.148047453478999,-1.2044155734302573,1.0706256688983737,-1.4093090552718284,1.6312829291346471,-1.2359848786978227,0.8561336800140795,-1.0705651624595578,-0.18467677347498765,-1.0596898512417798,0.3453002088914383,-1.9809510619404966
4200,700,-1.044165824011871,-1.648534820837239,-1.5025465346426528,1.7439776431004481,-0.8949049724210192,1.3945997784561066,-1.0529924752728348,1.6132790040986658,-1.3926814270267014,-0.31575038754092866,-1.6402734307269071,1.5031764231661973,-1.0420763815150142
4200,800,-1.4969093223645138,-0.2624682080486881,-1.046995241110193,1.584904510989838,-1.468754785152199,0.8868560037683927,-0.7790295892148534,1.6700762430320932,-2.1479065822312187,-0.6364699114194141,-1.0337275045624186,2.1312404456113567,-1.377352437522999
4200,900,-1.653233797632671,-1.4489245014258825,-0.9658140870570627,0.8782871274708137,-0.49654071113077464,1.0548388971918037,-0.9178059991025893,1.6661320252454999,-1.3579109003420302,-1.5056228878276094,-0.3039593182480632,1.1015090084732841,-1.256503150068382
4200,1000,-0.32424639328717164,-1.2138422787206735,-1.3525129847248576,1.255770620200246,-0.9417666771597244,1.8485524709203,-1.511368719524852,1.915986627341312,-1.7203764788919569,-0.9863776069858559,-0.8260345393899512,1.41889774575786,-1.1323707776127592
4200,1100,-0.8195076526977259,-1.4586740711716175,-0.9217821895639974,1.1830299875411903,-1.2913304850943974,2.0088143797517692,-0.6444852335482784,1.8141410014679165,-1.2874511627883936,-1.0626288198732692,-0.8927076356300563,2.0820401406452103,-0.7068436503753263
4200,1200,-0.522060187430904,-1.7445901214797854,-1.0744970368690827,1.3338048149910644,-1.1685645754629979,1.7591867578933964,-1.2556521685441364,1.6825086773756355,-0.733695710046743,-1.0365601494581043,-1.1534594761566601,1.603937231600867,-0.6295958199631568
4200,1300,-1.3887927747357787,-1.3814186754042215,-1.2758806738438286,1.2319450112651944,-0.8704407901375978,1.9743636742114465,-1.1999255850043444,1.4597592298902224,-1.5972639394645018,-0.6644948898376526,-1.0654029365829496,1.5942295176467294,-1.1657161507856175
4200,1400,-1.5413656154902986,-1.4811320649035813,-1.3330969287890468,2.048694308060999,-1.402620317432259,2.187825229692618,-1.0434735654560023,1.5530135636825682,-1.232164880366522,-1.0925527760031184,-1.5019593281519787,1.503708433115237,-1.4907811438890275
4200,1500,-1.640454676995697,-1.8090375661220677,-1.620943322632407,1.9262971119574062,-1.7542084091227856,1.9933439809689137,-1.706145359295398,1.634515636048929,-1.8280938630812045,-1.6349382162371886,-1.3119700189540602,1.3536510476730685,-1.0186152542452793
4200,1600,-1.6762881781901284,-1.107859894435084,-1.849328375404244,1.8381022960550308,-1.4417610921343353,2.044940404575461,-1.1076352193514525,1.9212556750541683,-1.1666584382993814,-1.993704704042164,-1.5065858405795856,1.696407909037969,-1.0705367453065777
4200,1700,-1.359195477983946,-1.115209512330053,-1.832583001207784,2.212389458296901,-1.243974301675698,2.6596847524208944,-1.3644799357507136,1.5199186175333301,-1.7376558046158266,-1.1183182671257605,-1.67243304154787,1.4813663615410704,-1.0783575823034248
4200,1800,-1.6657339457593767,-1.6279625581167425,-1.095472143176106,1.881246616005556,-1.9378578407851599,1.9662802224716283,-1.3290659118762869,1.2357686179831775,-1.4432182640210096,-0.8299831544280563,-1.176341827446382,1.179622907798157,-1.3104767792907301
4200,1900,-1.338732070543977,-1.206010524761254,-1.7027940830732857,1.591329550706444,-1.9389934710743812,1.642037449267762,-2.128208597301417,2.033534858365205,-1.2576917527707066,-1.3604899067027025,-1.786130271140743,1.2420497075190458,-1.510485648699998
4200,2000,-1.454170528786802,-1.3333303666906906,-1.23751142292288,2.11274977381393,-0.8833779025360265,1.7719047121426585,-1.3304204312853702,1.161636584002856,-1.3527644089744837,-1.3231794700247301,-1.4059976186772578,1.020659463513231,-1.5817561988274775
4200,2100,-1.1063999523291383,-1.2695988514886452,-1.015379339423411,1.7673185430960336,-0.8042569660716341,0.9745295945858962,-1.1652927160833062,1.1973234067066825,-1.9477053592,-0.520582881509813,-0.5995790280846879,1.3056651270284878,-0.3262712256906119
4200,2200,-1.4254841900017237,-0.7173605259773176,-1.2213533293904588,-0.2394126650418771,-0.9843987980634918,1.6969688142443877,-0.8436568057521165,1.4972297866387165,-1.8132562200277924,-1.1144173256739607,-0.46178089637122044,0.7722409603461472,-0.01831559313340114
4200,2300,-0.18638640592687708,0.8254865215193369,-0.8093266643138161,-1.0079949259234557,-0.39249686505439824,1.8053691593681966,0.28328212310617834,1.4523689163028888,-0.9834532172971154,0.5355842664383333,-0.8976544401038645,0.09285900415374615,-0.6070160351520848
4200,2400,-0.8693099448580319,0.10761165541166884,-0.4719171180039865,-1.085620524907407,-0.36835398149688575,-0.05374693983173664,-0.8715644051530059,0.711432466753244,-1.1470465129185075,0.626018582038614,-0.9730861404517841,0.6673825591940038,0.5118586603843085
4200,2500,-0.07166805225540612,0.43005086336554094,0.05120927525037813,-0.7923295240032372,-0.4799332199167813,0.9632490273230351,-1.036254623778135,0.8101918947723842,-1.319319260906352,0.25374696213364367,-1.2073406212377475,0.21499068830227205,0.9701883336896252
4200,2600,-0.9074237294723061,0.006737895143427159,-0.2920799327471445,-1.5353684309967304,-0.4798643068716518,1.2415735205488196,-0.2587342502491877,0.21367025761663597,-1.2172942707720027,0.5871020741814071,-1.1496613998311942,-0.5334305678884413,0.5056458805066261
4200,2700,-0.037851620754351924,-0.25104366525677274,0.4733650964212819,-0.39658337289023204,-0.5246511917191976,-0.5612606562269093,0.3700622301868093,-0.7619198946761419,0.715738015311168,0.8264654982864388,0.38687302487483083,0.2412084342641753,0.29348590408402453
4200,2800,-0.39821323748881793,0.8587914254643724,0.3337611610777467,-0.4857386195504956,0.049912324764460246,-0.7265443978852061,-0.792416788655625,-0.6130185142105601,-0.7627018131897721,0.18884446205591965,-0.05409154411789641,-0.5485943760129719,-0.42589687910768564
4200,2900,0.6319925908849484,1.0457419814581648,0.20718153749709953,-0.7497000085921613,-0.680675017832916,-0.5504610163411665,0.2629277572546078,-0.24395068558988892,-0.5524854256333626,1.514062762144202,0.22756093880514544,-0.4070611489453958,0.8697149936419395
4200,3000,1.3173330325001964,0.6220273966914505,0.7456398441247175,0.3419224832057152,0.8833342902633181,-1.01720306165311,0.9362548433070912,-0.6100066375486912,0.3286572949492311,1.4088908369512863,0.5187899340154402,-1.504611313341153,0.17103644794209952
4200,3100,1.124814223630446,1.5309529302319502,1.0825185841550506,-0.5831606483240294,0.24795902530722336,-1.163109808497256,1.2831048829617497,-1.1524747222606397,1.037295779597455,1.7027877454371927,0.8319198509999567,-1.3849213371930138,0.3927856477433925
4200,3200,0.7063860822130249,1.293015877863632,1.6867915722614453,-0.2641796626964281,-0.014525830806653563,-1.6470165768408263,1.3370190696319713,-1.2297890994317853,0.14038874235378476,2.1480138395075414,1.1506287905501984,-0.7645871424929604,1.5165791339441712
4200,3300,1.4824042037098848,1.535395110831013,1.4392047232016112,1.535390710604123,0.14286960672322224,-1.021967034810734,1.725274120139528,-1.4703381049447113,1.2859000075417262,1.9354079470920151,1.3967297697089838,-1.5548872524005486,0.45830302920306504
4200,3400,1.3887361281132082,1.8353643332479495,1.4530225759725068,0.8517570267026889,0.6641642279661525,-0.0969153115048014,0.5195051916347014,-0.5330750708935998,1.6047333450221775,1.734450563239257,0.924464436159789,-0.620743629912811,1.4912123666210184
4200,3500,0.6413738788201959,-0.4871799814206504,1.032237735676237,1.0725405047217413,0.8233513083240913,-0.3076150587119417,0.8841669095394156,0.585829376432121,1.5022871869730936,1.6840306992987968,1.2911027289614745,-0.970244264710035,0.27847018618566866
4200,3600,-0.14668345963617885,-1.6009630347689807,1.494703493595989,0.69231444704821,-0.3391296334594009,0.3894601425515243,-0.3631935606497672,0.6885894764334314,1.476250800835824,1.4317167298543902,-0.5915694940225585,-0.9271112135695881,0.33906586169916647
4200,3700,-1.3777871613645827,-0.694944298733687,0.9457827458286137,1.5812252290305089,-0.32695817634126245,-0.3965803221143725,-1.1649472306288697,0.3716531998362419,1.6869986388004967,1.0763295344371142,-1.3047596452510248,0.4558630692091981,-0.5072376341656346
4200,3800,0.16526367262375039,0.3932207018382243,0.8400917693194314,1.9796361884455174,0.38891491215281093,-0.6578780748714822,0.17602412442683024,-0.8137384150177224,0.5517646191202528,1.3355288412328714,0.2117609275296528,-0.6432728517468178,-0.6841017594927037
4200,3900,0.8077302242685411,0.5681539368702078,1.9086111549653537,1.4253115779705312,1.6822899507145928,-0.692923059791537,0.9871355924131483,-0.22960823724337115,0.6648692748127596,1.0206067219112436,0.7287290908584952,-1.242901426000347,0.872568119632705
4200,4000,0.5874100378926078,0.44134836785593407,1.55973953749123,1.1061978868151843,1.69351402371655,-0.14359634980691816,0.13208072559884343,0.3022618835962975,-0.023657702592565773,0.813200565541649,0.7779976330109576,-0.49502511066822735,1.0795198060802067
4200,4100,0.09162517484285268,-0.3142779227534247,0.8505489904967909,0.9769936660250126,0.8318070264829539,-0.9098955790863936,0.7987568804181507,-0.6535009746156306,0.5041134896426671,1.445695112654734,0.8724142838533964,-0.8515603284375081,-0.46906003423326076
4200,4200,1.2043208326647532,0.7966313114084628,0.42747776193196174,-0.35949708427100086,0.7948398666548543,-1.0513423976019687,1.1340435641777884,-1.226594325459867,-0.32681013639181916,0.7524596327480536,0.8452279936110988,-1.2289112449028357,0.29234199185403204
4200,4300,0.3185627565235145,1.0487367236742704,0.36458078091669915,-0.0431374880349155,0.43178281404333674,-0.6330742683039282,-0.09521666416287126,-1.6076042079500867,1.1669464898602806,1.269540753318913,0.8643317186609362,-1.1263531175002148,-0.6000621745708314
4200,4400,0.2503171177006544,1.2046468853102383,0.1868884044091649,-0.1956412803723106,0.07207783787443153,-1.4593505161419076,1.3087954316646766,-0.9602659474576437,1.2430405570143261,1.165842196951872,0.7726663024799915,-1.0850689900169679,0.4138555676333571
4200,4500,0.7734833183659714,1.6475155574491458,1.0884288325557019,-1.19734905628587,0.9088117819074149,-0.7045866666566563,0.6048571277849433,-0.5780659476242767,1.0855403468675175,0.875590639917486,0.8705875558776188,-1.056375951136111,1.2290955807034862
4200,4600,-0.011055838126885265,1.1717634409256845,0.5753137475228951,-0.5902126208711457,-0.44200357919996724,-0.4152729878539994,0.0442616904414287,-0.44868175403837285,0.500740584395371,0.5114076558523495,-0.08318733336442095,-0.8382811208916411,-0.21109393272612478
4200,4700,-0.0008629105855048056,-0.009902482521892027,0.5671833016345674,-0.5830847472771178,-0.7207417158283465,-0.9412222231270118,0.1168798277081031,-0.061672552646494495,0.21172399208012418,0.6748157209769909,0.002781681131089846,-0.6886624519356246,0.23873908159098373
4200,4800,-0.21015875767525968,0.9900148644638712,0.8577031181335709,-0.969132693737934,-0.227302171186792,0.059982357737366224,0.28378731022125553,0.4694593084786521,-0.41731644337183305,1.4487576412341296,0.19656928440020294,-0.8124188705645768,0.3932557280454592
4200,4900,0.9349663081466398,0.7430238951746146,0.8252602177462919,-0.4004184300023534,-0.28438238587904896,-0.7419241385345564,0.6721445182850653,-0.7145960809021554,1.017844724996889,0.8918194179965292,0.8533417260437486,-0.6020837154665801,0.9915060062759041
4200,5000,0.6929897885767499,0.8675667145832329,0.8315096874987449,-0.1739566063559333,1.0899242870065846,-1.2114936685362396,1.0384338516982676,-0.2406420301209564,0.3728872703585635,0.11046517784100453,1.4973777644171158,-0.660365328757092,1.5010741484626837
4200,5100,0.36349333409899043,0.8547514621527907,0.8449272537496226,0.31487862419980556,1.190730520555294,-0.6145187074036026,0.8455085606304582,-0.385657906358931,1.3777041239934757,-0.017935603419918098,-0.24383190055667797,-1.2244417238147496,0.7068750245077111
4200,5200,0.3271731436549427,0.7445161537863327,1.1331443523011673,-0.7042561637409464,1.1221474463893066,0.552089693488588,0.2257742101122474,-0.7199101054512221,1.0662940224931357,0.6859847258901287,0.06548766589035378,-1.4821987065830653,-0.2402528558015716
4200,5300,0.3163145481077286,0.2334504362457241,1.8066715358467311,-0.5655523893378624,0.2800517183376461,-0.5045195013235511,-0.04461965881176294,-0.2875252574149279,0.6694334781305865,0.42637571383241774,-0.3640351081368595,-0.3623362616121309,-0.8318209121505267
4200,5400,-0.2367698347718385,0.5162239894300426,1.4252504492468976,-1.2295082899186196,-0.4011900367314184,1.1904919091882782,-0.04556068586695622,-0.5444751148171483,1.1326016339567153,0.30753824000432656,0.24985429264319062,-0.6022994135451742,-0.3057104107003506
4200,5500,-0.6225807754813839,-0.29687986647978803,1.2627929708603238,-0.3405737622214588,-0.6805218354657735,0.38416402537037164,-0.24104746177932684,-0.7231338593402913,0.7000881075169082,0.07478252047279153,-0.34368521388523926,-0.152917869578747,-0.05392995033358471
4200,5600,0.7943439615703639,-0.2860855404204174,0.6384302607704433,-0.19784613160957562,0.8284786999253545,-0.43520926827674505,0.2190997294928894,-0.1873313900311521,0.3874424459867613,0.02177048223290893,0.23680519442260284,0.36496872540410463,-0.5571343496887973
4200,5700,0.04484095517189066,0.10408021146905537,0.38197674045799074,-0.5156387225378356,0.3367566390015099,-0.8385470615238184,0.5353318445006319,0.15935830643334425,0.5747108493842059,0.12524456989939692,-0.2538567380315088,0.05434512482736916,-0.9256555932904293
4200,5800,0.4285334706895576,0.8005452549044056,0.6628569569524091,-0.24322899512595123,-0.6726887895049023,-0.9543306016844628,0.2114021266122088,-1.1452945502093048,1.364216579581699,0.8686022388755271,0.6241982710562198,-0.9504756435489431,-0.4346699275800628
4200,5900,0.8458728888256385,0.8677927103447559,0.9201215080041502,-1.1480987206702082,-0.4701433543144942,-0.5758826216189441,1.2775175578209557,-0.6495351019271118,0.9162707918448357,0.3719167823866083,1.4726931049484628,-0.6350649171113917,0.561382965385626
4200,6000,0.7320680028773239,0.23358680651281324,0.03220066019508146,-1.4133448599899623,0.416033292240735,-1.6424535438019332,1.1334373653755268,-1.0541383919646201,0.21809143410141316,0.571482256278793,0.4097359035000385,-0.6012212372609238,0.27029535246403913
4200,6100,0.3203986688643841,0.5687967921329836,0.9986195244008541,-1.1091899935442362,-0.465232563124384,-1.0769831557419565,1.1931557699687692,-1.841509415145217,-0.22318915365759084,0.7512563745369821,0.13578152964008583,-1.059594477688988,0.9952900705106065
4200,6200,-0.3681095402966171,-1.1961671691968827,-0.9383379154796805,-0.6304437853903139,0.10077183626564297,0.20239311555976244,0.11284228815562941,-0.8247404254801411,-0.3662648929282907,0.8998294376901316,-0.09120623218240807,-0.9110568719402422,0.6300097686418236
4200,6300,-1.0181883329020247,-1.9176313535839935,-0.8115404590481173,-0.587479701995929,-0.8782687012732795,-0.010401734766783364,-0.9077850015704146,0.4857695112551628,-1.528019464278349,0.1358337118524057,-0.7456952955630771,-0.9050012593900486,-0.6636378929271977
4200,6400,-1.010493124923066,-1.2919149929734217,-0.9794155771207771,-0.09748824998745652,-0.9617825114557903,0.257316445980931,-1.2728682535292757,0.1762512433360214,-0.9782969098152405,0.23148513119314434,-0.740491274488333,-1.2824931971314688,-0.548663836542577
4200,6500,-0.7290090860371168,-0.8151476815207677,-1.8530914886018564,1.3298338004266403,-1.8481905455339174,0.6475499253709504,-1.1553121028335531,0.9570523878859318,-1.5572407357756,0.13459020886672005,-0.8951808196680079,1.031146130451901,-0.825111104602268
4200,6600,-2.329715064133425,-1.3202638845561518,-2.117192878510365,1.790966350453278,-1.2959241291474008,1.5100470916269035,-1.7038986467704627,0.779154599754518,-1.209575308155427,-0.3694198737113795,-1.6796958471738426,1.0180901087365593,-1.3245390426991317
4200,6700,-1.0420864911091563,-1.1093071073152752,-1.280040413265949,1.2002699144132039,-1.5699761301283508,1.2593488395208174,-1.7282363502192568,1.2664367896357978,-2.3491120450527134,-0.31632075756651534,-1.3790589871285721,1.330227765306098,-0.9247019004379164
4200,6800,-1.5770817232221361,-1.221088193516873,-1.163213424164908,1.5410673089445601,-1.5449472145008836,1.2664487581762276,-1.1326146738892915,1.4192730641437101,-1.1236854449320637,-0.9685781284144586,-1.4160084203367203,1.0719806543428128,-1.3739153884552182
4200,6900,-0.9355597047212441,-1.2695952466913327,-1.380737752210198,0.7519702028575135,-1.0563198448139766,1.8375665762653766,-1.0537817798912563,0.5819109696840832,-1.2142398088249031,0.2617221964909967,-1.377486819162264,0.8740992919523471,-0.9635834671049948
4200,7000,-0.7394956199807534,-1.154445199139499,-1.4941878870423315,0.8559657476112708,-1.0660461581943563,1.1348016268469128,-0.8505295730220678,1.761721626808918,-0.7861607774897801,0.07601512275264992,-1.4291224302620489,0.8909797519062593,-1.7280143575652658
4200,7100,-0.4917489031851989,-0.9935361468475503,-0.8556546648300046,1.4353818360511719,-1.0654458099866204,0.006597119758550591,-0.4298255880580036,1.146824651880723,-0.4725838041496345,0.5694457292111555,-1.1313655224922254,0.33947627546682074,-0.7001326279107688
4200,7200,-0.3652684283498163,-1.2699376922864196,-0.3536373583948277,1.831271335102107,-0.7647918107890175,0.9127488239392065,-1.2113683894879017,0.3821099619837912,-0.2514001424445646,0.14875013101248022,-0.7875402363489024,1.5084055465234394,0.411142668162703
4200,7300,-1.1288716804003966,-1.380011789778693,-0.6152324322735145,1.3621664111616054,-1.5006589029946062,0.4778644938983015,-0.9787879099094956,0.7868946068680971,-0.9792391893818628,-0.7536577572335956,-0.9237877819789044,1.5729315793284842,0.22201599802800118
4200,7400,-0.9864502483834462,-1.1665946274768726,-1.023125696819802,1.6096233493490275,-0.5225485550569842,0.5253069852620313,-1.9578972386136841,1.5149368766852505,-1.064505447166317,-0.46023580463771147,-1.460430520941573,2.103309261844093,0.25648461300215913
4200,7500,-1.400003167471108,-1.4592888787595804,-0.9148380338749615,2.292520893628004,-0.9010243777228533,0.2913828737191444,-1.3441320787205602,2.006181827780056,-1.2813607167197174,-0.20478741945080708,-1.2817779066748827,1.102258513994103,-0.022657289981192735
4200,7600,-1.4795711014012753,-0.8112695846792815,-1.0858960690417434,1.8785581068786041,-0.8457761833806245,-0.41898847200803413,-0.9892754616316685,0.9671070433084368,-0.5419876869823568,0.36072837739126246,-1.7591210283966816,0.16013393584631716,0.242741523195577
4200,7700,0.14154564200763298,-0.2079943726772769,-0.3256956957413371,1.1870169964035435,-0.3142501393822789,0.4056583463537167,0.31124738406405433,1.2648772800443802,-0.5288835791074809,0.15179159427473354,-0.2741942568682312,-1.0715391357290254,-0.10728373250280702
4200,7800,0.3957459753844398,-0.07516537560962319,-0.8189152538675925,1.5014240891073882,-0.3201093232285153,-0.387684073363516,0.43962441425234444,0.953747818587469,1.0394636594872766,1.5956632039886887,0.11192581959629488,-0.6560003635083682,0.765243772737187
4200,7900,-0.4191215004792143,0.48927166908537745,-0.7867953490556782,1.502711129280392,-1.025590564416706,-0.39987975481604354,-0.16148065233351347,0.5378275909694238,0.9142399558905884,2.0248293377156257,-0.2820938888337317,-0.854822172077326,-0.3184233210291079
4200,8000,-0.5247947579576668,0.6074080863751175,0.093528651052151,-0.663856326140885,-0.2509374448766879,-0.2545386024822382,-0.44980793818766746,0.7263719928822168,1.0906953226690652,1.6426063343022057,-0.737939694491665,-1.002830014252841,-0.14414063003938468
4200,8100,1.2438064062293228,1.126421078472125,0.840037781776737,-0.379690447650887,1.0050711941436958,-1.6837056030288375,0.45717010139666436,-1.1204955431952988,0.6164307956415388,1.1570712729620272,0.9467852123225475,-0.906100035578346,1.3777400759241782
4200,8200,1.2328954490536899,0.5013794995939411,0.6856763558229467,-0.7198655878386357,1.0093567062371236,-1.0115736366263575,0.44453417964795816,-0.968363353084117,1.7637996191271,1.904671931761665,1.2950757193648863,-0.49493614078857234,1.2329523052759497
4200,8300,1.2985379762750795,1.5385159151464531,1.5434454932939172,-1.3312724043047417,1.2179097226529167,-1.1630319708423467,1.331759955090018,-1.093313129654316,0.9343386653352038,1.9956722912082212,1.0051142551676107,-0.5023764662259755,1.3360526917817164
4200,8400,1.2775384191986072,0.6941159353625688,1.7396183655884425,-1.8791300562463673,1.5735737037188748,-0.9410185864334975,1.515736417524324,-1.3996713150479823,0.9398764281213886,1.6099863761085724,1.1791281123826285,-0.9479118202364333,1.4371144983795097
4200,8500,0.994585605784431,1.5501185490856526,1.705770763929882,-1.6510489672892095,1.5720129974797201,-1.1982378127264472,1.3992769455125498,-1.2110558514993308,0.28822571133941344,1.7132104608616308,1.1677564712070794,-1.0243608959511745,1.7060217782272231
4200,8600,0.9893964092638562,0.7624298192841142,1.5736369013444924,-1.0072106443476765,1.3750662565975376,-0.7301637163784879,1.736744350054403,-1.3438672272670413,0.7802838823585384,1.4940530488247779,2.0810677272819538,-0.47398113175719864,1.566824776974041
4200,8700,0.9731852069452662,1.2051131130429527,0.8123218734641373,-1.1737506932274682,1.2960735667534369,-1.3325511863259012,1.7377386996278026,-1.3894360280502507,1.1064564412572446,1.66192361718293,1.3122134338188487,-1.6209414459049247,1.8942374789939769
4200,8800,1.345894472663027,1.1982123976473544,1.2554349161581715,-1.1504117330235244,1.6410220151364958,-1.3368641132795038,1.8770264129154435,-1.4895958480862614,0.6669118640906593,1.8308846772679443,1.5309277672558868,-1.2129924098117135,1.7972571584995978
4200,8900,2.2012904948288345,1.3794427474290423,2.1678506094831076,-0.7654971772138287,1.8472750546318293,-1.0216550780900546,1.3983456744604357,-0.9791750969100039,1.1700751913976855,1.65515661863543,2.036823573596791,-1.5848569974982603,1.2634728701037061
4200,9000,1.5374970642435044,1.4233224083667244,1.1463767032140784,-1.587455316441052,1.5980334723543541,-1.52836090276263,1.3337206650594229,-2.0120120398530683,1.7475419622473773,1.5312155173537445,2.0148378124123125,-1.1891844060427965,1.5959768070300206
4200,9100,1.6544427103327266,1.4455025156367756,1.7596594239197734,-0.8660884976044696,1.693367335415594,-1.270506505769135,1.5663232769125242,-1.4235372605109753,0.5459862084081768,1.3030710843115072,1.8588105135621265,-0.8628172164543572,1.324166820732275
4200,9200,1.4530843959156654,1.525299689520688,1.1605588635990178,-0.5991020659305495,2.1251889943998434,-0.9588841586103745,1.5832879018196304,-1.358686594497394,0.38565819774696086,1.339751804596061,0.7270739216241601,-1.0092424919524954,1.6588456535641911
4200,9300,0.9131051754813636,2.0641119640766274,1.4893737733310743,-0.8254358972459602,1.1460387195296817,-1.4749233804974988,0.964518702072311,-1.107645009778244,1.0851347828933335,0.6583812620537391,1.3719263680157125,-1.7488893324307868,1.0131169796555248
4200,9400,1.5068011466906608,1.9294347480767176,1.8467914051011172,-0.5637011116012681,1.3422481693090398,-1.2350817725608059,1.4157651781329093,-1.1589760891071101,0.911419928783892,1.383722714228157,0.9393012055760407,-0.9666823920525556,0.7108239534848467
4200,9500,1.1763341643493335,0.8706759309919959,1.4624944217752998,-0.2629860755279873,1.5671308908663824,-1.112557485843463,0.4648679347013232,-1.241859366163217,2.2519697650114425,1.0840438555871725,0.023165453056560117,-1.5536079230758773,1.6211148395820862
4200,9600,1.2169022099439226,1.2133233912129149,1.3293860245670472,0.38276075614870586,1.345295817117962,-1.0618022281499364,1.0908892702892936,-1.1776995415911709,1.304792447702496,0.44981874519111575,0.7584804975022091,-1.045421542401527,1.2050401435032712
4200,9700,0.6048308855661001,0.5830352481393373,1.8246828542356641,-0.7550427866968488,0.9408620747794869,-0.4360147149065787,0.9334820550714439,-1.7437845976636097,0.930537057293322,-0.5611868358155464,0.7657056702685947,-0.7658211890238324,0.6895630509465789
4200,9800,0.6393590649079807,0.3300855919151033,1.3551838010361685,0.9821647372786146,1.1687430152638922,-1.340493125282406,0.3074162309600454,-1.3489084443899202,1.5490446103235138,-0.5626246972031164,1.2888090983853073,-1.773255886792719,0.4837141982990033
4200,9900,1.0177898131733407,0.5741276710250703,1.086212300861138,-0.3716504683456064,0.8166490681828588,-0.478783721720315,0.47524458737719455,-0.8176667135001734,1.8163599165308366,-0.6418531974003177,1.1266494595618648,-1.5271829013666203,1.9746820207834241
4300,0,-0.21213505374580768,-0.5938725595360664,0.3914276786480282,-0.040430175003948646,-0.41310931632683673,-1.0356329916595872,-0.12541145481202665,-0.6779590887266131,0.4394467424824351,-0.08789938198231806,-0.0018512655334812554,-1.1970428578170098,0.8550298075470231
4300,100,-0.8191798924699778,-1.050105063945143,-0.8963529485904332,-1.0903565434131508,-0.34953048449029767,-1.0421794852412236,-0.5114866847856907,1.1361815636533046,-0.8498459502598587,0.2057277578734459,-1.239587916196975,-0.6880439324845912,-0.11374511478291377
4300,200,-0.754503054617152,-1.3131828183805556,-0.8002477279220541,-0.9010837247724985,-1.8883613218478086,-0.0197615538491085,-1.2838245914873474,0.8986332218316588,-0.6218766005325441,-0.5550946459898917,-1.0634580357643044,1.5960713161125568,-1.0015430741831937
4300,300,-0.6265148416961552,-1.4018981607846552,-1.3655485279450161,0.21943808008032675,-1.4992299344414928,1.2320271508819476,-1.131070325050511,1.7485313257564794,-1.0555190105859558,0.7167785620999322,-1.2653681359494675,1.6529032508338277,-0.37780566128927867
4300,400,-1.0554919158163267,-0.5257709374810766,-1.2911015148423148,0.5251681022044667,-1.2671275405193554,1.9569753850623053,-1.330778672009843,1.60684815517759,-0.6677089239615542,-0.06067652149582887,-1.5649405986392042,0.9492330363572857,-1.3758908609643918
4300,500,-1.2420660782570996,-1.4894599824924348,-1.0534042099840577,1.197047789569187,-1.409736029258023,1.6003618775274693,-0.644882462465247,1.5919321342735437,-1.4315168277102661,-0.626170752728344,-1.2300013274936565,1.9151536736321406,-1.3296654068494238
4300,600,-1.5373329504222295,-1.696236180154576,-1.4025603651842324,1.3676493448080196,-1.544765925869879,1.3261033444722419,-1.3588296219213902,1.5746718641414126,-1.4249581099735789,-0.7266121201118827,-1.0376950343534537,1.21909889378918,-1.4290962292132496
4300,700,-0.9105398567260325,-1.0129130856571729,-0.8252746328381252,1.3223975205909064,-1.2369598058857678,0.5694359754924038,-1.5017799778198329,1.666827287177648,-1.6807614649944829,-0.47906201109895274,-1.3854228500920338,1.472439763002823,-0.9378403530099796
4300,800,-0.8638590365688824,-1.2373649783526568,-1.1413771586106372,0.8407053029421009,-1.64685806662847,1.1718504797206994,-1.0557451808818559,1.6422490529828133,-1.5318737618030203,-0.22189373266408727,-1.0641463248157825,1.9009328351106372,-1.2502446172099977
4300,900,-1.10298775404961,-1.1629166280834846,-0.8094853167600617,0.8704559986501264,-1.2044220519020459,1.114002290399269,-1.7228896225435337,2.3027833495360768,-1.371807464182714,-1.130217397091073,-0.6080948571289607,1.2904048474767442,-1.2632208326374925
4300,1000,-0.9753602869483623,-1.5187682028076883,-0.4927328424938421,2.198523356485685,-1.3618397522967003,2.262021157893672,-1.1144957341920547,1.7926811078734164,-0.8335281651599209,-1.2096693717982874,-1.1703767519031816,1.9211593948301489,-1.4732608290974518
4300,1100,-0.51827357070145,-0.8997130506789595,-0.9952892095085756,1.0381460681798638,-1.5511724950834402,1.45881997917446,-0.9627161846212575,1.4160615269895789,-0.924267276483882,-1.1923344343703652,-0.5071976765391736,2.2923430986825015,-1.1100395811364407
4300,1200,-0.6725867663730511,-0.9387908287930373,-0.663176631724589,1.6190750995542598,-1.1484958156689071,1.3862721784504526,-1.2492087827684577,1.7075419074925962,-1.0717206535542343,-1.0966269964992896,-1.9311977550755708,1.6545597599860233,-0.786943024729016
4300,1300,-1.2014598773755383,-1.3928120835335003,-1.338603482182084,1.6779855640824983,-1.7832146525422536,1.7519880731088153,-0.7949457519120298,1.8542124957787753,-2.2632521644284966,-1.4110069177310187,-1.2948414559123118,1.7235483838709673,-0.9288800450455662
4300,1400,-1.435175058987658,-1.2638582569522454,-1.422201394880364,1.6955965782471747,-1.0230700783786155,2.140029465199307,-1.5203096004918744,1.7101747495243966,-1.2524248896459662,-1.2871490425107346,-1.0818683003039797,1.8885736847637364,-1.5083226104990068
4300,1500,-1.279992423340507,-1.3585334661847073,-1.8722724336260146,1.7601988278215146,-1.4194428203449068,1.8624401447199657,-0.8690895992498252,1.5545762254405007,-1.7353226006837765,-1.9141894869992735,-1.1237680787108772,1.57617224753243,-1.0674467618176977
4300,1600,-2.081547450622812,-1.9434007593113531,-1.24939795822525,1.817723837407972,-1.3848268160127162,2.157223223518502,-1.5718335358376798,2.048375229066157,-1.6138259839593354,-1.548774470937335,-1.4463898185927957,1.6295215435032022,-1.6038358254565104
4300,1700,-1.3532184841898474,-2.268253120147662,-2.0656033352968195,2.2919589118724266,-1.2756565315717308,2.349186041902778,-1.4368164959665044,1.647274353742614,-1.6762448753903578,-1.4036594453949025,-1.3438876323896825,1.6673158641839376,-1.2208127545787208
4300,1800,-1.5406055866973394,-1.0183139440649895,-1.5842084032649228,1.7505989623372102,-1.2072783850182982,1.8871423013700896,-1.2265792594759193,2.0005226364383906,-1.7373724336820353,-1.5499903934777817,-1.016891043004003,1.502516992377102,-1.7582840512544171
4300,1900,-1.7966576554711235,-1.3973455406038464,-1.2453194207048062,2.1199017299956715,-1.4388788817784612,1.766206629907817,-1.580462636113961,1.9920486843163456,-1.5329613513544458,-1.4367563387042468,-1.530690908751803,1.4307150888135474,-1.1911126307724906
4300,2000,-1.0301378554876297,-1.1592637193562663,-1.3918206941683178,1.842978966443163,-1.155322944422507,1.8389571835345642,-1.5501883839448556,0.4469708524488694,-1.4785899154704059,-1.0039623925469632,-1.4224751093374965,1.5387789066409385,-1.670494285205041
4300,2100,-1.2947562806296042,-1.2743403912578302,-0.8964698780902894,1.6602145774645156,-1.099680642315966,2.161094796418115,-0.8439950778611652,1.1938518404308447,-0.8787574188002873,-1.1450605813419512,-0.8107214587965301,1.8887544455577356,-1.6151144207528436
4300,2200,-0.40798473402188995,-0.5350208906496956,-1.432489063321332,0.8236410172474024,-0.23043072985577184,1.1304876466045541,-1.0290620811323368,1.7476725107907534,-1.2656526030730852,-1.2824286148629607,-0.4293059120764979,0.9739098508150038,-0.7425169649803562
4300,2300,-0.3617115014021044,0.5234744639711914,-1.1676357257154675,-0.2530348256302795,-0.2758250972286501,0.7088454681309829,-0.7386914508462402,1.0696745744274212,-1.108284051182011,-0.8049194874711085,-1.3258053046701683,-0.26747199303931846,-0.6361899102544344
4300,2400,-0.6137530967515279,1.2392832513574819,0.056725258897495176,-0.8791202738687287,-0.30308266569519254,0.5898498724347366,-1.2108257519134542,0.8563080802298398,-1.4750208733692525,0.4573769477908303,-1.33301807521479,0.8781371576653753,0.32568467950707614
4300,2500,-0.2662062617361516,0.5199573462538846,0.19101940186145797,-0.5579047753084503,-0.5493213585383437,0.3349529611282785,-1.0287272404516148,1.1089422050164128,-1.2680007881019821,0.6470747742947492,-1.3039613109538397,-0.09239793397760708,-0.4073598419283197
4300,2600,-0.14373782913099056,-0.038257968241336246,-0.6026679930224454,-0.4991661279693056,0.04025296338024383,1.0961826686536766,-0.8717020828087751,-0.04064661525495031,-1.0356483044994094,0.6041301578857321,-0.9047430785475228,-0.6537334772896215,-0.37819826414181046
4300,2700,-0.25031126398156794,-0.6657505539182484,0.6950286091308282,-0.10338853454271832,-0.5168032408350453,-0.4074245608240652,-0.5071563756784371,-1.0001263388006691,-0.5139940977785632,0.23706784862427263,-0.9301402043223918,-0.2204490666906561,-0.1262744905466234
4300,2800,0.10000899220112572,0.6692583361792067,0.6229344698482633,-0.043718978569923725,-0.46029016599818257,0.1397842814085084,-0.33670398518192113,-0.15317628735131888,-0.9569461046387437,0.8221364039547656,-0.29318060711397287,-0.46307347667812715,0.43365536375379
4300,2900,0.38518842688145716,0.6061985108109694,1.1394880995114485,0.05285047593608707,-0.06711949528332736,-0.9030139977461045,0.8822525153218373,-0.543851001276557,-0.40135515862667664,0.9755237125901727,1.1874693497539048,-0.9448346366362517,0.7005194908938716
4300,3000,0.772241957334439,0.8812271381939063,0.7252265481839726,-0.036005299713048965,0.5785154116016963,-0.9261857301165269,0.9133604653405334,-0.13310700408235077,0.04017780348823372,1.969317341773339,0.9809969060062323,-1.0799191143183724,0.5008830561640387
4300,3100,0.7946012384011724,1.478443721444592,1.3018841047912169,-0.34299752411215895,0.7255623906426963,-1.1039651990355188,1.1598425575639337,-0.5700942113185982,0.7531743766087425,1.4918101548919598,0.5571252863933943,-0.8385842044052789,0.9645102146983182
4300,3200,1.423614304739464,0.29772192189872143,1.6076216342156244,-0.36967535798861256,0.964252890433685,-1.677656651350039,1.4588002800386684,-0.36573082785837724,0.5469403349640498,1.4286473460538964,1.0787732710113898,-1.1829429788106263,1.2508034164994437
4300,3300,1.6421650589382761,0.511636796909959,0.8193916490380088,1.2281753884688014,0.7455056575678626,-1.2758504585148458,0.9657616445910672,-0.10360768092498973,1.498882700448262,1.5336498364789435,1.4073274706249692,-1.0460300303694257,0.7937770574930687
4300,3400,1.6135931218136583,0.7851836510871347,1.053061454344919,0.5937588625426405,0.3540419440545951,-0.3868142154939238,1.0317867969052648,-0.5403075855105872,0.8159278976899806,1.5712995358307613,1.0373987466547712,-0.9447518100153437,0.4942155775656133
4300,3500,1.075409882445315,-0.7941891443215818,1.1815534563981644,0.5835420800620464,1.1946005161646083,0.056937771959143374,0.4032854426027341,0.6985998823265126,1.2851136264494,1.424499873527234,0.7942374646860829,-0.7882330250502746,0.09634337848275068
4300,3600,-0.47362148694774414,-1.1468900216154942,0.7034443167206654,1.227599651670347,-0.024333842709563572,0.05967722067420999,-0.7493205289499137,1.0943830003778658,1.1570107127174936,1.959673273730265,-0.6437996936007429,-0.06365357167398643,0.31931730936070596
4300,3700,-0.8629801087636043,-0.15852542175685294,1.2405033995421355,2.0242885401774524,-0.841918762016525,-0.4099344306615409,-1.4117004133615345,1.1532044816519276,1.4125643286948815,1.273186611471579,-0.8736144154455545,-0.6286228696970295,-1.055473197619921
4300,3800,-0.7951898505170067,0.7624335238904377,0.6583661307804366,1.7449414633370188,0.19668523665546828,-0.9199703072581212,-0.3626075744220775,-0.22861485313214147,0.2899375160628839,1.5637567138281327,-1.54284008904646,-0.6396648489936949,-0.8816384052959488
4300,3900,0.7829407624204331,1.0284532921195242,0.8618438001252748,0.43124402691051705,1.304401633948599,-0.2746885446864162,1.2447979466170191,-0.10989723778017385,0.17003862644366968,1.3839022940281622,0.08878956802438767,-0.6490348830116439,0.41453022028194664
4300,4000,0.22529183934067107,-0.3606421297509529,0.8705226273398292,1.3014757729419566,1.06661585274033,-0.35985790161848225,1.149035513328833,-0.4696897932612813,-0.5130162605400613,0.6952397390366586,1.342794619422028,-0.038300212769762323,0.031046658254856176
4300,4100,0.9662153983839096,0.6865326806483706,1.1092389896460435,0.8727561936271794,1.5300041057163105,-0.2896365379971063,0.5612230832135406,-0.3967543870039881,-0.22047688414957037,1.5467443545206847,0.5155778221986157,-0.588928846111492,0.22427743980731937
4300,4200,0.649510487424271,0.5773025522827155,0.9476897466109877,0.13396810240752102,0.24352935612965027,-1.0206121849652376,1.8635209648450057,-0.28388792715910116,-0.4980442391637256,1.2332093179306771,1.0451545515011162,-1.6659587901942021,0.2768205465412866
4300,4300,0.7515662728573108,0.8868711996269062,0.7750177996307662,0.2790025890161176,-0.007567102341086576,-1.197316728846406,1.0244171114894045,-1.751153439090049,0.22969254277608192,0.9287589475788018,1.628755663377603,-1.145009612312784,-0.5693467425167339
4300,4400,0.3080583717863558,1.317866925661447,0.3646150916422218,-0.5820273350982041,0.3275137800423099,-1.0462981214698117,1.4246716790798266,-0.3019853292920909,0.8909611680519881,1.2655086816896857,0.8233257224584185,-0.9241712121352097,0.44469786383359566
4300,4500,0.2666901037496761,1.3750859449377364,0.4411781514263537,-0.3742154916523779,0.025348163280248415,-0.6001643626623469,0.5384081415920907,-1.0245703469717187,0.7601085726308104,0.78465648208123,0.3701092258420984,-0.19140140473414138,0.29758337625443276
4300,4600,0.1691149550563308,0.8147862697500872,0.7445768086561569,-1.3391497137465416,0.49620139324131823,0.14889907432406607,0.25410398590427424,0.07630593385510259,1.5124167390213181,-0.02000646901133806,0.43471201193023923,-0.7747718433862276,0.15069849813252936
4300,4700,0.703330629173745,0.4088626369370693,0.2325638767699504,-1.643965012238934,-0.2552327386088091,-0.383237441624027,0.08150049619971779,0.05246627236993453,-0.6113947185449223,0.9731490721986438,0.12065171800360548,-1.1254284852433638,0.6883285895556762
4300,4800,0.9421279469559949,0.568206481734203,0.7723925575534596,-0.14177657987542494,-0.7281347611516221,0.009926646812518753,0.8035411763878225,-0.09206587245795862,1.2062833786812945,1.2736595807264488,0.5302068998549084,-0.6000627452168614,0.6696182195223158
4300,4900,1.883377161859509,0.876569048024408,0.9098918071017955,-1.1223033059686724,0.09244893821405333,-0.15750631554765449,1.5310802800102397,-0.3530837696045125,0.8080706811857538,0.596905442081953,1.400370363683658,-0.18604106148783608,0.7895121075113903
4300,5000,1.5153515455017808,0.3951923815607214,1.0515961537357796,-0.8180447919725631,1.3574474449229728,-1.2574275793085734,1.3357657087865915,-0.275344293929866,1.2523083400495583,-0.002641797729559378,0.9176002996745721,-1.2577167940021219,1.2433788934799233
4300,5100,0.8285548681587573,0.7467814811093264,1.494660718510164,0.08993304435359588,1.3073974609061645,-0.39274376787056603,0.9480785529419219,-0.971581931569928,-0.5467328220290065,-0.18167476301814475,0.42875908030997734,-1.1899215943696044,0.2501605375434621
4300,5200,0.2485619276817116,0.6885961719980742,0.9773910111785306,-0.38263003619058583,0.5950866597706128,0.2917304740208977,0.37600053627946506,-0.389394584164155,0.5021939665637281,0.8339204885368763,0.568767517647782,-1.4675530685651803,0.8419107592381082
4300,5300,0.7832013873225622,-0.03369359562501779,1.550584239591251,-1.0456939079685337,-0.19278625321256548,-0.1762042543938937,-0.05763690338703193,-1.0585858893223774,1.1489255129539104,-0.6711053069223458,0.22066719072292915,-1.0003655611711177,-0.2759396389900603
4300,5400,-0.4933630648869574,-0.0023452608982740195,0.7473890592417551,-0.30887477116397666,0.16037841305866932,0.0067823340081076865,0.13002127720073373,-0.7394007889426707,1.132825841183388,-0.19774713700419388,0.21099642321855544,-0.41363111483653636,0.04821383122939432
4300,5500,-0.004966748608775453,-0.08528919251952,1.910904867191933,-1.1281847476353726,-0.3655817512001819,0.21911209093711476,0.10095143981259148,-0.5770230497739561,1.5687105796434242,0.2594398533870796,-0.8357014742856133,0.18384793775050534,-0.18425750364667587
4300,5600,-0.4738640276108219,-0.05356743928089266,1.5470774576697384,-0.528056354324977,1.3153754033638836,-0.16211468973108517,-0.2549225285464147,-0.13614836202538508,0.6818400474272626,-0.29880251789899415,0.3267530483018652,0.42900192340963744,-0.39188581946142625
4300,5700,0.32876970527252003,0.8499587909342511,-0.48802162971574337,-0.4849406128792924,0.6018334632398885,-0.23512858152287205,-0.192240498582163,-0.7762712662296524,1.061179175939184,0.7910116731447469,0.1510679184752146,0.39613607915316107,-0.5397647714062374
4300,5800,0.9391669833108681,1.618872521094054,0.904561651435233,-0.6766300760551935,-0.20583583871102157,-0.2370185364087484,0.5363973496555081,-0.7277650059525749,1.3584832687782806,0.7732153398176389,0.4660162045385446,-0.2918985735916605,-0.616539450875967
4300,5900,0.14302794619239148,0.8550101309637027,0.5433243188682361,-1.4227190163349235,-0.22339785735196344,-1.3239442166969841,1.182345200023787,-1.064159439949906,0.1624674906713401,0.9065441998274902,0.7549015326022617,-0.9119629763317498,0.07945240147711927
4300,6000,0.9431831015030009,0.23268300893658925,0.72348722142548,-0.7343159406067554,-0.19657847217336377,-0.9968246110914815,0.30019489781050523,-0.8838117084343274,-0.6322865239802796,1.1783013371534805,0.4937196324663761,-0.6864653129014673,0.34086958915781274
4300,6100,0.05670382417362726,-0.11573593757955862,1.0921976925384005,-0.8872773524691194,-0.09401843485829184,-1.1062262299186776,0.8408894095300666,-1.0089203861397642,0.47717998066616857,1.1086330956727257,-0.3217811364864139,-0.45578395843690817,0.618149442580129
4300,6200,-0.4283945660642361,-0.602455408094033,-0.287412824302077,-1.2102231251279327,0.41050765276948753,-0.8634813734203991,-0.9090610834578513,-0.7543613068094648,-1.4379546243063164,0.5851656147072953,-0.7501920784536571,-1.1038173476621242,0.24751350583961595
4300,6300,-0.2778867782431386,-0.8619858121327328,-1.3248419698172342,0.27528263883644905,-0.2848224156959555,-1.2556039739184148,-0.2363430830216824,0.5857615171181739,-0.9890177860991831,1.0702169904325105,-0.526288335690884,-0.36713189660062906,0.5143817311164836
4300,6400,-1.328395692866126,-1.0125465628053811,-0.5367113969116986,1.2168938612349918,-0.9624043285991098,0.6383916519441437,-1.8826439679514348,0.3794680068452122,-1.1139453453924408,0.47214475442507153,-1.0878742093747893,-0.17778438459538545,0.5424577135425599
4300,6500,-1.225708501981759,-1.1409565825885115,-1.0755864239679913,1.4069891621865234,-1.2870592851937874,1.7110997131891148,-0.6096198847113781,1.2066849430423994,-1.4259431386917008,0.2562533636654818,-0.825289153238237,0.2591132523308449,-1.056626975760325
4300,6600,-1.4299739274168186,-0.8601992594451044,-1.5187442293674085,1.5355185416357282,-1.313394824267647,2.060165369674895,-1.2253146984533296,1.0602588963515562,-1.024050417798235,-0.9067433303160013,-1.324214353045863,1.0492081372415203,-0.8737338956414064
4300,6700,-1.300836560909154,-0.9700937864374728,-1.4751710668789424,0.667933735532489,-1.4144624314730145,1.65057205917076,-0.9580177210118126,1.1321957280398487,-0.7040487051149137,-0.5798318081079479,-1.0617190666270095,1.6009876488741024,-1.3548306022073249
4300,6800,-0.44284313586282137,-0.9198151627372386,-1.373480506771128,1.6118905697819421,-1.276220369589916,1.2699383845813408,-1.2975274263588723,1.6687269987938267,-0.9797233708410893,-1.0454495370166967,-1.445972794537021,1.2896918012923086,-1.0362217542940524
4300,6900,-1.22701103100401,-1.3995454226467918,-1.4328449242282661,1.3232595652882395,-1.307645449280165,0.7351685008476446,-0.7703187981296921,0.8658235134587677,-0.8700871514213595,0.9003652755632301,-0.8879074672434462,0.34275751657413694,-0.6028039497930546
4300,7000,-1.0793717618791487,-0.9374282491028278,-0.620942787685355,0.7272243365082443,-1.149507794019767,0.12808212575220895,-1.3968726548738986,1.1541251321016237,-1.2594944420556482,0.2142589681044507,-0.7694790064310231,0.5801879264761098,-0.6513746854328843
4300,7100,-1.4141193701779828,-0.9558442488593275,-0.750215512756352,1.3319295936392173,-0.9062643916103252,0.3353332712586514,-1.18412601700461,0.715572062473439,0.08901121453819871,0.414826805896305,-1.0564198488775183,0.617139445915956,-0.49821596935622886
4300,7200,-0.6746549173029843,-0.7210395413074336,-0.7695372390741535,1.5131720028521882,-1.4924661460696917,0.1599189371945353,-1.0468785626766957,0.8194571725487724,0.13250875539765197,0.13575839965562045,-0.8425061802365772,1.7955813512070782,0.3485450261426304
4300,7300,-1.3826132203778547,-1.4993755140229263,-1.395056976925593,1.8629150771313323,-0.29176529947944746,0.28121848198295124,-1.5207004430258377,0.530441521178016,-0.8108780166007752,-0.483676356047395,-1.6785594831106445,1.035038050552272,-0.7646485614252643
4300,7400,-1.2714770165987148,-1.3472602053342018,-1.2355703961342825,1.6730749522105506,-0.7640739665892399,0.5655479594212467,-1.0050902194607443,1.5244760543255564,-0.9629083419566465,-0.9367076070740229,-1.4555125058903167,0.8534827015659295,-0.29708799072748865
4300,7500,-1.7282471500689478,-1.6164443970565365,-0.6803383208896033,2.0080362051459617,-0.832488561738811,1.0591936505079704,-1.0830547857930348,1.2923889429692856,-0.12937002257496272,-0.6188804447014363,-1.3464943753109735,0.7147702808786077,-0.15010081618405444
4300,7600,-1.03096483554126,-0.627069161490686,-1.0507299586085608,1.6848998079524813,-0.6996166041015177,-0.36288193877474695,-0.88629518204532,1.4434987902966068,-0.7518043719856329,-0.4459359524444139,-1.239626625048172,-0.4419904070612811,-0.2081455196970566
4300,7700,-0.1592668963086757,-0.4228017991605974,-1.246338395585987,1.4355047569645536,-0.5962571588983159,-0.3841345839040304,-0.908509383189663,1.396641580570018,-0.045254621142113025,0.6982828731619559,-0.4024527032126167,-0.5850699776897768,0.40320181681466166
4300,7800,0.13036967116532086,-0.8547226472077125,-0.9042295502316122,0.9785662598780883,0.003234577887048453,0.43397466333545226,0.5194476527432667,1.3579401541153189,0.9974617206790859,1.1216886328226272,1.1259557989983464,-0.7344125995292604,0.21589060319521008
4300,7900,-0.1753222074660718,0.03586769007602967,-0.6507300635567607,0.8642197538254015,-0.5306147072305711,-0.9505872662005749,-0.0848732878184301,1.473541608393337,0.8954757906029001,1.4860810877447594,-0.020530984022761045,-0.4240744026709893,0.1072412296899046
4300,8000,0.9898831614374553,-0.0313197286120695,0.7601543536362148,0.16869314068199318,-0.02151104807708639,-1.0983885149940167,0.94766570550378,0.3809593091389487,1.7761307933223471,1.5003042413974221,-0.16242902374126109,-1.8362919323325746,0.08547087788753378
4300,8100,1.8501591317206785,0.8045400937919546,0.4606316213390903,-0.49745689503497703,0.2970463593016638,-1.250467768274995,1.3747702438117897,-1.1287587740426226,1.6568886333074444,1.3736749928710272,1.5283671874623481,-1.1633784756035173,1.4955313565354005
4300,8200,1.5509223525217708,0.984673240105324,0.6532938244723557,-1.2315151542562062,0.9086700283740948,-0.7300619261398449,1.2927070346721439,-1.6647145104149337,1.4957412409190651,1.5195669289439453,1.4831399751753593,-0.5454259273591746,1.0161936825489513
4300,8300,1.1672658065223294,2.04367285113971,1.6520950631364912,-1.1648027050117689,1.4116857662748366,-1.0976674359539396,2.170216052689923,-1.2425556473160548,0.8293478895776896,1.1384185265559985,1.3355301305464158,-0.2759362232321319,1.4696159175052035
4300,8400,1.10647565442305,1.0539980209674562,2.1078677720151204,-1.2572737874219202,1.2140913474150419,-1.5108889053664643,1.9484129022147343,-0.90179529964768,0.25616494624695335,1.4583528908018237,0.7442221502913743,-0.4136957690661147,1.2821450223750008
4300,8500,0.33679716920942365,0.9863916025620781,1.4352650213104734,-1.4837941717934349,0.978145011630532,-0.2638809280336758,1.228193508249615,-1.2215637429816624,0.6635304042966763,1.9581818474995616,1.0073551403691337,-1.2889573255806468,1.161323413288872
4300,8600,1.3103909867109267,0.9040991356749013,1.053277129382539,-0.9702507261064228,1.39230453303763,-1.0805153419995124,1.1675256781412138,-1.645906551463529,0.8147373340473743,1.3744834529318206,1.4102369683042377,-0.7820005249655435,1.957124469941645
4300,8700,1.4717649813862743,0.8044456430442254,0.8990372282408569,-1.6143481953547574,1.170688465046077,-1.9521340716887896,1.4110799747175236,-1.6012017240647252,0.19343986115580458,0.929395507441005,2.0412049645511425,-1.053333809638472,2.2544657791202827
4300,8800,1.4037158912396674,1.1334056762966969,0.969174480549169,-1.205464028477066,2.027662269665444,-1.6260933937022597,1.4968751371063638,-1.4626599689637412,0.3210201966132946,1.7148266527199967,1.3972672821412193,-1.3384705608694265,1.2803157956878037
4300,8900,1.5268566357249354,1.9340702368971223,0.8085663372124885,-0.7965175831996646,1.5423783520279977,-1.2548170162088539,0.8836736859881734,-0.9969784431265195,0.7203776196742027,1.3087627163803819,1.4014449011453483,-1.3520092833999915,2.2670045922433624
4300,9000,1.6318426857166786,2.0128633056647973,1.7328279461635423,-0.582822215007891,1.9200404944868776,-1.3233513469486644,1.2116263334840665,-1.1555352631312812,1.1189314194916835,1.0491070854596736,1.4352422925386237,-1.8290673043779855,2.0939650328041415
4300,9100,1.7914173915602507,1.4408559180820288,0.7285110718286186,-0.3507128736680503,2.1594353108947666,-0.9205499302621682,1.6257297029342048,-1.421664737314648,1.5614610091393646,1.5424785360627524,1.579140554875114,-1.4131714981235888,1.8442043756965392
4300,9200,0.5763803932192977,1.714200249273047,0.4663899263767227,-0.2663061085773207,0.9107236556746919,-0.9041460953960588,1.1274176392087258,-0.8837386549662272,0.6539784331396673,1.418348146913991,1.3644218771208543,-1.2581216513966331,1.7489864448858985
4300,9300,1.1342044432715876,1.3692113878961123,1.1382720715938495,-0.243411921808945,1.9853292339311843,-0.3748091587013928,1.450377500964715,-1.9937932157089713,1.0021474641728452,0.9893090298156741,1.6382046952830467,-1.1844747833632883,1.009916449967969
4300,9400,1.589685164877422,1.3831795231303667,1.3803727699782138,-0.4812968336404435,1.790870169049449,-1.1365386232357673,1.5013730158761618,-1.1480854274706662,0.9023586155712279,1.11395187671328,1.5868583443829978,-1.2766037487592745,2.0800555547207917
4300,9500,0.9020098327335536,1.0484030908121873,1.5643007273134175,0.029021272983624613,0.7948229283577664,-0.6147017779623118,0.5068158751163383,-1.58154635585216,0.8364907147022771,1.3575264780258056,0.5221809914448102,-1.0413943777852213,0.910142820165338
4300,9600,1.0534366547552014,1.1698192402402423,2.3385179505219127,0.4176932434812891,1.5312180673724505,-1.1967094522148192,0.9136847583256437,-0.9266707066930531,1.6846227124509194,0.8932383619220023,1.7891563652351261,-1.3071112188525413,1.1827542998438962
4300,9700,1.0808681346387847,0.8341654291133885,1.2808518245026954,0.7919786815731868,1.5067824262915455,-0.7696713745208329,1.1493828103746995,-1.2272850573667482,1.5377840421928182,-0.5359009101232258,0.953497857657459,-1.3231126272755118,0.7222556475824635
4300,9800,0.10856777177873303,0.6195493570429682,1.7706187702917675,0.654253609272348,0.7007601234964629,-0.5764376817342289,0.23423495291085322,-0.9286620548543778,1.0747640523412776,-0.4031428693391017,0.6959256135912671,-0.9773222952939692,1.576350053961043
4300,9900,0.7243073237134959,0.6200662483149344,1.1508103417032292,-1.325244628021072,1.6994208693252448,-0.8905428461790679,0.050010462089190647,-1.145879747278727,1.6743131600283225,0.3948505228933391,1.0019505177837071,-1.0495427996808318,2.25058156002991
4400,0,0.25466149284110423,0.05296697159458216,0.7067064762757332,-0.9903267450136776,0.1269144755553942,-1.1438545521274066,0.2982151840011831,-0.8739482917563726,0.21386297292711454,0.11382814778268639,-0.2550279931756934,-0.8496419073649549,0.5189741263514216
4400,100,-0.8904357628187685,-0.37402118157261366,-0.47209675061438955,-0.6875260866997898,-0.7283423075313565,-0.5052407328763496,-0.8090596073582931,0.9793662378579079,-0.7242697538582923,0.3716255919184067,-1.1603566205781881,0.012284893085246636,-0.4050631481592533
4400,200,-1.1240431750437807,-1.2752259610148198,-1.427372438182461,-0.9888306168096183,-0.9585926675723255,0.4016004421680114,-0.999881790361075,1.733745512762801,-1.179095246190262,-1.1844016469961356,-1.2014148281691137,1.5023506144363,-1.0303956875908518
4400,300,-1.2668511063222085,-1.0618296444795672,-1.7679089160569155,0.2863676010830942,-1.6664395329929311,1.5095201739320014,-1.5455217793746103,1.513612798204107,-1.0501536786409882,1.0911712410067342,-1.2058443264070209,0.7213056749282211,-1.2825349299120066
4400,400,-1.5643944345983818,-0.44702386014451795,-1.2192538521340934,-0.35647232981137633,-1.1183200706787682,1.2366967943838114,-1.0809101634310088,1.112463622222297,-0.763448845000545,-0.409300148382833,-1.6339995512410397,0.7837138882924439,-1.2180138803403013
4400,500,-0.9238495466435193,-0.9508228445545306,-1.4971737757980494,1.5975748627916875,-1.4071941822220124,1.251425313806365,-1.466035186885077,1.1981348205071436,-1.0276402955760935,-0.8040261937155945,-1.4119395194785889,1.7081420408738337,-1.8633748902228633
4400,600,-1.3019092307000688,-1.349539760593714,-0.876959018580011,1.4945859947878164,-1.5073938165845844,1.956962033175749,-0.9176333561367818,1.3940828712578737,-1.1437380281433913,-1.0008418494361297,-1.0336363136818771,1.6128300325435896,-0.5757598716926614
4400,700,-0.5187486216515118,-0.526676380938424,-1.2264740170007564,1.241903099667787,-1.2411350218286061,0.5008729205170681,-0.3531256808577635,1.6423237033920823,-1.5839729397963407,-0.5920285658580198,-1.5587195093074098,1.2751837799877186,-1.09111769264019
4400,800,-1.0397295732447431,-0.6083897619349065,-1.1493884545405488,1.1735927750296546,-1.6915157312796092,-0.0069128427053979586,-1.2128718916058108,1.9558410523792804,-1.5086723832634965,-0.7068812287060147,-1.2932310770613231,1.4053749845062629,-1.2490339201526508
4400,900,-1.4995477961268546,-0.9173166682714476,-1.2719881450435049,0.3281231502005129,-0.05243201365038926,0.5327447481373929,-0.8812791929324553,1.283593446017031,-1.4620673023299102,-1.0382521773707802,-1.142848158433912,1.7767319583187398,-1.5403159591089053
4400,1000,-1.3562860683157099,-1.5011349289235891,-1.054977374267741,1.1192509150557368,-1.4002531601119816,2.3388095605288832,-0.8729076140608429,1.4427567710076035,-1.6001814222322306,-1.6118513991340062,-1.2530104453851956,1.1166463540465088,-1.5479350067300774
4400,1100,-1.5020052431458888,-1.1897364341162444,-0.9085580447299734,1.6061718106355711,-1.427776651169632,1.6457245910454046,-1.6187093865013136,1.488861725251538,-1.9114379496334555,-0.5894873325746053,-1.1347156712467152,1.2643740228300673,-0.8577811658001644
4400,1200,-1.1413634252530793,-1.4521157561315168,-1.282702161873956,1.8257596099363709,-1.5661534998617617,2.3477935665418426,-1.4978247237465203,2.6104915801391577,-1.207548157250896,-0.3787920964491142,-1.101091157687527,1.8539266363672862,-1.3799160632882124
4400,1300,-1.7806324363198585,-1.1106575340590046,-1.2857064348234368,2.3327761889079426,-1.76031976284609,2.0777509830464367,-1.6443295060775678,1.7434009391473837,-1.4015902540586493,-0.8541205204622355,-1.0575875159105175,1.716723695689395,-1.414145680001481
4400,1400,-1.0749909348113282,-2.06584619469803,-0.9258941809112964,2.4693794594952965,-1.3791008432494587,1.823406120040745,-1.0021715153581798,2.226781908504313,-1.3913495281201325,-0.7990252112768508,-0.7742951280961651,1.7058687551678524,-1.6412887907755203
4400,1500,-1.379571789323611,-1.4265233214867257,-1.6205323460521863,1.3579396556156125,-1.2702581164191773,2.0717462700179055,-1.1704368262093527,2.2343837938706095,-1.4092464947846999,-1.8734681381878289,-1.2969926950242447,1.7172726000121321,-1.6613768284030088
4400,1600,-1.337600548939258,-1.22987858152061,-1.5424617470264625,1.981504815207974,-1.048445936643245,1.7765792667563762,-1.1618952981710384,1.2482689461678464,-1.6841840024316792,-1.1620117415982811,-1.469001952101493,1.9202318391351392,-1.3913855664811867
4400,1700,-1.5545531954642346,-1.4150754974975377,-1.2051872425990602,1.5653475513509703,-2.00240598511907,1.818622749290274,-1.5285349146434406,1.4710407167080484,-1.4564490103524654,-1.87308226971669,-1.4994126467577982,1.9131150952219098,-1.1738526875203315
4400,1800,-1.6240912538518872,-0.7546393594664207,-1.6425811196089126,2.3244596755185114,-1.3381254322128946,2.500723668152116,-1.412286380590213,1.7993213604732372,-1.8315800484025728,-1.3559508312619921,-1.1846815661414227,1.8903573107631657,-1.279577260589282
4400,1900,-1.4154715956549333,-1.2968550413111428,-1.460558955182016,1.9135708616343607,-1.547892478258313,2.50866032652283,-1.4095089321527539,1.776465352802586,-0.9146892429969702,-1.257624456475747,-0.7876406423868497,1.4307715843766864,-1.152764285524537
4400,2000,-1.4962166440517797,-1.7059883664396984,-1.650506632640347,1.1544139259619794,-1.4207900365485444,2.331447378991116,-1.3591848928792365,1.7369626175364024,-1.0894371986991256,-0.9108133580958343,-1.7100426959315012,1.1847555867233572,-1.7566455350373218
4400,2100,-0.7294981288815168,-0.79147840758397,-1.1693047194123511,1.1322546222580099,-1.497239855481806,1.7921790475902841,-0.7016739217789543,1.3312105856018148,-1.2734335551441978,-0.7426696633040878,-1.7318552573089816,1.4765885170770268,-1.1739117591203958
4400,2200,-1.0553746449131927,-1.1288309380828783,-1.1658357236544579,0.2519657575874951,0.3316730307794891,0.953082001374046,-0.4055182538564165,1.5485152826973099,-1.0827390379917798,-1.5632825245568924,-0.3847446584581619,-0.04152431692945415,0.04722799331652541
4400,2300,-1.248930574395926,0.708060617827044,0.2770185418363043,-0.7180873160645282,0.21533115462700866,0.3724124861075685,-0.8395414434250443,1.6728969898823463,-1.5996848372230514,-0.5825090522779321,-1.2477208601776484,-0.05643630001271052,-0.8045767163677107
4400,2400,-0.4997537414541612,0.197644643619255,0.30141600998895696,-0.5392334629247441,-0.5010886236185961,1.4857939663072381,-0.9328705616648482,0.9235794852312876,-1.6514003527598426,-0.5723004383896293,-1.0984358224573831,1.109438471381203,0.6683561598503502
4400,2500,-0.25748645367860457,0.2897354555893886,-0.41768320472390436,-0.9593080793870579,-0.15768047934261561,0.43624382893886887,-0.021815233910509813,1.0100199554232816,-1.470079944041754,0.10689180995934884,-0.6375528260009378,0.48846402706508657,-0.15496271457384936
4400,2600,-0.7979550263956997,-0.9893027405335899,-0.3198899572584644,-0.22881890174959874,-0.2610623295547205,0.3927686362921538,-0.5565968665451521,0.4856850297211309,-1.6256264223320505,-0.03766600570053529,-0.31356536406680435,-0.4626401731412508,0.20580203064548658
4400,2700,-0.5454261643323951,0.01209115586507781,0.2855118282231554,-0.7150862664377852,0.4807388726945691,0.21565671693020427,-0.30552998982062934,-0.3599033456506174,-0.4637531506347522,0.5727558475183948,-0.1411052079947082,-0.32152474934048486,-0.08990588224075809
4400,2800,0.643984464234871,0.9617278140423136,-0.2476966442379976,-0.6011769093316142,-0.4788283089458595,-1.1316645753545926,0.6977140418136966,-0.17301386033682017,-1.4313009153154752,1.7199779227802454,0.9166440079888138,-1.1086757505989178,0.5934174611922759
4400,2900,0.43037631256864717,1.219383305781464,1.2438467234875399,0.8386101442604894,-0.029690192780124657,-0.33802073809459643,-0.07383158118873238,-1.2177021033708564,-0.2654399875864955,1.1411662670240776,0.9097184324423169,-1.1987813575406185,0.6617406185302234
4400,3000,0.3184084297112213,0.3399723165415984,0.7111005435487696,-0.5806949159065565,0.1456402286861355,-1.0579212336237103,1.2908375444662692,0.1996287363850371,0.2957119933876467,1.3112280695916616,0.5558127541361128,-0.9841710795254226,0.6453087585541274
4400,3100,0.9137967466734406,1.3173020870736627,1.0005563413630896,-0.5563264416453396,0.8701894250172687,-1.3394170562543604,1.083577915066682,-0.25970821457043247,0.9000149818599192,0.9383476492773741,1.0748867751536377,-0.9764849145612157,0.08640157863657999
4400,3200,1.0133302605398338,0.05994195657440608,1.0520716331931121,0.8099665304238464,-0.3025515216025191,-1.2462576020514122,0.7669328344715678,-1.1018135500447315,2.156251942351376,1.0692391274861883,1.631359314641728,-1.2038177806317463,0.8092501299577298
4400,3300,0.729941006216174,0.7566851725547356,1.0345646892753597,1.1108659841704187,0.47810189830501826,-0.5171916252222089,0.9001221546718905,-0.6666947867883846,1.4495187333315536,1.3313544804984225,0.6246421773031452,-1.3160089114743994,0.528113244875972
4400,3400,0.937598637499103,-0.05582675421980629,1.53449573775081,0.9387335638435538,-0.08046501490269156,-0.43360237785744443,0.8877923744656485,0.09998687104194005,1.3532544156072495,0.9256809707121697,0.6956559564512853,-0.4235957957728789,0.38384975792352893
4400,3500,0.18107863641314825,-0.8156722494323222,1.5751853916356362,0.30423852029422943,0.01357426653735003,-0.4325868823306741,0.21090441772729507,0.8293009857633316,1.134812487756933,0.8789582225613523,0.3903396338954066,-0.9278987727510236,0.003770236206198999
4400,3600,0.10466820700183267,-1.0139062649209856,0.6672380304959545,1.6236863128386088,0.2747353119655808,0.03136340751233851,-0.5144550311235666,0.9010826312195304,1.5776074871631836,1.0809391614298511,-0.8936612187130494,-0.37265378215157013,-0.4097250569004275
4400,3700,-1.3092719513737834,-0.5419745655538217,0.7430846890897054,1.87339782665833,-1.0693052065682918,-0.5476756004089833,-1.3295524213602472,0.6220662195505399,1.1188316250859576,0.9679698491180515,-0.8596294468209444,0.3353703880071123,-0.7125029067152044
4400,3800,-0.6483799243751609,0.5156748901390017,0.5531768799161111,1.3521647018778797,0.14125623989472574,-1.6994851542664375,0.006847496268805652,-0.21906177125091514,0.6723432212140997,1.043916466498004,-0.6141663660390604,-0.30450330984921037,-0.34400378604155407
4400,3900,0.4139812398669724,1.1617532749276427,0.5349116917343937,0.9171714530181307,0.8260162916921864,-0.33714361296231077,-0.30950264704748015,-0.6653495887100648,0.05903463023582049,1.624332981361943,0.15214033544254432,-0.5263914744165523,-0.21301738248186183
4400,4000,0.6422507436864352,0.06559715897650988,1.3604038976845305,1.247151171374292,0.6997251325842353,-0.9958535075473506,0.3755428456507623,-0.13624952313549007,-0.17375254890950648,1.0021846061215582,0.5959076075527665,-0.6406490020217966,-0.11205253120620794
4400,4100,0.7227837077769301,0.27868978702914704,1.2681905260084996,0.37309478333806995,1.668863515980427,-0.3723739093329035,0.8297227879875327,-0.25383558093911884,-0.25146487160829384,1.082577733674328,1.0640042162700818,-0.5088001949554446,-0.6663445941397124
4400,4200,0.41707238248801126,1.9113079002756717,1.5639756976082047,-0.6301721926836599,0.11662032230862414,-0.5196725455633026,0.8439443916896123,-0.6000113213331784,-0.949797978886358,1.5556021538813345,1.2787175835839366,-1.4881493763607088,0.6972970634964508
4400,4300,0.9154890303342851,1.3364373929393953,0.6398620263856133,0.6219028860980172,-0.5122093875825596,-1.0962652531156618,1.577853655182933,-1.241725427469575,-0.44250323895172544,1.4920385272989078,0.6144106375681527,-1.1574317935609426,-0.35740546207725943
4400,4400,1.1668621211583357,1.0630347093546253,1.0708733332821188,0.38691675465873426,-0.38715955860173734,-1.1731037140392258,1.098900528390552,-1.440287728664717,0.15344417803832236,0.8522164460360465,0.8609442405089885,-0.4014654806390165,-0.014917425116542508
4400,4500,0.48872961539281023,0.6582130096617379,0.21329189031347576,-1.2070067775534745,1.0240077110753945,-0.4987162209960714,1.44429878957247,-1.305444732174454,0.6025332205881695,1.4696570403335958,0.8921086399738423,-0.7494314399127254,0.5225966904200816
4400,4600,-0.0429389949277034,0.7321519382708043,0.9887619624224079,-0.37659820514829145,0.8167715654164543,-0.004216721639228256,0.8599083567696102,0.11704482780079188,1.779222379283109,0.25236527216705823,0.3486085788747821,-0.7048280581383095,0.23213871416935244
4400,4700,0.053083930231554784,0.45252634361762345,0.2832114401409499,-0.38812839840991015,-0.06920830515478475,0.07144024952107847,0.8646317339450404,-0.19221454280285907,0.1529471737985593,0.9739394923397457,0.3423946177887306,-0.08364321203146612,1.1925938455508214
4400,4800,1.3750539230616037,0.7594659949994196,1.2599441239014502,-0.9009841405429511,-0.4378022966824024,-0.06290860979065029,0.2662167699965387,0.07170409711151365,0.2575016934879857,0.8379546401940008,0.46276902715570806,-0.34708982628551693,0.9105350210844315
4400,4900,0.9258382005187634,0.5250763977127456,2.0046775788329985,-0.8081281409641126,0.19116897400884614,-0.575596991077612,0.8830620280033441,0.1518458856826358,0.9434285877554694,0.669723429206284,1.5149980667663172,-0.14947569773648445,1.3306301090799164
4400,5000,1.196968874239555,1.1678326284110174,0.6923482608943106,-0.31938963166781686,0.9097025220086661,-0.9521132390778612,1.5064316629451415,-0.24273499823448458,-0.24923146002719,1.360076711571999,1.0970729044413203,-0.9351276106848747,1.529884751587212
4400,5100,0.3062460427018239,0.13695039784983312,1.2468413384300854,0.14490667556389475,1.1108034439737855,-0.181963782735685,0.22525692941196496,-1.1518576762714232,-0.23062201761592843,-0.3075607220450385,-0.2569590106319171,-0.14924289912508182,0.19548596275288904
4400,5200,0.325988935001788,0.2713691800920465,1.2975615331448718,-0.34628537085191446,0.8574892013428133,-0.15516131485253967,0.06199586668071956,-0.748772895848395,0.04092945019506975,-0.19976139943388224,0.661820535663834,-0.0844247353487887,-0.08843797548601191
4400,5300,-0.2519196228653909,0.034876583663281585,1.2563879499505213,-1.2581187016521924,0.45746316692190786,-0.2623419552987639,0.13722094039153068,-0.7124686612931843,0.7050708172238818,0.6037481051209427,0.04308372466097968,-0.45583136979160543,-0.05356770867156369
4400,5400,0.19562662387262975,0.3442826980243169,0.6408002372915792,-1.2776457660501417,0.33223718600534063,0.20359211921944997,0.042206144688300584,-0.9697383911214617,0.6015570775630615,-0.2703354773130888,0.20882483694089213,-0.1642223989850038,0.33987614752330025
4400,5500,-0.11238091253353663,1.0824202467076014,0.9736835050442247,-1.010352871669851,0.5918149221812739,-1.248058299307545,0.2731799912807435,-0.23600094928298776,0.11367158416733766,0.3800619818209625,-0.10468084846254441,0.19288861143554895,0.40836203937598814
4400,5600,0.025026245203877945,-0.10680189096822751,1.113925703062767,-1.042560574992996,0.5999148259889585,-0.1632652231647444,-0.6420486732460474,-0.5524162769272064,-0.06958087810325579,0.1797475364135773,0.04121080186844735,0.9136129270093845,0.3015198003695088
4400,5700,0.7253783621814949,0.6099119777139447,0.8144077158870774,-0.5896303590780367,0.7375132451689593,-0.44320708679635273,0.8238323660964643,-0.8720410589792045,0.9035193522726293,0.25950483649659145,0.4943397239536791,0.3911518029503394,-0.5137294829313422
4400,5800,0.5345993101313297,1.4649875912941515,1.2275972810789129,-0.2436606583323194,0.05568025705539609,-0.5513272051317502,0.4433997320656924,-0.6975565816212075,0.6247770263626111,1.1393108459076868,0.8646886358066633,-0.24629888550147488,-0.00950767790122381
4400,5900,0.42078591061941156,0.6090969129703704,1.6408813883653515,-0.9868000854087827,0.20819973589886911,-0.7057670709389806,0.609719762836108,-1.3102494780040974,-0.13467601202351798,1.0516071851808755,0.5401676924106579,-0.17558150672319103,-0.2540495108136016
4400,6000,1.2473779443666075,0.8983695229373744,0.5369628647028131,-1.0168615365092533,-0.24682690579455868,-0.8041656138239364,1.5521404568830435,-1.156283333863166,0.5813084112186044,1.700091694257124,1.0681220019680193,-0.2854055959953114,-0.427202995432605
4400,6100,0.2583426085661482,-0.4790917866535379,1.0972148852310177,-0.888878752759895,-0.4551368460745088,-1.27083996502484,-0.12626384217450573,-0.9387339556287998,0.020203282257244812,1.5202542734615558,0.12268061820032027,-1.5359373600011346,0.6641081579013784
4400,6200,-0.43685288553246693,-0.6302589850769311,0.0054915193216890715,-0.3469701254637243,-0.23945490776807823,-0.2518892527166035,0.053852472085494124,0.12279133399740721,-1.1182348414734504,0.9679762391862972,-0.5036899366368639,-0.3916938100903344,0.7223787473473858
4400,6300,0.07370551310268733,-1.1496196487829486,-1.5287454211043874,0.03685162529337474,0.06549333975834941,-0.9980996382369878,-0.7972859782385793,-0.03680977499700772,-1.4176375164040584,1.085652517603204,-0.3631580471954989,-0.44076942460812707,0.17717828173832287
4400,6400,-1.4553883535820862,-1.6374983106561731,-0.9859770632378697,0.28920838212092687,-1.465677270897821,0.10148299238850836,-1.5994270300892617,1.326927912237673,-0.7334008191639646,1.6689870909333997,-0.9053673486429477,-0.15861697115615747,-1.043403642558421
4400,6500,-1.5091016305772722,-1.0883235609674549,-1.681890143908384,0.561477083255989,-1.0813358556338342,1.0728255384770236,-1.7229852783435722,1.1216789532898777,-0.6203223422854979,0.6046857680109459,-1.1840266689056718,0.4055945241548048,-0.8502890962282142
4400,6600,-1.252893080071294,-1.1261638582642939,-1.4784476134808502,1.08280391803244,-1.1967109113117824,2.0627473873732938,-1.044741198284945,1.1588084482515117,-0.7197431406337541,-0.48297176953325643,-0.5030518917721595,1.0413327417489344,-1.512226501035787
4400,6700,-1.3067733830993067,-1.303014175193989,-1.5111292207119407,0.7744360806167481,-1.3749131677959399,1.3850781189556907,-1.3464600833733427,1.4909206762630305,-0.3952715425490092,-0.8444174613592633,-1.4332892174966372,0.9846910818790832,-0.9169357515216602
4400,6800,-1.4145887199573899,-1.1940442037902357,-1.592586350522289,0.038268384846618805,-1.451437367236312,1.5079337239401407,-1.2381667610761848,1.7985028885880376,-0.8829689871665627,-0.28073634196828,-1.3166171454984315,0.7452739154586446,-1.3188489552406562
4400,6900,-0.21509612409698095,-1.1559967727741771,-1.2664123856021785,0.9795278042671185,-0.9264693835036352,0.8405538599097682,-0.5833601636101124,1.2793147652739356,-0.4459706946039896,-0.5869318444509034,-1.1620863428532753,1.254943135400282,-0.647975972796846
4400,7000,-0.6009893014772049,-0.7200443291451377,-1.0188042768023855,0.2877244715547249,-1.1067749819972423,0.43832215869809477,-1.189074760551575,1.1558552083822675,-0.7369389772854298,0.4545647055272981,0.01474886534882446,1.3684493413248209,-0.5245003317939666
4400,7100,-0.9875163773537634,-0.8403325391335749,-1.2509517700692478,0.7740593779817564,-1.2725473523403663,0.6752309071133101,-1.015414520982733,0.9843817526852062,-0.5996257336206653,0.5752794959351454,-0.9604336227929818,0.890976053589515,-0.8673174824838784
4400,7200,-1.4443041487456523,-1.3387858845405984,-1.6289316634842614,1.9713131959783472,-0.9976038428007984,0.4042510575905253,-0.746095488350505,0.27224413102497724,0.0250315777703778,-0.12673018252319518,-0.8484224283575058,0.7802724205562631,-0.596472776513804
4400,7300,-1.293784036021971,-1.6868857203175172,-0.2803553728046825,2.5600845835129764,-0.9774574010410139,0.3443019134211416,-1.2821272452661405,0.36285707778420895,0.12743880649962092,-0.31374537602055635,-1.1279648064736705,0.6544282008952863,-0.12237095606743417
4400,7400,-1.1456236002523887,-1.5894150894515315,-1.0629150973324526,1.620627942462557,-0.6726061319750107,0.6664277121713666,-1.17434875649345,1.3738188451910622,-0.2955259805627505,-0.8472133184624955,-1.2033736571978506,1.5090241030664153,-0.866952528023613
4400,7500,-1.5404822680114263,-1.3013843846304765,-1.0677674110478315,1.7668877226589235,-1.398159356749429,0.659911307640015,-1.5299926896143439,1.0472447917860552,-0.41343945982461,-0.599870241005738,-1.2774429109497107,0.47093787776368573,-0.653179916449107
4400,7600,-0.8729403710440611,-1.0169799883365893,-0.4651593820982182,1.7239390571655255,0.08529857343718183,-0.24545860130092373,-0.910378637155051,1.7820758053648291,-0.41103977974371136,-0.32635852818157784,-0.9462556738015865,0.04059817649721754,-0.7609263514048525
4400,7700,-0.7876499684568463,-0.3527945190540775,-0.3705619200403401,1.2460900119080676,-0.5065959778127012,-0.46673518752455834,-0.5456855404466329,1.1873037660812313,0.0004567151958380593,0.33175422465195836,-0.5376199978162461,-1.0174716968855666,-0.10062466893728876
4400,7800,0.25128452276598884,-0.25984558260488916,-0.12524707856326084,1.6091634351218858,0.232150722701337,-0.2924861508700595,0.4647598782281942,0.2399801296979629,1.3381635734856183,0.7971090569640212,-0.6675920088884434,-0.624215491740607,-0.019756527071484734
4400,7900,-0.255890431031115,0.4317056071912123,-0.5510897005983169,1.1201345739606978,0.8588505354251801,-0.6403917427747724,0.16803639515244675,0.24816121465264862,0.7452918178212401,0.6499383913564383,-0.2284791377705943,-0.2444448367816156,0.503779060095089
4400,8000,0.43191541674686634,0.23308505778463187,0.7026377006295254,0.8746658383021543,-0.05692175937177354,-1.4319087185015602,0.6204351027236203,-0.402278673141941,1.561601630157654,0.9470784695336343,0.5262431337470813,-1.340268629845598,1.3657479651811673
4400,8100,1.6056353024693717,0.6130546230486387,0.31189415521492003,-0.7469217988224112,1.0475736199894963,-0.8690960512240826,1.0341047787086588,-0.8217596078774125,1.289300914260584,1.2701174832651407,0.961835767566612,-1.7068072510144698,1.2189622494029553
4400,8200,0.6636733039763376,1.4328900259802235,1.2983284499026218,-1.1807437272712809,1.2088428371560878,-1.4059693120447279,1.3698669604056082,-1.1741073989195523,1.7873780954961667,1.1981373957906372,1.5485176212584224,-1.6146470818881857,1.3391699827318315
4400,8300,1.408974706331658,1.6772820120797944,1.3981451907775708,-1.5182558248020261,1.589635535906179,-1.0829205150569963,1.7763222837666215,-1.4774946605390469,0.7769574327655807,2.0121833098244646,1.0167681405551916,-1.2637405397894081,1.77329181954971
4400,8400,1.3549777407152575,0.8870591168014108,2.253962958500047,-1.4201273018236835,1.666510228525666,-1.0158462678209317,2.0207962993626003,-1.1154020291496811,0.4550341657753169,1.736485619907003,0.6173776402116499,-0.8349367618703981,1.9204399401373655
4400,8500,0.2468982665257492,0.6952485017796166,1.089469787045154,-1.340827905710228,1.7251777144964622,-1.1131670992774845,1.0039661413908518,-1.262111879171564,0.7081181521361757,1.402214680663245,1.0627172567495637,-1.4873395509833798,1.8807068829192004
4400,8600,0.7560743963922985,0.7230752268610264,1.3990699357700567,-0.8422775775562258,1.626531260726539,-0.8185408132451055,1.3827449394193203,-0.9815153639371266,-0.157887920599858,1.3815072862276205,0.9374774879335664,-1.390310602225042,1.4773743490655444
4400,8700,1.3328288775431085,1.0772606935145503,1.446154248154143,-1.3452178038743203,1.2571641456582245,-1.2763428502362593,1.64349772678506,-1.6394524361254985,-0.2543938892451827,0.8954511996559043,1.76417263685937,-1.107980552713516,2.211161432128804
4400,8800,1.023548841360091,0.9495944101067395,0.3380229625591641,-0.645627004864485,0.9666526000711962,-1.412184140004664,1.0584244813464172,-1.1570892290022177,0.37209978704231356,1.670861497734353,0.47997944532215603,-1.4444992510668169,1.6276455656581816
4400,8900,1.792370572718069,1.3418688769385736,1.35256371167282,-1.3632024103256295,1.8373278729598679,-0.9629656422561698,2.2381877756358697,-1.4703305577106036,0.3122656778686924,1.838032282482798,1.6654657798527257,-1.3083696916923706,1.473587774759293
4400,9000,1.4826820767293356,1.6489240256888011,1.4200596775048677,-1.1597329459544843,1.6957659816172959,-1.6109974425647258,1.7052929502319734,-0.7787392538398319,0.8091332794040433,1.230435279707006,2.0333258389696858,-0.8481988424262898,2.031915199593738
4400,9100,1.289366282061893,1.1572100934914213,1.2583077235881783,-1.0114032322667714,1.7731889773356375,-0.9747909117660427,1.2081938281455131,-1.141474878592205,1.3349362623858578,1.314324083267636,1.273935487762041,-0.7771382521630277,1.993219979562523
4400,9200,0.4181868411568992,1.0619281636433473,0.8609449709283228,0.7844373823666151,1.0192075605493598,-1.1338545611427968,0.5839039749735245,-0.674222465469637,0.12232575942098449,2.4920207655952717,1.0734041937073517,-1.3340820558016158,1.3506834048232301
4400,9300,0.8191582652713651,1.3841066229205945,1.750649721426481,0.4899366652510174,2.1401787169809467,-0.9094496427566643,1.680303104275193,-1.758786592860588,0.6916460271322938,0.703505518860407,1.065968823357751,-1.328209779233529,1.1122293720404124
4400,9400,1.2872415610623331,1.7753928418885878,1.7942457027823246,-0.13665005548789838,1.6659177384006274,-0.7365885608783865,1.091653223094003,-1.3629820684327425,1.8999860367200319,1.4600740361038267,1.2953089605534007,-0.6567397518965021,1.259963973583925
4400,9500,1.1613657879697437,0.922606700103475,1.7703226727106363,-0.004931959460301704,1.12688348498145,-0.7014617232061622,1.1273660978339373,-1.3803268329213454,0.8463940253358578,1.8315466903466149,1.286824704717468,-1.5302420945751907,1.3174497172386581
4400,9600,1.2781696676153198,0.7018994201084616,1.6915115598596895,0.8405912045147625,1.4595456922853842,-1.2950604558066632,1.1264334527395938,-1.711841894722515,1.0600650263043387,1.6713689862704586,1.2371529075026868,-1.0607992532780621,1.1568465026111066
4400,9700,0.7593374672968468,0.8986051391462999,1.375641743579113,1.5329668087183705,1.6373776944658645,-1.2172577380964862,0.03728419734720526,-1.4560930251529158,0.9734649125604371,0.3317805599652694,1.1016860500360766,-0.7577489859871124,0.4938692706099632
4400,9800,0.639838851973262,0.17344031305160568,0.9820429557432058,-0.5076873970196875,1.580554442954856,-1.0950168277635124,1.3177099779318528,-0.736173250240412,1.4695052650647418,0.27306402641364125,0.8140325822536969,-1.1503709734511411,1.1075235894700834
4400,9900,1.1112549411180708,0.4222790117960279,1.4373345469799421,-0.9123395284096582,1.2961356862208213,-1.1962658918468694,0.1375729653081588,-1.417221541411817,1.6545109552359396,0.9050502414063595,0.8551328748048864,-0.9302143900520523,1.0878904816969577
4500,0,-0.20257797303970732,-0.23093854991266718,0.43847457333707834,-0.8609375316747511,0.4174206896196795,0.07298036216866549,-0.16098568539139452,-1.2195333494180507,-0.005734862729915181,-0.2047513934031606,0.08529220219068018,-0.26170715433984293,0.7230841604303828
4500,100,-0.6389388554554396,-0.6932457365658943,-0.7161291429374501,-0.19412983042912885,-0.5630768404936057,-1.3023564680485646,-0.6917582085396268,0.8409597806553799,-0.8852810515612133,0.014866116699756524,-0.9704093916728316,-0.13107033371591967,-0.40605366115911046
4500,200,-1.0402402226285556,-1.1409518879891616,-1.3999297803938229,-0.3154220032651267,-0.5392115397915834,-0.2601197108390225,-0.851002153122167,1.9634445188535339,-1.6379450993254672,-1.0370867354892954,-0.5391524918480912,1.6874053991091127,-0.48836826255099175
4500,300,-1.8601454086842284,-1.7416742710044308,-1.14436552801941,-0.5194040585546796,-1.2038089013344533,1.8096991427630542,-0.5894572732956667,1.5489648519112396,-1.7700198552484125,0.37939782250882104,-1.344173186275339,1.2092741859366545,-1.053802375527506
4500,400,-2.302939142387278,-1.4729351471308139,-1.4938526079089463,0.7214447074083061,-1.3975849301027252,1.5493157469733643,-1.4974651075880725,1.1819983620374215,-1.3116318631491246,-0.7807702209463072,-1.5956137293640682,1.4285560609051629,-0.6820407758613987
4500,500,-0.7726192749640025,-1.2089122619424744,-1.4307541226115617,1.9444888596476406,-1.6851111673805785,1.4967263855253494,-1.5805688186667095,1.2372426287882727,-1.1404445065654503,-0.8649598009725232,-0.7500599030106562,1.018272086924395,-1.519419941694533
4500,600,-0.9537462094985683,-0.8157295257323924,-0.8332545942144013,0.9413791538988246,-1.4021003678184236,1.2689334922035018,-1.1951444136131568,1.652162172612678,-1.0337822841351094,-1.4016954820916294,-0.7331140233636397,1.7803186329066978,-1.7364331696544253
4500,700,-0.9763793009581374,-1.5047449030680013,-0.9754227504607018,1.2182090882806886,-1.0955852362899614,0.7328714293659934,-0.7398016356353296,2.14075438657809,-1.7105471417232008,-0.4674378289332642,-0.6042883591224736,1.899601673289011,-1.2091146470702543
4500,800,-1.3281078021809805,-0.32864344451954774,-1.2571583701908031,1.1652563250733756,-1.0026565172621325,1.4601877715477718,-1.3728172124449378,2.3050092023508553,-1.3289276872625422,-0.3513918938539248,-1.408088589247389,1.3253761269883597,-1.5873804438089612
4500,900,-1.8364547045084891,-1.5039386987378958,-1.443544406208809,1.1471664826090215,-1.4069915365205117,1.9944033459822192,-1.1560004958761014,1.399065376970107,-1.322196096430094,-1.322119581414593,-1.0851936994982359,1.801524028478525,-1.3946235603461563
4500,1000,-1.0138879774902259,-1.6510018379538502,-1.6127803533382767,1.8320999262441449,-0.29377318711664996,0.9776226666046655,-0.7493476235950277,1.8518041545960937,-1.1818238031665067,-1.8335732465858654,-1.6052293127974568,2.1921182840208413,-1.3741003490906551
4500,1100,-1.750472365016748,-1.4414976834145068,-0.7827390343029271,1.101212958253064,-1.1979611515568604,1.9139113421443252,-1.0935226927895452,1.6562006310652266,-1.0241558948017306,-0.5776304100173191,-1.0136266935559852,2.0655081658601717,-0.8585962084279918
4500,1200,-2.273166383131405,-1.6869836715920152,-1.1527069484368417,1.7464679069137528,-1.5251645218334884,1.865343571198986,-1.2658885275673872,1.297196141170289,-1.0293128600558092,-0.40350934084351886,-1.592924170145152,1.3696087239374368,-1.82907667392983
4500,1300,-1.4194364553063503,-0.8723642059315286,-0.9697309855961185,1.866624318958095,-1.620175295925892,1.560683953303819,-1.9924686557416598,2.1360462104986992,-1.6151565570070257,-1.8158226185613977,-1.5415855116057848,1.8958036929767301,-1.3953794109174633
4500,1400,-1.6572167121138073,-1.31970428004471,-1.3385224604069537,2.225160205867398,-1.5619826640540608,2.125990405440912,-1.586271115409037,1.4788644684720382,-1.5505254363975396,-1.8509959933866214,-1.692041488693042,1.8263937740741774,-1.5106090237668344
4500,1500,-1.1066620065563304,-1.6172192606773534,-0.9287169708383554,1.5515045770343772,-1.4819995683239404,1.5422297002971845,-1.4335704612069131,1.5483402222153841,-1.4626850537567206,-1.2014771504353112,-1.6808105261541477,2.080375289241632,-1.1279976817338992
4500,1600,-1.9640867553897536,-1.3909568532388588,-0.9763326252277659,2.379887080643856,-1.2078745713887413,2.9128787348153264,-1.505642951565498,1.7421997367402426,-1.1430902958806486,-0.9879621157799426,-1.150487974346011,2.1612969926176184,-1.1172803061789598
4500,1700,-2.052242296347334,-1.587873059304776,-1.7431568361007463,1.9844912424041083,-1.2803167816818837,1.9312797594703754,-1.3869267137349877,1.5624452575938472,-1.1908013541683402,-0.895955717865478,-1.0793807939851279,1.9129461286880265,-0.5860664532580413
4500,1800,-2.235555629246577,-1.5412283938264573,-1.5695136483363072,1.168603746295422,-1.7559870374441737,1.5570073604986563,-1.4721452804919637,2.3721174641823426,-1.2476302238735197,-1.16640397874486,-1.9538380229548515,2.062422923167595,-1.5689941235761786
4500,1900,-1.5764118871656747,-1.4609057712276257,-1.747483910196417,1.2507515099543092,-1.6375928866714942,2.0007560286752084,-1.3060633063798208,1.9933112957204133,-0.7869484669891612,-1.1565931679734873,-1.7607214646184521,1.8554444964421521,-1.7847875906787503
4500,2000,-1.6385329174653578,-1.7057087143151544,-0.8766998997001253,-0.11215181975421588,-1.7904879930129116,1.1186596135557436,-1.1137120249458947,2.0249509682836733,-1.2025272283064499,-0.6185192670586457,-1.1318446050706323,2.2047730529928313,-1.921446091940192
4500,2100,-0.7893665098553371,-0.860011946023054,-1.5048573869463169,0.5944453952137981,-0.8570881999244907,1.0618269552370612,-1.2904122497397978,1.6401387188836143,-1.8128951226449923,-1.0159371362067902,-0.9823937501144149,1.0349805114199846,-1.0980312021717054
4500,2200,-0.3744840525938684,-1.1111298848374076,-1.7597682014080427,0.0024737788593480925,0.17220299588456273,0.89153823530217,-0.8371043612807594,2.016468427344085,-0.918837738097917,-0.23734657009666793,-0.21360909743444015,0.7396271899332473,-0.9287269461142591
4500,2300,-0.27935452735923477,0.5742974771089827,-0.8276571966677577,-1.32136943011497,-0.3535530528046312,0.37427983971619655,-0.12192179580013403,1.9290533710474655,-1.758838150675229,-0.5570379065854731,-0.9684926711843845,0.13504531957694188,0.6953557099557193
4500,2400,-0.41424326524338323,0.029688267769095125,-0.42191848655936043,-0.9105408837524905,0.45478944974398866,0.044977432048039376,-0.22839110788902844,0.9669391246646298,-1.4185216164437813,-0.18477720943533998,-1.0832333821000064,0.7473649661596685,0.3903134812857122
4500,2500,-0.7647634565898381,0.5837997256712201,-0.0754864767999024,-0.758508973203992,-0.1956207314190609,0.8589580722237427,-0.18961930226009518,1.129897715155531,-1.4158915556067102,0.6828369079231679,-1.2211315185006342,0.27103150499160317,-0.3427182639682869
4500,2600,-0.3836764713730488,-0.3440726131105259,-0.5853786113488452,-1.1438851583377143,-0.10178215383489381,0.6980117350394061,-1.2631205118018671,0.6668361828588476,-1.0424428921233873,-0.08733976177067655,-1.1027890979604345,-0.5767633258167904,0.08567077274498251
4500,2700,-0.5947591706029891,0.5235465626668973,-0.22112229429208272,-1.0185590530043631,-0.5352650293146536,-0.08506229438347487,-0.45731224991436176,0.8663986514738109,0.06499128606694357,1.2344387814395177,-0.44648546468595546,-0.11944909888527139,-0.335938720745537
4500,2800,-0.4376751883307436,-0.14976559398561692,0.2923354761157267,-1.1687292417647674,0.29235975286197535,-0.43611985407903364,1.195400195399872,-0.3950467829812291,-1.4849707383715287,0.5508279437273402,0.2704158794145587,0.36737529966106547,0.27473482705742575
4500,2900,0.26138848265282705,1.0168095415044958,0.6577973097335459,-0.1103002697991779,-0.3015163209460356,-0.9878750486568528,0.11549360744655987,-0.7083805219402197,-1.2591911655614274,0.8076938919966443,-0.3286189848985672,-0.28048392185005133,0.09077468208659191
4500,3000,0.7896972868271027,0.2404062681535407,0.003353521443049254,-0.3957635478238378,-0.21133388127438446,-1.328349225703374,-0.15958226747739299,0.5503086120392194,-0.1541815578815955,1.0542522201864724,0.1033814403198819,-1.120641132275749,0.48649994683707787
4500,3100,0.1650557658127179,0.46816272460545244,1.2255803991265044,-0.36355096880049786,-0.1685532892596085,-0.6534847589374599,1.2449039173792105,-0.6384539539692629,0.7734291775091531,-0.2163710172926955,0.12657210973942656,-0.35178717781767327,-0.037697385594278585
4500,3200,1.4150227646458635,0.857283997956267,0.8707632058563893,0.07531218509970684,0.042195975974415725,-0.9316214787746526,0.6424487717850466,-0.7586936307440544,0.7069969911415883,0.7621300689641763,1.0728566773638526,-1.5478104878544956,0.47746527447900955
4500,3300,0.5420660954824487,0.27415271027874105,0.6052468488488484,1.1127304970689067,-0.4151175235948104,-0.27705201493895404,1.7919343666053371,-0.5533954468159286,1.2496554711655876,1.1644692478768368,1.432936298360566,-0.6639039693765533,0.4312894164160892
4500,3400,0.6415245954242337,-0.11517728571499261,0.6012235713801947,1.1705008060682058,-0.5596916046018352,-0.3388248692196647,0.3176798614740404,-0.05487256871202065,0.9607864656782497,1.1673287716307748,0.9025869706136532,-1.0269090221956452,0.594984685929624
4500,3500,0.19504525959516916,-0.05729835649381169,0.9973044250510195,0.5141497641432948,-0.43355759430637497,-0.15118159500837436,-0.005132098362240225,0.35727708051463486,0.994037172748759,1.1094830429301228,-0.12759684847813002,-0.7050722670703121,0.17679887223183596
4500,3600,0.14843814844945305,-0.20572561747724466,0.3853446732564924,0.9914423255620994,0.0747882488343125,-0.345430372984647,-0.4092766376927567,0.9892403494582054,1.80478842658768,1.4884682984495616,-0.09276763856337425,-0.20935742013874326,-0.8459364819154532
4500,3700,-0.6772758826256493,-0.8360301947198882,0.3486488272558169,1.2173153230801834,-0.5907105001718187,-0.17224540872856484,-1.5662243916036742,0.7850842011223337,1.1718726996381041,1.1149917706859842,-1.1277012995090505,0.24715592433456798,-0.5870852622383003
4500,3800,-0.5856422049436987,-0.5415053798661796,0.4635093458353496,0.9531915377710193,0.14034526584638543,-0.7184098245613115,-0.4248571369958434,0.33207995912811883,0.7161822423833489,1.6630380270130314,-0.7511282067311086,-0.33776319077796524,0.050100303257116514
4500,3900,-0.05873114149116031,-0.20171769664347947,1.2221993098684598,1.1193547235500054,0.19103877367915945,-0.9565026987839383,0.896126512654039,-0.2343921477190518,-0.12853841722507892,1.0131857094372385,0.8476973709535286,-0.44364672208018097,-1.0866452140382314
4500,4000,0.051636640848275156,-0.5606648424294045,0.03325354953764815,1.0335615050717524,0.7548184837593807,0.24737403548991582,-0.6681799757530289,-1.1011226234021427,-0.5706908077420197,0.5126900845125669,0.7172440715641982,-0.5057458009565544,-0.454771456525175
4500,4100,0.38484962070040457,0.5514856708317074,0.769916061909583,0.8474619244033053,0.9132339887404758,-0.0447694428679864,0.87713838121315,-0.5451954998531666,-0.4392399440081831,1.6892725524857766,0.19323929202374987,-0.6165352798499985,-0.7014579794023851
4500,4200,1.035126198703199,1.0041030513099343,1.263842839018235,0.3915632947446213,-0.28892452926627216,-0.5317939665947166,0.6828619753191653,-1.4101582745759407,-0.3846685234515303,1.1699991390634283,1.255223496857355,-1.169287769241875,-0.2339429514534154
4500,4300,1.2000911426382663,1.4907715287579824,0.4578233524759321,0.4558553798223793,0.43394515793257005,-0.6064122312936965,1.5527305577931634,-1.7065086562028153,-0.3735121386286365,1.581994778944845,0.47268699386396074,-0.5670015300212381,0.32128539654194593
4500,4400,1.1481131451675548,1.3224370946898591,0.6423847035294216,0.46493444455783783,0.0348604329056713,-1.1313781063324864,1.2408091405170545,-1.294946948145354,-0.4044033588479436,0.6127274589198286,1.0591410797425806,-1.025522915327273,-0.06967754179607007
4500,4500,1.4429438564179702,1.872771289332962,0.9407339776475703,-0.7180360974809654,0.2000757200087207,-1.2238853222589596,0.6572998776604642,-1.2109045547074946,0.7828822011238644,0.7208077143049115,0.924488186802639,-1.4774699326673038,0.5819158200946847
4500,4600,0.3725701999615394,0.400548142156213,1.1727960979383056,-0.6277411598515051,-0.1705885208414183,0.5185613411581089,0.7704296375560251,-0.14291263176617683,1.235032364445367,0.5658776315570109,0.7304077187737612,-0.9277981369877615,0.8032742601791301
4500,4700,0.21273911408965104,-0.1698813917483252,0.23902683001479505,-0.9582967384963842,0.2342828323872231,0.24539199187707805,1.0854438562585635,0.4879226178492819,0.4683506595701543,1.305473352958543,0.5890026298742089,-1.0527239240225321,0.887641633511555
4500,4800,1.251259243347568,0.15848849634155143,1.3143866062182312,-0.7765335324750592,0.03546730130012081,0.6634079040736026,0.22390339084232622,0.5130428918348692,0.45612318219358666,0.09481904333675463,0.6027846180589381,-0.4634375669285338,0.7261422898773403
4500,4900,1.5976964695353595,0.09297413998747829,1.1657646730498947,-1.3026903400516283,-0.4547234394065379,-1.0402891249314612,0.3342520664542816,-0.621078263509263,0.23409673652780252,0.6501421136209109,1.61422607714151,-0.6433843534834826,1.6048517984370176
4500,5000,1.7765550595375958,0.847575430638028,1.0545020120294983,-0.30534237276557524,0.5583547449151998,-1.1343618944602094,1.481175478723186,-0.8185151321547389,0.7457998591024049,0.42399489046168226,1.2594261892933543,-1.2103236738310972,1.3630848418679682
4500,5100,0.76734437430615,0.29532325480320315,1.8944722681595974,-0.026249248179287754,0.45617071811284177,0.1910858823893575,1.395922490005995,-0.9311949478567003,-0.07982683598487099,-0.03857629689481756,0.7303853014411673,-0.27795375524079075,0.6428827996871377
4500,5200,0.03787112777872222,0.5913040096854982,1.4427740233686999,-0.42789934710700256,-0.07269330634487585,-0.18955145126914952,0.8774260437518719,-1.4634132660956913,-0.45081748805001526,-0.551879686834501,0.5910095065703397,-0.0541840661638208,-0.7657905581513245
4500,5300,0.5564445978263604,-0.011600414479203841,1.4958540502178983,0.05782891587417981,0.879933063917646,-0.11175115056405963,0.9403173427508162,-0.5648567347953898,-0.05003782129380773,0.25037609030975466,0.4490293683541581,-0.3732252739326854,-0.24606507953706383
4500,5400,-0.344790300392758,-0.1715403091342335,0.29228315761271084,-0.5384560178595417,0.6013407028493358,0.3921268834727059,-0.12002554015706607,-0.7739362577459384,-0.20096164653813287,0.4162306992928319,0.6569390211471913,-0.1782965009581688,0.9506716693178507
4500,5500,-0.5049570719828215,0.7316570792515116,1.727909700036134,-0.9373776190276447,-0.1996125557961142,-0.7171318839080397,0.10270668488725358,-0.5426542829505236,-0.49901122363695266,0.631007693746125,-0.5196008064606508,0.7213184988493571,0.40038230225654226
4500,5600,0.9610702762794984,0.729826767982217,0.798686112480553,-1.7216271948265973,1.1586518103481533,-0.1986843480595975,0.15437382301939137,0.3251595112074213,-0.18972218092673135,0.5840579345603155,1.4869972822359818,1.1971018936046036,-0.41336311797060366
4500,5700,0.40628776293978464,0.5464429250541156,0.910873001577186,-1.0308192322557432,0.5682660849478652,-0.9470690790415826,0.6385746911497804,-0.9719984476963317,0.3301008081316285,0.6318144192239389,0.6644079741003118,0.6535007752036,-0.2749396500510956
4500,5800,0.09791705513869785,0.4016931266251183,0.7763793807142395,-0.21106216183373408,0.6786257916349591,0.0029190711110447074,1.1350121522554095,-1.0466757680889798,1.430079341076305,0.8622451163543005,0.49233421260795457,-0.6022240056347762,-0.4585558569461889
4500,5900,0.6599598061892641,0.20646935025727967,0.5512030354343933,-0.5404754317097531,-0.3251654059872508,-0.6391232423849059,0.37418680990143616,-1.0092238159136593,-0.25021673754351237,0.8530066110680419,0.2035456938437209,-0.3697023094437286,-0.445489855042541
4500,6000,-0.059687725220756147,0.6502578451799444,0.1833603864431686,-0.3608182878169422,-0.3434719908738218,-0.9866300555023719,0.32532969303993803,-1.1049369431657576,-0.4011464073679074,1.4760216497074108,0.196076906019087,-0.4910845670032838,0.18308909576657367
4500,6100,-0.3535505869067288,0.19958520031795904,0.9192867452948618,-0.7202232411622984,-0.6086149426875238,-0.9774325897985885,-0.33733663131951674,-0.2793597045594574,-0.5414721481037345,1.710617662725818,-0.056983587815888685,-0.6518349594222628,1.154233672175126
4500,6200,-0.1474541109835466,-1.3262495001347856,0.09800333968482622,0.14167708903259402,0.3929330081682367,-0.31467203849580766,-0.48029236768316785,-0.40249098630779784,-0.3734194092411409,1.4961822125423356,-0.08130669215280581,0.48661367505376557,0.06742533433942413
4500,6300,-0.2972148667848388,-0.5149607377183171,-1.2109649990549813,-0.004284452588952943,-0.4809062236326601,-0.3857312151021043,-1.0196807703349358,0.2321292874125529,-0.7549310963058158,1.920077558685912,-0.6221804621116825,0.1998010740282812,-0.3709475378519548
4500,6400,-0.8589368678557255,-1.6551580393804297,-1.5314310514034934,0.1806878321164099,-0.6649185022652777,-1.0962886056252248,-1.1917383870153664,-0.2468876688308288,-0.4540154806006003,0.5875493484714813,-1.6478056334014535,-0.03568207536894292,-0.6794982302457624
4500,6500,-0.7513337955554784,-1.2739366544051796,-1.8357642238000906,1.371454456204367,-1.1541946330880704,0.5767355579062469,-1.1588504476686392,1.5644277700838272,-0.11710439085878219,1.2613187346476105,-1.5792456074462113,0.794438170160048,-1.4403085977492605
4500,6600,-1.3472837854362807,-1.6234858474143112,-1.3430652002011623,0.38136184485889824,-1.386671983923843,1.8289073675044216,-1.284665380152762,0.9438383494342378,-0.8676124406465828,-0.13036011427808478,-1.4507577041860564,0.6854792363346862,-0.7069700649293057
4500,6700,-1.2023619142324518,-1.2641514188266745,-1.1982426291447468,0.42717221661068344,-1.3567168701377235,2.01239344665858,-2.4160537873549983,1.4729175525738667,-0.9081105067541643,-0.7604190670384263,-0.4176223870412328,1.8023709171518856,-1.1693904545083784
4500,6800,-0.6308914466489395,-1.4289792564412056,-1.4362760759683855,-0.03670410445795145,-0.8590113370775605,1.7135091136490073,-0.40635017332843837,1.0261864340916544,-1.3427090831336372,-0.6613948473119208,-0.9579123036840317,0.8205040060512221,-0.47446523961174064
4500,6900,-1.1862385010233178,-0.79109981622652,-1.322415074116355,0.9216163437107006,-0.9927416749407397,1.0460984367425938,-0.6354777944074058,1.4522435480805838,-0.3205990868895936,0.2148986333128724,-0.463416972951707,1.1161726389084474,-0.8811447066573207
4500,7000,-0.5016693836980128,-1.1861885766351519,-1.7794164375518453,0.5908531598819508,-1.1494466264148329,0.12950622654141974,-0.38406726432256966,1.5050688459247088,-1.1166225167991717,-0.045833821545439,-0.8866854432856587,1.6670087185062563,-0.5394984970400816
4500,7100,-0.8033394145784821,-0.878038328709086,-0.941393250389141,1.404644809475957,-1.1496249612465803,1.0792501916500588,-0.6957334988876145,0.678814762690212,-0.9824678267900134,-0.3437793573798353,-0.4273085275892525,1.0640580926085244,-0.446654448052155
4500,7200,-0.25047360582469924,-0.9055944083141038,-1.2308653356627133,1.4964773664621676,-0.6531314178127899,0.3275227558265836,-1.1608101476671082,1.3243916888808531,0.2593241802082242,0.45291393170956795,-0.8265373028174833,1.4417008129717959,-1.1523331236519723
4500,7300,-0.8984956279068713,-1.298907389332358,-0.571164605251186,1.532544527043168,-1.3829709803301031,0.2672293393018138,-0.37099946833576464,0.13141832334209036,-0.2649890340271604,-0.14734420546836297,-1.1283840771856795,0.9676534096368478,-0.6643172732343166
4500,7400,-1.6941410240932937,-1.073172588920125,-0.7556086363831538,0.9742591967174863,-0.2619073720493552,0.9434887876428358,-1.8530062403180287,1.5810207571649633,-0.7820880657567624,-0.804348512927917,-1.1548276858206126,1.2250200253604338,-0.8482979559182497
4500,7500,-1.4551005420639975,-0.7809452206451559,-1.3108395993064703,1.9989467265655845,-0.48970523100100005,1.3199962713256055,-1.4475861070932996,1.4484378055127844,-0.2824081683584349,-0.5399401568213579,-1.2014192518261377,0.007333299117074704,-1.1522469307405108
4500,7600,-1.6566128956460502,-0.5409311609654068,-1.0468735375998144,2.1271820191598394,-0.17575216791654433,0.15263852213600884,-1.277418608071812,1.3621010121602042,-0.012846690048076958,-0.7039658909297317,-1.3131305079158615,-0.7327091013789352,-0.6094918903281783
4500,7700,0.10961647856933081,-0.8103225490487459,-0.48195122466470003,1.2362676446533551,-0.18204836856007414,-0.8381534059334975,-0.6982918878110155,1.1787021296430393,0.17126886395262966,-0.08849197460206808,0.03459394008374422,-1.1918862387995728,0.2319398986639942
4500,7800,0.35672865107246005,-0.1699288583187229,-0.44804910532437303,0.11329776761205539,-0.1129885728497188,-0.4715021087947272,-0.06910682107155992,0.589151858935793,0.8905827215727384,1.159287708421622,0.6870565584421278,-1.1933030180306694,-0.10429649977145096
4500,7900,-0.47550048644354825,0.2521539581375291,0.23212326798027955,0.9913082410756605,0.6355215266883533,-0.6290266205504339,0.018312764044043014,0.20038340725964018,0.9117598975375142,0.8209591353000483,0.011105532392090403,-0.7486703192856019,0.26872068360357737
4500,8000,0.7490641570705193,0.21044015781678108,0.7188386753961261,0.6931582528306747,-0.20892436405322198,-0.6197320233333176,0.9074242119734989,-0.6082712442258963,1.6557175182801223,0.46469520932864117,0.49143215624778347,-0.7563177128888746,1.4965932484283149
4500,8100,1.0165529862960239,0.6078090014258277,0.8061016690509429,-0.0007707406919613028,1.3887739638595504,-0.9327831679985483,1.6455626866016009,-1.1588238191340974,1.2078992751889615,1.225652134116631,1.493363813130928,-1.3046808262157714,1.9035516696547783
4500,8200,1.2119192336756697,1.6619251550961875,1.6073177160834249,-0.4462573432321454,1.0412801026004934,-0.4291432684276558,0.8733842443622921,-1.5300323222389365,1.1478381085484592,1.1237392902338936,1.060559146577217,-0.6330277381820535,1.2019731098977833
4500,8300,1.5040553457297834,1.8610765712671673,1.6592313369254028,-0.9472877149224422,2.0024733933277736,-0.7712836695514813,1.565972362052068,-0.8274076024500014,1.4395670860477994,2.069984328653738,1.384083434628768,-0.8930081221430146,1.5100417222489226
4500,8400,1.5588221713029176,1.1422096416997654,1.534122628204518,-1.4950609944037891,1.551747115463936,-1.399349373315307,1.0098966249684436,-1.1003264352091444,1.3949675077373278,1.51300373019202,1.4677185059760463,-0.8214945303055526,1.614877533124875
4500,8500,1.3231952703070438,1.350910627553643,2.2101286350244465,-1.2920767410865153,1.8251157675936007,-1.774068269837375,1.295215816299436,-1.1220754626618976,1.1778182639373742,1.2003761594549336,0.948886844782115,-0.26979440552604417,1.282304393097395
4500,8600,1.1695879094890833,1.5921458637163177,1.759806480974823,-0.965055620793058,1.5467701552282396,-0.8400462559639058,0.6602869570171985,-1.2039076367746742,-0.6798236353235405,1.1258437365327643,0.13932238599640007,-1.1948654497870814,1.7318954673285345
4500,8700,1.3698843763662902,0.9182055781817127,0.9508262222956286,-1.1227597574408363,1.9314159083368614,-1.4443435654904353,1.7854317028303341,-1.1052717192345114,-0.5242560322393771,1.7387649383930086,1.090330131713258,-0.7800067532125102,2.2437743874088474
4500,8800,0.9519302739870169,1.3114428519657166,1.5295811881937778,-0.4879493032518267,0.9624052876920686,-1.0542244132501586,1.0969804144141335,-0.7473422902727291,0.9487437738401567,1.67747444012433,0.28321772760616104,-1.4523902424391244,1.7019421490119082
4500,8900,0.6526472948509087,1.2167291201369794,0.4357099506465689,-0.6925337152636032,1.6120343901445755,-0.6234928307747546,0.6362445417029893,-0.18959542604961863,0.437408345973042,1.5216230166348674,1.4078082888521082,-1.7014685374520566,1.2917731519882125
4500,9000,1.0959233904017003,1.5625483914190623,1.0080507321731293,-1.1332250346713022,1.1663440532239224,-1.4204680547493216,1.590214668147458,-0.16457238338446367,0.6708109264903062,1.3987585120250097,1.2957842745399009,-1.521939927163814,2.0145600708610507
4500,9100,1.461379143430304,1.4945422091372393,1.6248677527287667,-0.6064182433417623,1.6456745158070312,-0.7636530532754658,1.242249908608106,-1.0047227675638417,0.8229946436410529,1.4207786973547025,1.1786931326685839,-0.8807282208324028,1.9567646519322694
4500,9200,0.6242386185230252,1.1585907760475842,1.1819220367025023,0.2296321753229435,0.7109575317725679,-0.10377939516674906,0.26042586901657366,-1.0786816189570672,0.4529937728509833,1.7108700023055798,1.210595952850674,-1.1404218121792624,1.2541062496069662
4500,9300,0.08831464916796508,0.5480227121132143,0.8156188941663547,0.18686359663910848,1.611994191579039,-0.3003690965289766,0.7625809026787089,-1.6956403093534544,1.342030049616326,0.8549083587756012,-0.16618296454782958,-0.7782895555520868,1.335105076685507
4500,9400,0.7706868308109271,1.5039797034592122,1.7146100191368905,0.8210933226744493,2.084245442955846,-0.5171976380485936,1.1470106804423683,-1.5866557232725147,0.6987855419731459,0.7354269732110116,1.4288644779634159,-1.3140596829262645,1.1601274565103439
4500,9500,0.578497674866981,0.5524470824255459,1.831293033122351,1.0737221633027085,1.4472095551777697,-0.8161764956031837,0.6818057546263455,-1.5191511684383532,1.0053117071762376,1.1388890339539388,1.328124013932307,-1.845658483438497,0.7946663267255367
4500,9600,0.8118492229691631,1.1810246667372875,2.0494605821464793,1.647781296947663,1.5561596742923338,-0.9715289629915389,0.9658155012939897,-1.4811928466868518,0.790724431778872,0.04093180384815749,1.813629439515659,-1.207226666821603,1.7814265378040501
4500,9700,0.7380948297123937,0.10788724476021369,0.8623510774047808,0.772181082816876,1.8823054699885222,-1.1522751684338222,0.86323256252149,-1.6911305848362024,0.5331723152248282,1.2118506802141757,1.0147491198707748,-1.427592272268091,0.6827875787878909
4500,9800,0.9743938685816188,1.0803352468474037,1.4420094418916087,0.6264903461766185,1.377095617926247,-0.6904171102417725,0.5445110762872528,-1.335346065619962,1.39083074290679,0.4079049799924835,1.0569731916951437,-0.6055869787323929,0.8171758441064331
4500,9900,0.7885662072960576,0.3221161870514945,2.027414044050725,0.07221937080105702,2.114890058152771,-0.5914295897462598,0.46104516262960976,-1.5103100990356075,1.6645452744818503,0.8763816159696092,1.5313024254326637,-0.27471402240687504,1.785472182618803
4600,0,-0.4149241114138838,-0.31980562458896306,0.16704490727603985,-1.1942447214356346,0.08203098679357915,-0.5864666857069499,-0.02351738679265241,-0.9719186647106923,0.0022379189009751497,-0.16241475914591247,-0.6889359170757424,-0.36808613398707324,0.30431225115480887
4600,100,-0.3091430763523787,0.030976426934200326,-1.0734955055190119,-1.402179791144463,-1.2114192898180218,-1.4312000462037744,0.041675412554576685,0.6275345546758075,-0.0781967965631853,-0.8379792849646941,-0.7864781526923657,-0.8513271077364662,0.0038274656863737204
4600,200,-1.4116404953316202,-1.2194479791767137,-0.8180323221258609,-0.5008035768012433,-0.7355379951241843,-0.39370402164310964,-1.2957928337188045,0.8957773884090773,-1.6621994705644583,-0.5357196587995869,-0.9369459536432021,0.6096062157421784,-0.5457443751406986
4600,300,-1.2370025959831672,-1.5176143941966957,-1.0783026199291725,-0.015281147164441912,-1.1245368682537595,0.525197546979735,-1.3918262759756725,0.8845287546095929,-1.6687577918878753,-1.2741998403974066,-1.2199216798732522,0.8882213568062601,-0.848734392897105
4600,400,-1.4478918214807361,-1.3454301537681994,-1.2075796861588688,0.1465550503163295,-1.4340972946954316,1.8221263222447466,-1.6222653382058525,1.2714078361899839,-1.2013871925909947,-1.1181551148083828,-1.5029818070982035,0.8669808663305041,-1.434288452083874
4600,500,-1.2714781337123544,-0.7046042333210203,-1.0787798879689827,1.595042457953485,-1.46387566021997,1.8964898387136644,-1.9174845571722043,1.3543243284316926,-1.5646226137655512,-0.259028057657812,-1.3301457770269471,0.9645683275177057,-1.5057683852723107
4600,600,-0.7670626691038158,-0.35257798422391295,-1.2664663603246706,2.2807692668319315,-1.1892908056629188,1.576406116855662,-1.1791734722821328,1.6969144716262845,-1.3998819345704323,-0.32127148916308856,-1.2340212632444882,1.882167526904506,-0.9916126888850523
4600,700,-0.3716885986653253,-1.1574155504737678,-1.2986637841097037,1.3664667589351234,-1.4300181600527173,0.930188932578926,-0.5258787523211415,1.8737421170169997,-0.7518661466556513,-0.9275622407024939,-0.5742205226331849,1.9651219566312097,-1.346590463631976
4600,800,-0.9383173912559458,-1.5385790675662956,-0.7310655427283655,1.4406612889137957,-1.2351255906108032,0.644541656023585,-0.7652680334665252,2.2424045913445236,-1.4571180820300693,-0.9055382060269429,-1.0621070310627942,1.3516280543755292,-1.1492990970284234
4600,900,-1.9984248292826265,-0.608377914835364,-0.9745815495124242,1.03212226116113,-1.7868097508207783,1.5467654803926523,-1.8371443201621358,1.4023313122577912,-1.6718539254579265,-0.7892611717422985,-1.9143694755651313,1.4313351500770004,-0.8233025680710658
4600,1000,-0.7816394390284209,-1.1231540884271103,-0.8604705711528406,1.1257673119360958,-0.8121769031840204,1.5967241380598434,-0.6803541659554905,1.71808693761799,-1.4209004603327,-1.361940634491078,-1.2699338554554984,2.1625880198647742,-1.3950967838253672
4600,1100,-1.260704698537511,-1.7894608140712955,-0.4142128451466363,1.1347954756579652,-1.2304148253223322,1.8120331118225668,-1.526771400185633,1.6875824759573483,-1.3880192906587747,-1.0129645723515677,-0.995917988770077,1.516283288283905,-0.8778103450694459
4600,1200,-1.0561041257431352,-1.5168682447106543,-0.8228821530880106,1.570868847800546,-1.7333788284120581,1.9758847008806095,-1.6235024291393219,1.2248914594404547,-1.1867809107127931,-0.6332981247135923,-1.0802930617078266,2.3810262141397778,-1.36754672383624
4600,1300,-1.9119639011683731,-1.3432219743365943,-1.9749333342128157,1.640715402739505,-1.209498879462675,1.8394677360604472,-1.5626061022654019,1.8374924446404695,-1.1483860613411876,-1.79398623591096,-1.9587978257075989,2.002190846390119,-1.868006157969678
4600,1400,-1.2846834153247488,-1.3196129766566884,-1.3482841865938897,1.904934522367479,-1.7116045833162816,2.0097314356156795,-1.1898701362043413,2.268343066198372,-1.2874247839484974,-1.729216813485495,-2.1081942711862696,1.867238806494143,-1.3091216856933232
4600,1500,-1.1271173085529413,-1.4333933510895414,-1.4637844750988234,1.8979159222584412,-1.149357324231975,1.7110802238282332,-1.672578246105656,1.5878583702478912,-1.4967800156995934,-1.2295514681247368,-1.6782204712355098,1.9076866180378833,-1.168251824182869
4600,1600,-1.9607717536654012,-1.4159226816737995,-0.8407600039143968,1.8282868955676748,-2.1038018610702087,1.8600203052093767,-1.8386594906744549,1.739478898361867,-1.387017316775045,-1.984711029016034,-1.5913163319752535,1.4363425598615502,-1.5588708963649855
4600,1700,-1.5198704627210733,-1.5237666704929067,-1.695836128572561,1.5507920729469802,-1.329409271389171,2.400000140133338,-1.1737429672266444,1.720379592691011,-1.1641429178378901,-1.6205980745896487,-1.4853591605551486,1.7589242690693256,-0.9924297618933694
4600,1800,-2.67074964636874,-2.3027228810004354,-1.3341359744495476,1.5586599578608187,-1.8548426152685182,2.506921328072239,-1.2183287605243907,1.7842694517720044,-1.431691504255965,-1.2826553940287262,-0.9971035587262168,1.846894549948321,-1.3846301264322838
4600,1900,-2.0020699189225013,-1.181034001220699,-1.5619177261615012,1.5340566922869736,-1.596690157163962,1.8420194409246629,-1.0893200889777888,1.350587686546843,-1.1918679056918289,-1.2238601017494797,-1.648903784771463,2.2521163241171296,-1.2480510414963943
4600,2000,-1.4675482061685141,-1.535632792429712,-1.0895160911284258,0.8158710748845831,-1.9449033652583136,1.725336158533342,-1.2209005340120633,2.1035900158871534,-1.928411000248766,-1.1429268622133806,-1.672082801430833,1.2881240044750244,-1.6892137140401027
4600,2100,-0.7627925094311112,-1.1243207746825759,-1.9766829706119469,-0.19574161732352277,-1.2761696551110817,1.4879006303666271,-1.172015173958721,1.1902136789609246,-1.5071196019130941,-1.4644229548045697,-1.5630530821407158,0.9837271894819662,-0.45708965305599286
4600,2200,-0.31938452044068916,-1.371104431095256,-1.0425631060917706,-0.17868169797834213,-0.40870171563787105,1.0143399827566864,-0.25235360750463026,1.8953796164091425,-1.4501552673193652,-1.5074630699858125,-0.2166453468517404,0.8148897287930563,0.0721807325033153
4600,2300,0.25757818141188776,-0.1401658495124858,-0.4771497524876089,-1.0013567289740222,0.32711471644809126,0.43462322278209753,-0.2760573712064797,1.3467135461780064,-1.3158044204375516,-0.3809449607365563,0.3453825015809514,-0.10808704007879745,0.05285091395767218
4600,2400,-0.8026753123764856,-0.7493110381893331,-0.7547523287389434,-0.9329743077265522,-0.22373255563050892,1.117529090476295,-0.06012757234180049,1.5995563397199808,-1.495802808476522,-0.3070213320211217,-0.31481360528706914,0.5352348245450965,-0.5114253669723935
4600,2500,-1.3053742823601668,-0.8244572242895681,0.65611839230145,-1.5083094404841086,0.8410494494801163,1.0107331203546133,-0.301517127685565,0.7967390078236308,-1.5187464783474824,0.8864968280328627,-1.2492375869008217,-0.15050449344050001,0.2186312713647944
4600,2600,-0.9890934908108783,-0.6960391494289164,-0.30913829921395514,-1.602960911699328,1.3731524182985055,0.10239530971635061,-1.0510562335807714,0.4103162706139187,-1.3079262034222903,-0.06002710574147039,-0.6239718790929855,0.21469578172442982,-0.5039248921530709
4600,2700,-1.101102726556479,0.19283137221958674,-0.2385601984632337,-0.6036321785512837,-0.10458654132711086,0.08372303700904603,-0.20194076291303076,0.8651823272095842,-0.34315844868625006,-0.12046093341925361,-0.5245801771859017,-0.43495217176778367,0.10028538854642331
4600,2800,-0.02479072598148815,-0.08118683256600619,-0.6065434763150503,-1.20271218983561,0.24717071493690315,0.029950062461027535,-0.10244907840883025,0.07004970113716742,-1.2529692669197174,0.6800521164564044,0.7842441359387434,-1.0200193894739127,-0.4714280780861728
4600,2900,0.4831890673879547,0.8622275879124911,0.3277395834435655,-0.0044713140830693375,0.005153663566406684,-0.41873618390591405,-0.145215140384681,-0.6065364800139594,-0.7395756259184602,1.383910412433141,0.03397922742648183,-0.8529026472566107,-0.11234365112183939
4600,3000,-0.06807481609122865,0.6709160170194036,0.6079207593128058,0.9146741889364567,0.4175385183579221,-0.7029758105921696,-0.10181853363002966,-0.09810862701978586,0.4748404281089201,1.0507705812688388,-0.41846418382096673,-1.2116585583938413,-0.6436544584481497
4600,3100,0.011963034087298884,1.0630687763582334,0.41379986318715456,-0.6809203236739092,-0.3508556214298409,-1.599983084028512,0.1994734217990499,-0.9241368968599035,0.7688003415239509,-0.572183639784959,-0.11179326917691648,-0.5294813872045897,0.5549425924713026
4600,3200,0.8360129313331733,0.14602012555718552,1.6144444056273268,0.5045197331808378,-0.4137839819479468,-0.6925648417116026,1.1906501221011627,-0.2703877709154542,1.1256368009993603,0.8636312859135349,0.6497634451371374,-1.2205115802914321,0.2851761263442853
4600,3300,0.27393255617872875,0.08271617289842051,0.3962108233723457,1.6077865370905078,0.3644473242098044,-0.7570867746684847,0.23108896641622756,0.3112892606922508,1.713237771829119,1.2410092164189386,0.7573707114092271,-0.2935915348070975,1.2554458022109447
4600,3400,0.3012400530353527,0.12433174221479547,-0.22277335780682267,0.505475488726887,0.06339021718188409,-0.5997356247342011,0.4896112651756325,0.22744392147060682,1.2444639694268522,1.350243082519338,0.30999323045686955,0.058001894404478886,1.3382125687074944
4600,3500,-0.18770284205565152,0.06485843767072551,1.0846359041830334,0.37542927610206916,0.07568430560251406,-0.15565767592443555,0.038623959882489345,0.4131528309708354,1.3463905317941485,0.1964603767602968,0.49990966824323496,0.807064397743785,-0.42036439360789657
4600,3600,0.15299866824075264,-0.09160261986127823,1.2902426029543557,0.9297938147332107,-0.098879862064192,-1.0876732061222079,-0.645262219437179,1.5916439683589727,0.8033363707594463,1.1563287942617555,-0.3223487425874586,-0.4474159306904799,-0.29805784859904216
4600,3700,-1.055137892228756,-0.6879746701266986,0.6719310155101802,1.5097252601049238,-0.10960049081426686,-0.26543600146661617,-0.704012629842826,0.30927902674477914,-0.09608054283728237,1.2428258705200301,-0.9096170128179383,-0.7628185916880451,-0.8621959928456644
4600,3800,-0.6714119877314522,-0.48118425771357815,-0.27745885207197224,0.3219766969672896,0.1972814988560101,-0.5763047163290278,-0.821646775237738,0.4887805136957616,-0.1345705133189577,1.2372036738362457,-0.17392757323415087,-0.02377676774868771,-0.454010379253298
4600,3900,-0.0930141271744375,0.12692396751636142,0.053436288144969916,0.6927016122962415,1.0286343623860763,-0.6340102024057118,-0.5753612017286128,0.5051857600503513,0.05977604354729221,1.1166979760022482,-0.13222108964748944,-0.47821845127030793,-0.9460878991953837
4600,4000,-1.153563157726949,-0.20526109166972978,0.7755312906349147,1.5911458698690553,0.3045897322203985,-0.2221600237603321,-0.7801834279002844,-0.3181744059233748,-0.11596056741647316,0.7057208343007306,-0.9708592453033686,-0.6999672951179646,-1.0834933147647592
4600,4100,0.6284932302920319,0.301793995716593,0.6992324261724758,0.9141678415444472,1.4117362320345872,0.20947433562601725,0.03652231996768718,-0.07786818166243747,-0.3404087660108348,0.9585603435503371,0.3879621316562904,-0.9397238412797836,-1.2438409526140743
4600,4200,0.5373809873743047,0.12748778763696766,0.8305262772548044,0.7155557724738265,0.19189702896273772,-0.5022621372791228,0.8052471441786953,-1.235075385869491,-0.3321313479634905,1.2382756021457804,0.45520359844294,-1.7450497269628877,-0.18986070917628317
4600,4300,1.1488079714271888,0.765940447607489,0.6633829707916294,1.0640162603219174,0.9626965763875436,-0.7203935235914678,0.8503188780771358,-0.6962326010807656,-0.02416001273607698,1.25820754486525,1.8085402943804116,-0.7004790353628856,0.9571210932114436
4600,4400,1.5044309191601932,1.20960790939452,0.6179958822926733,0.5085323031346601,0.4691378149973779,-1.3922897775085161,1.2385166536897618,-1.1777875250828014,0.33435473988187986,0.6192296418761393,1.8537757607548506,-1.1587084087540194,0.003856282939169598
4600,4500,2.0307860004475033,0.9860402153089204,0.9690799957017842,0.4686157379879508,0.32750910358728336,-0.8948266209669425,2.0839541021790855,-0.6683060269054396,1.3270601701021587,0.6148379622335786,2.036577857613696,-0.8122099824038421,0.7680682139841387
4600,4600,0.7701846703651387,0.7611427525420703,1.7957859167117556,-0.2172709502785632,0.08340222838493808,0.6591296754354339,1.4314403356790497,-0.7020206637921252,1.1458929105071083,-0.1997398848838709,1.3954087167986013,-0.3484291261206429,1.4230541980447042
4600,4700,0.7750500825493256,0.7353608762473665,0.27712973247021266,-0.5460010986465761,-0.1733493874851826,0.7535401067489979,0.6527880071032199,0.7275489761142596,0.6290926987530834,0.8230164953348549,1.0214378053616777,-0.576690332414243,0.8013405805612659
4600,4800,0.1984051883223795,-0.37254423247999957,1.3424711896103076,-1.6076475892446038,-0.0009372626217761673,-0.23675914742459314,0.05604852487162476,-0.1039948084493795,-0.21502089196395358,0.25578369191565387,1.072039584853498,-0.3912473994236938,1.3401146453675292
4600,4900,1.1166833072471534,-0.23026307975231677,1.2289137857393029,-1.3711248816394326,0.026274104357293496,-0.3856373413947984,0.4479736661907717,-1.2742623020620063,-0.13589255575295456,-0.38043414474227755,1.0057519251143754,-0.7205636680234608,1.7550204146969062
4600,5000,1.2354520910270574,1.2307111517500309,0.9437092122898257,-0.39760441697604054,0.8234169349457526,-0.8591846040833654,1.8011739230049315,-0.7497360092713597,0.7905922092621459,-0.3436108426565679,1.1762065031894235,-0.5183369811318028,0.8633457778238586
4600,5100,0.960506091225893,0.8137912300486277,1.0577786879097941,-0.2252837299554362,0.08030527464739115,-0.05732556324200238,1.0682163205382182,-1.251366832696183,0.036963965652321025,-0.8734636664004615,0.7752184692391156,-0.4625683312248309,0.7165423287503907
4600,5200,1.409609546837651,0.7017433049338154,1.5768119524122566,-0.7162092813420294,0.8674086632578247,-0.8100565795746628,0.8952559342339875,-0.8339369516937938,-0.5815037271181637,0.23571892827467958,1.0504633085597856,-0.2444322365171098,-0.6299662715273042
4600,5300,0.9044691266685979,0.12752613193671383,1.3933409668235508,-0.5869504682509492,1.0299155805419136,-0.5547908208961871,0.012011688598265836,-0.8121121543927973,-0.34018485305954416,0.0070391255169328015,0.7252422902888094,-0.944030632304402,0.5648838368410578
4600,5400,0.23912307721049075,0.6048032314716116,1.1319627049410463,0.018930813776885998,-1.189216195272939,-0.3932463924205454,-0.10471479413657793,-1.1370228976450028,-0.059589585120214374,0.5841753006601798,-0.1668714881577653,0.21684844120635272,0.6005445485508328
4600,5500,-0.07150488722412274,0.6039290851588366,1.4242626175250475,-1.1201138906876065,-0.3735828594581985,-0.7974237878952193,-0.04898184743260655,-0.5592858728604776,0.26392292840277,0.16673620286773663,-0.5777797925747808,1.1992074574803635,0.5125280092711838
4600,5600,0.9516514757080983,0.5154796412067424,1.5338109305266132,-1.7593370465102116,0.5855389995211363,-0.9420483273935462,0.2582052088416071,-0.1902698329069853,0.011743936657004265,0.7145026493667016,1.255681723551503,0.8939748554534159,-0.4701479354102985
4600,5700,1.5555290820394192,0.09332766923636242,1.6731259801334106,-0.8503468611530995,0.43286939893181514,-0.6341037070755903,0.8947125712931625,-0.42780228327558195,0.357295815792498,0.33858424306676266,0.4936079922966234,0.9415599396620704,0.14717286452282552
4600,5800,0.11465393232978684,0.1445359852859668,-0.1015997158952388,-0.526134057163564,-0.02039292192274204,-0.46325668316613644,0.3808152263096547,-0.5074446475191919,1.08926811921036,0.6671663920651663,-0.4758722516376236,-0.1301795793109041,-0.8406070863661842
4600,5900,0.3791592199318533,0.157317765151802,-0.11835756955924116,-0.44309958133030053,0.5126938812602864,-0.6390937120230068,0.4795756682191461,-0.9860944696035545,-0.19954562531047618,1.3146077150398667,0.7453527734408439,-0.3468346067559966,-0.7742374848446706
4600,6000,-0.652539054328672,0.6480425724139092,-0.8062114029657457,-0.8441034622247258,0.43538851896762476,-1.250070775612955,-0.07250994766804363,-1.3179359865974793,-1.091553380508293,1.1539827741136834,0.14426984873251422,-0.2425323532615973,-0.4906613144074341
4600,6100,0.1594247617776809,-0.19284768278876377,1.0867305090683423,-0.481505207314256,-0.012516970205452765,-0.55082862152816,0.21700286634635696,-1.2893824749740126,-0.6334187183255909,0.9388994164421662,0.6116477331987527,-0.6951511623847434,1.231299135898064
4600,6200,-0.2032250871703636,-0.8784985869180502,0.021851952997759883,-1.2366596213975094,0.16202052301111547,-0.6001981583998194,-0.6965360030926724,-0.69036915896426,-0.6043960591329538,1.3577502226520652,-0.9415531841821975,-0.4725216065632859,0.22934085077888544
4600,6300,-0.4300445118141676,-1.048459846039121,-0.9936662041146965,-0.49847634494917437,-0.8714399655191628,-0.4910742663786495,-0.8735325012510046,-0.03828826527792494,-0.873274817284557,1.7744491229164243,-0.6667640162048379,-0.6817680699543284,-0.2935218581262554
4600,6400,-1.2296835443745815,-1.678854698246466,-1.1223624302637196,-0.2863325957375759,-1.3901241982120953,0.16590032347328662,-0.9324693348331078,1.1697400449855733,-1.0357391614377403,1.4093515909101737,-1.5554913643800299,-0.5208625835398709,-1.4209416302992193
4600,6500,-0.5265523780874434,-1.2726076926333596,-1.0938744301882324,-0.06471016186918771,-1.6718078388024653,0.5512170917416792,-0.8119574414881714,0.8802921804575431,-1.2426072876767107,0.9855662073562714,-0.6093178611726496,0.35263514128594203,-0.4534114453658621
4600,6600,-0.8583881995188495,-1.432987722356726,-1.4700320346848188,-0.1260974124543143,-1.9441409904875495,1.5497989293835566,-1.4347206648636834,1.219161255207978,-0.4753104598273729,0.1425396896285811,-1.5638175813518804,0.9278342710765365,-0.7230085199592821
4600,6700,-0.8479584445558317,-1.4781492285082967,-1.223965271126006,0.14080202881268242,-1.7281351589516858,1.4884697147039516,-0.9325675668590505,1.4543843672470758,-0.8037141788704706,-0.6954117165787856,-0.4516694277953701,1.2134513875261432,-1.4871023195274937
4600,6800,-0.7863515826472738,-1.5809749249244522,-1.130747776996504,-0.8979347668116123,-0.6645837070849823,0.9620169545511872,-1.2510318522489003,1.7921932611771452,-0.505811543296748,0.02494836706246303,-1.0123116780558232,0.32452581956052906,-1.7558451862689437
4600,6900,-1.483634787119192,-1.0155888336413768,-1.4960924462897511,0.6085826021179266,-1.4896892713029366,0.5626210772492198,-1.1311928420682658,1.658837966486837,-1.386303241016946,-0.12346343540508725,-0.9175864733690381,0.928278073620372,-1.1194746598913583
4600,7000,-0.9542088493159685,-1.080569048002251,-1.5522886945656242,0.6807120550632334,-1.4368444078481342,0.6900095553731265,-1.1491135595579915,1.805840203265289,-0.8641813200693564,0.3732316764103765,-1.205255539684488,1.4223359089387146,-0.7636187952781751
4600,7100,-0.5292055482997275,-0.8427409301738791,-1.122761311448108,0.3075275239105636,-1.1325226317625552,1.6486869416669692,-0.7192094570750883,1.3513698581251514,-0.37061688400933174,-0.2523098228914831,-0.6907305662254751,1.0128791171287872,-0.8778582699478895
4600,7200,-0.5424329572607413,-1.0075616623235248,-1.3485824429240538,0.9473453166209129,-0.8503071353191087,0.9825400058642343,-0.7643687459403412,0.9461979571025987,-0.4493711435281852,-0.8585463509052756,-0.8437317666422041,1.4640752548880547,-0.9981238793704351
4600,7300,-0.35987837763912217,-0.8434023654956654,-0.9122962001729046,1.616646986724183,-0.7125412717543514,0.6878436846606878,-0.7972316823472417,0.4022907841705244,-0.6477521683412272,0.40640908482331056,-0.7632276640567556,0.7973773939458889,-0.7546211388450015
4600,7400,-1.4316996412682235,-1.084661061296486,-0.7266895298627327,1.8507646175043018,-0.48645962831664064,1.7441774022407788,-1.054902759717712,1.6277901664433032,-1.136607921319182,-0.3898211617867078,-1.2452771324152523,0.669490988751846,-0.4527102175912611
4600,7500,-1.522319591298259,-1.0100058019230251,-0.8466711685641384,1.7849833305200156,-1.0333763651974803,0.6149935095583754,-1.4197113861992163,1.9318904292140053,-0.24702118255201136,-0.13495674037133978,-0.7368595669567868,0.1363608811767199,-0.7364036863540376
4600,7600,-0.7226074661146518,-0.7754052429825706,-0.31494694274593615,1.4098296707389872,-0.8250307412344801,0.2772833202229245,-0.5412284858485473,0.8174516655824678,-0.7603910175114129,-0.5334889540371526,-1.2596665180002242,0.19413415015592442,-0.4486958121584957
4600,7700,-0.06976248906641928,-0.38734052362773924,-0.9109245734190127,1.4102040597137115,-0.6443970096782686,-0.5337429550512585,-0.4984003904405102,1.1562624536654158,0.002316803432766116,0.7275649366359168,-0.33753528473400474,-0.6768781427739349,-0.6190686227260098
4600,7800,0.9847050344836129,0.363816258324351,0.1923153717724799,0.94667822541863,-0.3725339052497441,-0.49258091938090953,0.19523328500070464,0.6811934875715362,1.2396154282212262,0.8439016978890632,0.550062007605607,-0.4822137743645758,-0.08447606148483365
4600,7900,1.3198875631166394,0.09934538041088628,0.37497941946543534,1.209851067846995,0.4789548366691033,-0.36137439324925036,0.6519056004818544,0.22654066351020352,1.4924625584010256,0.4810804388388767,1.026183279993958,-1.563039902885275,0.9358951159962707
4600,8000,0.9079486983441697,0.2803256740393407,0.8016753396720598,1.0569128910269212,0.44456245189972765,-0.5768025324515555,0.2949081656150019,-1.162501035213692,1.2503381279920955,1.6958495444882014,-0.16416842839117837,-0.9292919438168257,1.397312043949418
4600,8100,1.221183231826388,1.0790432951252293,0.7285263660643653,-1.137283456239994,1.071396562702564,-0.7750642137852567,1.1388777346768566,-1.7597260022612555,1.2888007265364958,1.6704858556189772,1.888510672820604,-1.0267372482657426,1.4924770803518872
4600,8200,1.0236056976897456,1.2626073909502213,1.265795583324601,-1.0995519838184369,1.8146217312366117,-0.9983424278230216,0.884445329120617,-1.6730616002889656,1.3066865999602462,1.904382367090561,1.1380263523703162,-2.0201331068942125,1.5430566613164043
4600,8300,0.9437554188850267,1.1944498424381529,1.578571891852966,-1.4285503046212105,1.5825687035902578,-0.5513228562853136,0.7562866166834221,-0.8809162933154245,0.9908308395848983,1.4700959125964816,1.7316410670038684,-0.8100242781504255,1.3970558085700717
4600,8400,1.5759848655781759,1.328057585623151,1.0762918172576659,-0.9942880309480079,1.6511275868022641,-1.0618536360948394,1.4707159272039707,-1.1236896628558726,1.6818459019557417,1.4359029522226963,1.7089546750475435,-0.8627101101289544,0.8558915971981386
4600,8500,1.3047872438529033,1.5014462336454166,1.7557625852880383,-1.7901925763243793,1.263746153586258,-0.8679824766760358,1.076180385666685,-0.7841148434452332,0.7570757661555448,1.8216454709920993,0.9365873751985985,-0.97647813715984,1.517240423672705
4600,8600,0.6380065805082523,0.952500682983416,1.2230476128452472,-1.0285383533379084,1.046327689143338,-0.7852552468747781,1.0304239709119343,-0.5441786806437653,-0.4541330992625616,1.319357128465833,1.6138277005946107,-1.38826154525223,2.4523442735918852
4600,8700,0.9206756053431919,1.4626212882186806,0.8268219019431294,-1.0841414459511058,0.5696480129640131,-0.9647993287269898,1.0537933055252764,-0.20143970498273248,-0.3028826898056797,1.6653347125414786,0.7292063761992118,-1.1471926393977312,1.6980112661758187
4600,8800,0.8559613911835346,1.0540722279617747,1.0752073379248233,-1.0373259677114692,1.3773394131228944,-1.5921293706543127,0.42512894298545406,-0.5743863758118561,-0.4258757029872133,1.9118971546947763,0.8526861429058978,-0.536160749401457,1.330445781927363
4600,8900,-0.022383439723346003,1.6915610717204395,0.6117669561745742,-0.6636876039606886,1.1725716416352672,-0.5113195676384471,0.9267472538820107,-0.6905024664080963,0.4633006161642195,1.2850938775765524,0.6621164905449961,-1.2701751342849048,1.2240874346844142
4600,9000,1.2281382336495061,1.0357077853118108,1.5814813041881273,-0.8302109857205618,1.7693493916715999,-0.7004319500727205,0.5892830541383614,-0.6718819800550879,1.357055293936921,1.8310567826297885,0.9052153403120298,-1.3845502650257038,1.3078509182910842
4600,9100,0.29320063584151557,0.9926714140898902,0.6137120317469392,-1.3214481148096433,2.0920981763796105,-1.3702339723390136,0.6120121567694768,-0.9806319700090772,1.250824780056191,1.774119396376943,1.2676246170169265,-1.1924075438118114,1.8165326860973858
4600,9200,0.8553805148129261,1.5974608568711421,0.6181405522049304,-0.3413628832721349,1.0724252859152574,-0.4538597868355718,1.1960483257524919,-0.9652271558692183,0.7958061330942566,1.0270512413858333,0.5779682956003519,-1.2006913821577048,2.026023041874108
4600,9300,0.05144132563277631,1.4800838273548562,1.0849287724917165,-0.03190570893140061,1.4532770475425398,-0.6800550537074685,0.3883358124451936,-1.4774428947965674,1.6281923177231026,1.0789067437101387,0.0992649856181761,-1.402113208242327,0.6585398560024864
4600,9400,1.2550307678120687,1.822302271012992,1.185559194766594,1.0545676608794867,1.774764350015759,-1.1618863546908706,1.5387191845133206,-1.0585593256539712,0.2217277786925242,1.7010824364731791,1.3129267364278079,-1.1149836000086693,0.7395049303459744
4600,9500,1.4845154947470551,1.1615197566636062,1.6576076858337625,0.6072402119937834,0.6828447407617763,-1.6264488529418195,1.352937914469229,-1.6577125165109259,1.019842514901246,1.8416102154605496,1.9633379000770055,-1.2994301510587165,1.6354609825576676
4600,9600,0.9282372636164463,0.677228661595605,1.677444423827646,1.0637431672518831,2.0046121821564418,-1.3844595912325095,0.89279666090298,-0.5088697289578548,1.4282661766224845,1.3306919049103771,0.9802827519390691,-1.2251919768658428,1.063762262843217
4600,9700,-0.026844395564594708,0.2555509807074766,1.446652095275795,0.29578848024233906,1.743146289755036,-1.2733638429918877,0.20482730096816046,-0.592087216508552,0.8930104961412518,-0.4217064952153809,0.4249907887699293,-1.1358291983385953,1.1321558747903206
4600,9800,1.1132384667474544,0.4841269914253348,1.6806788700182405,0.3305347361026248,0.45921608191790525,-0.6367383517146638,1.5502802701747505,-1.4273482805964652,1.4388619992486278,0.13481689267816588,0.9097775608358424,-0.49591230329527675,0.9517240668987662
4600,9900,0.3705719496784291,0.07813155060616005,1.5256642090755466,-0.8591536225519762,1.5488085695248348,-0.9333350648960718,1.115664738509014,-1.0683336193923365,0.5302249267749142,0.920086405513813,1.1180085545172067,-0.14669648045699024,1.5768156527778547
4700,0,0.2573195852536713,-1.2960112336291707,-0.5219852461367949,-1.0532544763756253,0.05222850439788931,-1.3704378910438664,-0.3586594035504774,-1.0015892763268943,0.2974220742277356,-0.7625498388597525,0.26572398918144297,-0.9794396029261474,-0.4699334856797856
4700,100,-0.5543826622536893,-0.9043223917171271,-0.49018610840376003,-0.8654008734562408,-1.520985840079147,-0.5639976973381917,-0.4611023215532632,0.030431032038895443,-1.2975493551675263,-0.5430052138180357,-0.7463767627943252,-0.4908100176588704,-0.1138039358054457
4700,200,-1.2523553902089901,-1.412744981969616,-0.9387220460850025,-0.65688905462704,-0.9658979099167361,-0.934286744581727,-0.9173660548747884,0.8994455114632229,-0.8686889765771225,-0.10111549860260399,-1.2210915223421719,1.2060330778001027,-1.2717387843337808
4700,300,-1.6163790867737244,-1.0949862608090732,-1.2554919737707113,-0.47055969577055534,-1.2355238133450404,0.6101332346244136,-1.1062809888215441,1.1636604421574501,-1.6705704192097364,-1.1199412127617003,-1.4849948860651707,1.0695366881235207,-1.0102573372428112
4700,400,-1.2616567586723793,-1.6679453887113045,-1.38738482517739,-0.00674012895438784,-1.8142314693714856,1.2941971839371298,-1.7134279446056357,1.3531001030670942,-1.1365111221094815,0.037409994907964886,-1.6218391989559513,1.9204688745202947,-1.798392147455796
4700,500,-0.8464863519182859,-0.8162779027025864,-1.1288664761638387,1.3851522979849833,-1.4059059432496555,1.7603175557784807,-1.0439341377738842,1.755261197929903,-1.4372324201968316,-0.6253841821077499,-1.1071579749908418,1.910155837893263,-1.4928772021470693
4700,600,-1.1833048916777495,-1.0129311405369916,-1.1515112837845183,1.4881676140188156,-1.0004243129686126,1.9915019588981573,-1.440413620217709,1.8219869974368958,-0.5210574552077272,-0.6566948917586742,-1.3808439654148588,1.4931518933701218,-1.49481430794169
4700,700,-0.8172862897831205,-1.0777382676361953,-0.9040804804236593,1.4387594546672273,-0.6616288628573793,-0.1277511015891218,-0.4580663777509633,1.687692953051569,-1.4118717612654976,0.044380025625618096,-0.6720274941364778,1.0626121524672338,-0.6714078424639528
4700,800,-0.6524736048573703,-1.3605096044690297,-1.3448962487150817,1.6579574842051368,-1.241498426860679,0.9552057238254562,-1.5629433460954656,2.104129882557075,-1.2573714552867743,-1.0864594420906077,-0.8904793773435301,1.2946462698346928,-1.5295100245144981
4700,900,-1.7369721654401564,-1.331948740720781,-1.0378969972463374,1.6986768744537466,-1.049079424539118,1.2119790858307962,-1.215608607063942,1.4782164852633026,-0.8840691718432127,-1.1930005135296728,-0.9949143697270122,1.5869638626589324,-1.701507045480522
4700,1000,-0.9773283961082068,-1.3976638807501862,-1.7371114073959395,1.6412275032421186,-0.7527318434038508,1.3934474587050867,-0.891735898047605,2.0776402745841644,-1.523321796624544,-0.8534533473936843,-1.2201150588646206,1.5861363081940696,-0.6932048480880001
4700,1100,-0.8876529286449775,-1.6505896083918459,-0.6654035513453672,1.3553120921553838,-1.4580980997280841,2.2207922614329347,-0.81264552619343,1.7464712538414264,-1.4829579865241735,-0.8399810740645894,-1.656347700894697,1.3401073254196512,-1.825904396414159
4700,1200,-1.6978323330465137,-0.9570567088729255,-0.9994709160564968,1.61648544174599,-1.5626236569769345,1.9663619394384069,-1.9410812864760947,1.633548143335276,-1.2449688418574778,-0.7801729372423691,-1.415907533164162,1.8705063042592327,-1.430088688275776
4700,1300,-1.5557996310256155,-2.1410383178405565,-1.6434811178651527,2.297601503466306,-1.5844558330029799,1.6460670642548563,-0.9321958623665269,1.80895836193354,-1.0257859564769594,-1.4876011564213498,-1.7705101353048966,2.0318193480637365,-1.544294198528244
4700,1400,-1.6757467805968125,-1.2015436612450296,-1.5249220193257504,2.2331824836910505,-1.1672004111108223,1.9546028712683456,-1.503025954413822,1.379937445395662,-1.0599047977327936,-0.4753356006732368,-0.8814543247102341,2.5525105701189803,-1.2856202001247916
4700,1500,-1.7456081700257642,-1.5161545566499273,-0.8662032569686939,1.9676280755324373,-1.8342683728766058,1.849646831684029,-1.4193012536585414,1.9159694415281314,-1.354371782277105,-1.0062369619932348,-1.1900193395246113,1.604533247221716,-1.1907737926338455
4700,1600,-1.47062744155436,-1.7551141145005844,-1.1119088125319048,1.7244032873623278,-1.791571619366429,2.0803738861765324,-1.7245893021519632,1.3567910687281755,-1.6258537099026034,-1.1755110045713095,-0.985809663665918,2.105879977586909,-1.3718979535229834
4700,1700,-1.5004716958984532,-1.2429641227762431,-1.1092144271245012,2.044505971411095,-1.615215483073291,2.502105054079765,-1.0691560496295505,1.2679112433741784,-1.6611852775179934,-1.5175761982402385,-1.2167040394193531,2.080393092340411,-1.9649163943603438
4700,1800,-1.5398226333987795,-1.7853965940878793,-1.4770061380893953,1.634402888336091,-1.3563970436970674,1.9884072091560046,-1.3182915353963118,1.7919744656450858,-1.0254258255776993,-1.5440965434572294,-1.4736322313256,2.4668508003294862,-1.652896413428052
4700,1900,-1.228185357957958,-1.6396881102060858,-1.4216062979927162,1.6276575220688134,-1.3630939923028424,1.491372177067966,-1.2893199939986275,1.773538085552355,-1.2363642226058562,-1.2595981605373463,-1.375393013995096,2.145405643518113,-0.9635047084633978
4700,2000,-1.100026652820209,-1.6896119370074034,-0.7513745580533706,1.0498619732424013,-1.6660531595953652,1.7857291935621917,-1.283711861869854,1.5665479561886801,-1.442119758497607,-1.2559678488307717,-1.3999284914497239,2.0368427523201036,-1.04364538728025
4700,2100,-1.2467826311665011,-1.3243361287187736,-1.512403135720458,-0.6818651095076036,-0.2711255558844497,0.5799676640015046,-0.8805731728040304,1.7785824170392168,-1.1637424938339327,-1.0476272525788792,-1.6326021833815065,1.6441374316104098,-0.9769275037854165
4700,2200,-1.0460888650361189,-0.9703085714838213,-0.9053872591919557,0.17625568147888832,-0.36275988985209545,0.6288555619237506,-0.590509932547429,0.5828780858311458,-1.2614413094969275,-1.3973874323097812,-1.5658699988302738,0.4548570288507189,-1.1488076640950942
4700,2300,-0.03355354891543465,-0.0009383508512119063,-0.16696129395594467,-0.6147602712714768,0.3307695920508921,0.20293766144587927,-0.07792437127034034,1.3860385186468527,-1.8051124083718497,-0.5479148276549224,-0.963134816673236,0.24757037944791493,-0.2238965114955399
4700,2400,-0.37325458722052524,0.7303282219627025,0.1905508357165145,-0.8332526945875884,0.9408510290772575,0.9172100615847772,-0.6350193198968536,0.8461751479461179,-1.398475574275916,-0.5123069401286366,-0.034254625123686,0.15854447846344485,-0.4448857329239554
4700,2500,-0.7338504647750012,0.18240253205177018,-0.03844510291409951,-1.196373756980469,1.0059501855498545,0.5843176973855251,0.08405411795284502,0.18386036782804846,-1.1183003958633442,0.08868453251417513,0.07136782156080043,0.08436548087711737,0.08289379818318682
4700,2600,-0.9212506493791198,-0.5370242334465688,-0.2318168944828238,-1.1639125133850965,0.44832999669107926,-0.311033608336332,-0.9800784742784361,-0.0864559948921311,-1.8193526306412153,0.20604296199882685,-0.4322394892186254,0.5824520323966826,-0.1849002285772444
4700,2700,-0.10733764007650462,0.24091798885714483,-0.42589448996039037,-1.3964037108867808,-0.5503413155997369,0.1903300608110918,-0.6823796694011424,0.5319204738184863,-0.5069997306348657,0.08950859850807114,0.01915003732911737,0.3029615337981147,-0.6012898239768298
4700,2800,-0.16165409321726265,-0.14539115779119746,-0.5349355834261775,-1.1230691605563003,0.06334018057821088,0.29141103617935676,-0.07565456994192774,-0.138914486711504,-0.9732616174736812,1.9666891093995649,0.7087570088783923,0.12211049288660855,-0.5031502515913863
4700,2900,0.2249170357620583,1.6352196840208044,1.5999138150941417,0.24400094267576675,-0.03199195627179891,-1.0936284223558546,-0.99929871824457,-1.056766147867569,-0.8608637950389122,0.7344467483966116,-0.20659005161988966,-0.924361650036262,-0.2986308197727177
4700,3000,-0.6686766244058359,0.48270199655388,0.3192488113579559,1.1578332707917973,-0.3268329529615515,-0.3639482676776051,-0.28965581704482635,0.2500791902315953,0.5373652713043736,1.288822122464322,-0.8473879590637421,-0.4176560973390608,-0.3655453510991598
4700,3100,-0.7397098362058167,-0.1630738304954652,0.4509906317625214,-0.1747334157870744,-1.1153042235885873,-0.6749416669649378,-1.0556018876279092,-0.06691356650544883,0.4794318946103794,0.5133065770954494,-0.7032366690117621,-1.3217689535077428,-0.6522758407658392
4700,3200,0.9061007760413883,-0.5728178015425296,1.3976631340183905,0.4571780464787738,-0.6161994538755285,-1.123088318160069,-0.14178093812420234,0.4573289091799139,1.1230521552216424,1.020768035639632,0.5845740942530286,-0.5696599276083817,0.12817595018077688
4700,3300,0.9529445379787836,-0.31174746545449916,0.369532491411347,1.2554788096608565,0.2037440334775842,-0.08333177984315657,0.2021953863527512,0.06896877096020684,1.3693264350612397,1.1707364012502925,0.4830576324713568,-0.6527564814118828,0.4561060572390084
4700,3400,0.4908907903537235,-0.7522023307485232,0.5093322259642337,2.068501794102247,1.0353262630352789,-0.6858005994598846,-0.6448331508101419,0.3562197971989599,1.203733644750814,1.3136020125737287,0.745656832694706,-0.7399685483565539,1.754951442537012
4700,3500,-0.7524536284958327,-0.43534015722701525,0.5277770440101165,1.5964550482014106,0.34051335385883014,-0.06422312408346982,0.008621595614112838,1.1105163447519752,1.1304861545161302,0.8344401118033246,-0.37579540806620365,-0.6141443257330013,0.007670549261664748
4700,3600,-0.37914912007892004,-0.1717968294549608,0.16771420574925586,1.2190490985571676,-0.03859962119653328,-0.7852952160499637,-0.5481790842973391,0.7419454944599443,-0.10417195729633345,0.34463385552485637,0.24779709625117788,-0.8157748234989528,-0.21639423467393779
4700,3700,-0.8378001509905079,-0.4626651381521917,-0.3110737880910607,1.4761008639746604,-0.49124516367169074,-0.7808692306054469,-0.5692071779882388,0.4652083900369987,0.20173832022670146,0.5334305115719088,-0.7135301973752054,-0.5999537276018698,-1.3134668786458177
4700,3800,0.027678816035872366,-0.3529334063931686,0.244845579440526,1.0822579239283125,0.3670616744841469,-0.7840012807850724,-0.49688876515949826,0.429887845539026,0.9084317646777821,1.6194523126212446,-0.23389516413674175,-0.0385825117994103,-0.5157069316755217
4700,3900,0.2085170048964385,-0.19123890548251352,0.6670131949213863,0.9211225989092315,0.6333786152905382,-0.4974193508965636,-0.09966852821853689,0.8788776720532218,-0.04807611812778315,0.804467393775528,-0.07369601630282581,0.16547401957752608,-0.6689954014425722
4700,4000,-0.6325689159297402,-0.03690582464319949,0.6984097742056309,1.1457912976815814,-0.616316063962131,-0.06597863365768802,-1.0417128529212754,-0.5404742233175487,-0.862274564749599,0.41811225047648326,-0.43034242688397273,-1.5219677488876238,-1.0559629983306882
4700,4100,-0.43616551358813654,0.24883010346761783,0.24129148564249164,0.7165417219089035,1.4293957850668466,-0.09018960105370742,-0.4710617775238917,-0.9545648452698622,-0.6646837680511877,0.6044914943026639,-0.6728386615354816,-1.0210085408472136,-0.8019327999967379
4700,4200,-0.23655134273018452,1.4019200844913462,1.579384912971431,1.0038690672410624,0.7366636728219295,-0.8998655712510876,0.04739274349609249,-1.3103792842662179,-0.7268179928349721,1.0058324004953143,0.36987578491267137,-0.8057598771383836,-0.9269312490478709
4700,4300,1.4800579589729028,1.0914181220967247,1.2717219408582654,1.1896864250772772,0.9722089438778568,-0.5689767807465301,1.2091426870070254,-0.87631718784313,-0.556599658351136,1.4743767227540507,1.076850193713929,-1.0975000026431236,1.280892192424441
4700,4400,1.259453159569601,1.742290532969708,1.1202386584562314,0.3102796581959971,-0.19119117467542654,-1.7788474410836475,1.3270559817503222,-1.0484751117820224,-0.5371568539340522,0.7657843434457494,1.1029338962802724,0.46379958688559497,-0.7014594979453634
4700,4500,1.6868325315109667,1.6697253830711267,0.48544093570816216,0.13977331942114468,0.49157087539416267,-1.016784550115673,1.4268342049822194,-1.224603858016151,0.253389291017322,0.8947549584946576,1.4406519921015775,-0.7245878091708317,0.0880585214063444
4700,4600,1.2852011737528555,0.1583474673094496,1.095065841821268,0.39516803787665095,0.20576517117684529,-0.43680096461415063,0.8258083081120613,-0.909390548427684,1.2034793162133979,0.26967516012278037,0.8044092659367211,-0.20524297946326628,0.8628422364306702
4700,4700,1.280067802804336,0.48741541919834935,0.7416677504855261,-0.7771654735685752,0.2223731451583212,0.9770729508133164,0.5952500520350907,-0.3043490524491607,-0.1477701738337129,0.8808271131140366,0.9352605298026742,-0.5484070585959537,1.6088407957435789
4700,4800,0.4018070785542421,-0.9947942323830863,1.077802632557631,-1.1947596058816268,-0.6088249673705376,-0.12315326533721788,0.3878750711627554,0.05601353518958839,-0.1237747462274298,0.536091259933911,0.8571417485793095,-0.6547819268950331,-0.31415036624927023
4700,4900,0.7888335067588763,0.38251938338207825,1.1151202574210057,-0.745515521937826,0.6402087389674951,-0.4502434721043934,1.8621986121808016,-0.3253000767854709,-0.305824333920759,0.30888050580184184,0.8978107310015592,-1.1318735720665074,1.5315561152608692
4700,5000,0.940812734584288,0.7902801902805501,0.7566389069508989,-0.6074022954332293,0.19700497877406645,-0.9362210546031091,1.009251269382,-0.9250785560557485,0.35739525185657106,-0.41567661104182774,1.3305502322505531,0.035460692809576706,1.0233772941685548
4700,5100,0.7086092733424161,0.0157380155381439,1.7673601061898174,-0.69083170825509,0.18398470592716115,-0.5075293448433242,0.8963593348314366,-0.8269918999420721,-0.1591767353088236,-0.42350025941881414,0.6465901970523972,0.0056598125242334485,0.6764870187721688
4700,5200,0.9490317539893721,0.8005383644179966,1.1441182271167596,-0.44546711319236776,0.38409099801227004,-0.3495380515098695,0.439522214554683,-0.28178672282918316,-0.3945688786518911,-0.7936086278677074,1.5429854530730538,-1.3172838685431787,-0.2564771286052419
4700,5300,0.4635037266655727,0.23202058304722775,1.5105153372903548,-0.6920822198042373,1.3032893566871266,-1.2640267165026373,1.2708120190503656,-0.0861333370967297,-0.6047409840980191,-0.4643065940285175,0.49278175959604564,-0.9122916778901837,0.05392145222319923
4700,5400,0.5760312053075602,-0.15630265715493175,1.1751105711762198,0.25452120863291117,-0.06254318989314492,-0.2555721938350563,-0.4566845617883804,-1.2235220125346469,-0.5350323735877117,0.50392027099381,0.24894693965770492,-0.48065954920275955,0.41960499914696775
4700,5500,0.2814304226494557,0.11468121001695371,1.8777293301270457,-1.0249975174026593,0.5073932901001703,0.31100964042891116,-0.1527874476062081,-0.867771810818009,-0.7841455367463813,1.2175601384106216,0.17530127425243058,1.1231868949227073,1.5389432594112245
4700,5600,0.8329719800150222,0.9343790844142014,0.9255963005736271,-1.5738894966952437,0.4010138896085372,-0.7371033881553227,0.2768741545887787,-1.383645171147987,-0.6573768899923238,0.8432336087702399,-0.10891349623436589,0.25759400452705994,0.9017733103235023
4700,5700,1.2133030401338158,0.41440428238147214,0.657658560122259,-1.0430921865693943,1.035383413965631,-0.7227794836427766,0.9317455545333867,-0.6317557392504172,-0.11129238049169513,0.2463345870290295,1.0505892711757239,0.7620707006448427,0.1615489784657085
4700,5800,0.8791854351902804,0.6329879032411851,-0.04338583686487609,-0.12723112681609583,0.6599102017032116,-0.7687021128628893,0.0909186245251547,-0.4937085509325102,0.31137105339742027,0.47839298070392344,1.0386187372240852,0.06496406278905972,-0.16288429739094296
4700,5900,-0.0758263719530513,1.048504598428634,0.2765476525753648,-0.008637991323033263,1.1153814321427997,-0.6093231622174583,0.3603857842133818,-0.6149697015111754,0.35522484323957254,1.395202233675216,0.621859154500578,-0.3390782959278575,-0.4542079885020945
4700,6000,0.0625525401979191,-0.3304992012624743,-0.040429304341274765,-0.18316888897989336,0.11981418866655265,-0.2685609741497146,-0.10417652750767956,-0.2694942714165675,-0.34577693190629477,1.5446142464175316,0.47859931139007145,-1.043490856376458,0.5182309414215408
4700,6100,-0.6406334890916582,-0.9018330129380137,0.12425297871277365,-0.7197621137511204,0.6027974797041962,-0.563276148794298,-0.02205273781096877,-0.6135591159217166,-0.7903216445985439,1.567147825024542,-0.2831175310960276,-1.1041429324728724,0.9047845911878142
4700,6200,-0.28721946579789936,-1.3717264726297818,-0.2193953564174611,-0.511618269769404,0.34725741556048384,-0.1495625335947205,-0.9695191266489375,-0.42827345048798215,-0.5708712846362372,1.441780742539566,-0.8057245454249345,-0.22083735066039556,-0.4564285738576279
4700,6300,-0.5419070883606774,-1.3573711460280176,0.213149457970455,0.02366699062145017,-0.659242097985857,-0.7560560915555954,-0.29931787314932456,-0.20876753724286531,-1.2625701516936183,1.4030787564513572,-0.6695992972746134,-0.2297925760297457,-1.8162258382361836
4700,6400,-0.9482200127597946,-0.9722650850061304,-0.9696127202602262,0.37509089631179965,-1.0541119535833379,-0.2672334305670341,-0.9416865698379248,-0.43036520390611943,-0.7717731555646179,1.5621572089340763,-0.12739856930937268,-0.3957733036819182,0.020534620266744373
4700,6500,-1.021574556863559,-1.1801670674879279,-1.553378199724693,-0.35164357344874103,-1.9361625354386989,1.5089212890481722,-0.5061027512027486,0.7166961399701556,-0.5445279954249513,1.1789223035115897,-1.0991546474842515,0.5119304527688328,-0.6873677750211159
4700,6600,-1.0066910722895608,0.15247466075257188,-1.4337131788664559,0.39656245118412653,-1.5117584512984532,1.898963320753759,-1.1846290741861267,0.9349576846780595,-0.19048570527228265,-0.3836697962120559,-0.6774983131097767,0.029239077742464592,0.25665688441878204
4700,6700,-1.172108035744678,-0.7329026918406485,-1.4458142886811878,-0.24953507986579798,-0.9692730523916734,1.626435015201402,-0.8028552172042341,1.4258343249365513,-0.4921836601962228,-0.089906118308743,-1.0889051790909354,1.341855360455005,-0.8586125720782606
4700,6800,-0.6914827226355574,-1.49702179701003,-1.31229648337293,-1.0244942440405822,-1.6881761094300651,1.6835775965072362,-0.9306718888372629,1.3968631453448486,-0.6216549305836173,-0.4511428191596717,-0.7793250991594584,0.8366130970472374,-0.974385684224334
4700,6900,-0.7559559583410482,-1.5115478871593921,-1.3764628465996918,0.35502626085196376,-0.7443719633966625,1.0289778377732868,-0.4311008060502127,1.31080790207373,-1.1351973571184182,0.5821931591526114,-1.2285670692700859,0.9470643842186397,-1.5706965296685431
4700,7000,-1.205973522412701,-0.5363928885533117,-1.656432155497179,1.7252936957949188,-0.2966043028430146,0.8733413899030341,-1.0458337868491154,1.975506757802518,-0.8417933431392144,-0.1738893202319657,-1.2662931148111136,2.13466431163804,-0.6718018288413911
4700,7100,-0.09963175465075587,-1.058763181793518,-1.045514281856274,-0.13727779618274602,-1.3372727938818156,1.5212947928570215,-0.12503862363856347,1.6022382759714497,-0.8800708618686851,-0.07220644564460152,-0.3162580428473168,1.5145546069984925,-0.5539432193217516
4700,7200,-0.346271012482717,-0.2758294794497748,-1.1097466672316632,0.7292219515841156,-0.7689657733054298,1.0780871647377244,-0.3107505697172563,0.5705463955453891,-0.3031985658311612,0.2103486662745997,-1.0905972630009817,1.0022157833210068,-0.17516589353202092
4700,7300,-1.107590733383403,-0.9896038432913714,-0.9673400545611712,1.8958259540527318,-0.6432093866052185,0.33544447034692043,-1.3140836959888171,-0.11483960706553041,-0.7897372732064804,-0.9518962357420542,-0.5091980123983801,1.224681119086855,-0.12685204337723335
4700,7400,-1.6526521681722623,-1.5632247391930112,-0.4190459123509154,1.5644302209368692,-1.3948475887587313,0.40417295938694775,-1.233770486273779,0.7346776459499293,-0.46095597848777736,-0.5374405097270957,-0.8520140966523262,0.6566688988627556,-0.41850258629903514
4700,7500,-1.2861976473491925,-1.858841756943795,-0.5986024412460513,1.9001755631083863,-1.2406577467222581,0.4688834269059364,-1.2163901362082536,1.0571726637411851,0.030823876132308546,-0.7544853797731286,-1.1202756072125108,-0.09953491278997469,-1.1144961855097608
4700,7600,-0.5991219987120809,-0.8691636426059496,0.42275381219975744,1.755614407696702,-0.42933341297128563,0.46763296366712115,-1.2981423527871148,1.317211262021878,0.13507022413580738,0.1879850971699536,-0.6167719132190935,-0.2595416120698515,-1.028768990458638
4700,7700,-0.6250924940911906,0.15978916165336451,-0.47029119256643953,1.2910263170255283,-0.8320599101583165,-0.46812646548488107,-0.9422393820883349,0.8115805090734004,-0.5741456555135985,0.984696700756111,-0.39535574653778277,-0.2865568931009427,-0.20323241652090418
4700,7800,0.15419359480760716,0.6134827587716725,-0.44101604079742773,0.7138146076941098,-0.32911392179134646,-1.331826996898169,-0.509497247025731,-0.4443006652226668,0.8201803446984032,-0.13623287925124936,0.41957879519557917,-1.4087813910241611,0.2848875475403648
4700,7900,0.7995976446864048,0.9560564975893651,0.4287791528067873,1.7045578210762937,-0.6006649902141957,-1.6052549469931865,0.7833777220266296,-0.8549817755550082,1.1121677457699792,0.9757551687772059,0.7217239020049914,-1.3729715451855875,0.5043566299689705
4700,8000,0.891440383447285,1.5138735796744716,0.4004926014402793,1.3657571624417428,1.0055391159157436,-1.320594359576035,0.9905168062300912,-1.0688383539980906,1.3551776636770319,0.6359651301534334,1.0938541746641635,-1.5180003875192933,2.117162209773313
4700,8100,1.6099939992202785,1.0232811335105734,1.4458055754645536,-0.32568897858339146,1.573861460196596,-0.7986872874301824,1.7906850782928005,-1.4624811664311683,1.8350138658992496,2.0726903417897184,1.7901130315286158,-1.134058117121373,1.4466629060249647
4700,8200,1.0759451461256153,1.3441112125546741,1.284864837501247,-1.4904344458605192,0.6969473671561914,-1.1226518304981776,1.661863964407534,-1.7297810035319292,1.8231412328525811,0.8424314405733424,1.8994669955172663,-0.9702943085162514,1.5511825212298844
4700,8300,1.066964576103924,1.0152619011600665,1.278259099393369,-1.434852518741443,2.3701447476557402,-1.7507792642950522,1.5990662777211142,-1.5669447897313133,1.5948369036475745,1.358619675373227,1.5570655995052067,-0.8161584131651912,1.542830844022756
4700,8400,1.8110028030212613,1.7591833943226873,1.8376443982473687,-1.674769595240757,1.5999363142263614,-1.090552894888201,1.3790884905611922,-1.6490915585642207,0.7693579633021863,1.189616090961016,1.5339114168776862,-1.239195747371526,2.1395245945413737
4700,8500,1.0046373659017998,1.0961590145186457,1.713577812981712,-1.192998458295971,1.7901596584969144,-0.7029735503647467,1.5440072456507967,-0.9869579657724397,0.5519363153734587,1.5366289304547267,1.2497906583785563,-0.9203290566781996,1.8946650734407844
4700,8600,0.9689458426354229,1.3122350901714945,1.5555992809867016,-1.1996191635939175,2.0294107751416073,-0.8297060943978454,1.1125519677683955,-0.9297262542948607,-0.8518405582598974,1.451378895380966,1.2119763438603455,-1.0371917103531243,1.928281393988714
4700,8700,0.6115155297207401,1.236309884614204,1.3348785341498646,-1.7920924979663244,1.4275575515638916,-0.5907386538918439,0.7941236242511907,0.1600860712842493,-0.5692537733710901,1.5599003477988194,0.15692170922616294,-1.530325025657801,2.0594770424106086
4700,8800,0.6918773683851659,1.3776915673432175,0.9757292199767397,-0.7250218211709804,1.0001926544555881,-0.6651834600126637,0.29270168794947055,-0.7761995846182284,-0.13218725474790635,1.7378857651670534,0.14694820292194113,0.005086703511997565,1.5279492369892609
4700,8900,0.4042173239768301,1.4089809354649787,1.0539432120201542,-0.8264850878690604,0.9682762749800402,-0.8340851901190671,0.9186065628412166,-0.5469651749249795,0.07725713918585757,1.0699041461267542,-0.6212799804675586,-1.409893082275246,1.2403560757533214
4700,9000,2.114601802308926,1.169894330782393,1.2067853082568638,0.06290594411507383,1.5034737062805783,-0.625857737410067,1.2882735788020108,-0.2967980190247721,0.6925890032023182,1.3716592186345635,1.2198044109058281,-1.3658587702719978,1.447531916034501
4700,9100,0.9518460225696275,1.4979298116736057,0.6450178820059334,-0.9021698058626564,0.9302826880763494,-1.162563025257252,0.7188517231655436,-1.077777964354142,1.1102694504967092,1.3225017187615782,0.976001795938282,-0.8719175076258113,1.1920663729983905
4700,9200,0.9255895947897677,1.1500771452286143,0.7101382243218358,-1.0031123927489647,1.232298889316367,-0.3317209917247277,1.021614863845395,-0.6887328311512454,0.7750137306668761,0.44725834332900266,1.299172223268969,-1.3129081408951961,1.3817193891227708
4700,9300,0.5739991734603834,0.9195718010756938,0.4537457870815744,-0.5938146694600266,1.3365332341194105,-0.7481115001133377,0.31660711233673994,-1.246495229327079,1.5550266746510157,0.620105257562576,0.11062806812515846,-2.278824721819281,0.1576901973206674
4700,9400,1.4098387435580038,1.4086833579617288,0.7365952411222363,1.2586533561750668,1.4621615713507672,-0.8932213972332217,1.1828112827478774,-1.6305992402549494,0.8930718471606353,0.7177718845629765,1.10428073113589,-1.49766691919194,0.9508917124446485
4700,9500,1.4562210805344264,1.8702891940291764,1.9003669640968641,0.7202273685184852,0.5838714966622643,-0.7050352169228367,0.730308176810364,-0.9879008500590446,1.5106301242231843,1.2948105315414642,1.5557084500360987,-1.187744620723893,2.0622142356687814
4700,9600,1.7143452834471609,0.2923595556908521,1.6817949861317822,1.0187064029374409,2.2678749168760866,-0.9061607658699806,0.688194716625385,-1.6576648808805146,1.4469119228833665,0.8348548480819573,1.1036407055646447,-1.1383297220237591,0.9290132921072577
4700,9700,1.013112749013513,0.2214186785530465,1.2952142839621599,0.1612009382809706,1.6361319279789013,-1.3532582328088216,0.7494825833467439,-0.759401064032565,1.007378783641849,-0.17975124172835297,1.017386050050185,-0.6648744029156511,1.128347518775489
4700,9800,1.1680123009293628,1.2071874635101245,1.242240439735919,0.2678676534711687,1.3318473032467844,-1.055684436328543,0.46192131840407646,-1.1644986504518764,1.7100585233686505,-0.15747713244616918,1.3012499427558395,-0.9547869182966482,1.1412259401149893
4700,9900,0.046741338345014566,0.028844043445697475,1.5475759490780232,-0.37070268328007383,1.0269780391758092,-0.8654817102005758,1.2746925924509858,-1.3146349391163075,0.9688788500408586,0.8807938918987555,0.7424792201726642,-1.369625618606338,1.6232437497158811
4800,0,0.5934052104895869,-1.4193421683026242,-0.5221602065430893,-1.1123175068657554,0.32330995037792626,-0.7892881534955307,-0.6271651607581299,-0.42606654625452167,0.7529105780288591,-0.5485874169037721,-0.31639465399687217,-0.460326503540731,-0.6376965161815762
4800,100,-0.14344323028402445,-0.20655946652462578,-0.865281804520734,-0.25646878380143384,-1.148699985475397,-0.8423298838432106,-0.3743266892387305,-0.4395022322537276,-0.7324641197752891,-1.4981427426263696,-0.04165942842316683,0.5213792941498856,-0.3220753215580755
4800,200,-0.6951374549162626,-1.219072680027534,-1.5322452092235903,-0.3408558622678603,-1.5475887992841557,-0.3563925698091606,-0.2882440526814543,1.3519761382320516,-1.5057942034819443,0.24641925078595556,-1.4269655310021865,0.9110498697861144,-0.867636157725578
4800,300,-1.3134315374322654,-1.4020982809778428,-0.6057221964191813,0.13881694240624365,-1.563798293921686,0.38175946350426565,-1.1692984924190049,1.1866105216644793,-1.6634101573503612,-0.529459767437922,-0.7952737944893055,1.0265633330937978,-1.7327007085217327
4800,400,-1.3962039052729924,-1.3197038176615141,-1.755896437434106,-0.12634242808251903,-1.1844621365996926,0.6294004578644689,-1.1267796484100285,1.3038140202168509,-1.3086383818539526,-0.49074969838294474,-1.3161832754143195,1.5660998467147709,-0.9659246848857881
4800,500,-1.5271019774615453,-1.229147389103054,-1.4865307461690636,0.938268053403973,-1.0570885609746847,1.4374220535632436,-1.0446780237596607,1.655449149861435,-1.6269119028615873,0.015959132267179422,-1.6049208332352787,1.3800406453034757,-1.4081043752144047
4800,600,-1.7713327008619952,-1.0679627371797547,-1.0826131870189488,1.459975526255474,-1.23755540261177,0.5352110427440492,-0.84849288252707,1.7356959865315147,-1.3468801356061457,-0.9648619658923446,-1.0159829538312042,1.8180377066589504,-1.835030232093541
4800,700,0.2215727872896968,-1.1186292615332427,-0.8619695683223839,1.1187517089155028,-0.936844911563289,0.5994842059292896,-0.5137371497183112,2.428905659892702,-1.3118042387259585,-0.41992661224032407,-0.2877647665440413,1.2734946552770683,-1.6659783236667698
4800,800,-0.44912921424482793,-0.954166135360165,-1.275349636324865,2.068529914256832,-1.2206916823035217,1.0367780756100906,-0.588237558892454,1.6256271721009012,-1.4386682819216765,-0.9529674644374841,-0.8650338470023166,1.7532875731354027,-1.221139236398678
4800,900,-1.1977937949345339,-1.074839202871155,-1.0023663594383698,1.3912743127249563,-1.0734212593302346,1.4238900225673032,-1.3460606450573245,1.6910755558945179,-0.9563454754450726,-0.6919957787598907,-1.2852801548940875,1.5876913893622333,-1.458562560288255
4800,1000,-1.2892516728863808,-1.7851957726890064,-0.9468903830872614,1.555204356250429,-1.4907064295464039,1.3164805651102363,-1.1101294332548182,1.6266368782791312,-1.5235936615652548,-1.1987193950395676,-0.7642310031042387,1.989429974450653,-1.835114877881666
4800,1100,-1.5423279896258033,-0.7504195717043038,-0.8894613777550628,2.051218562290727,-1.0903812019632948,1.4578335463578276,-1.4953046141713784,2.1305696370710185,-1.0537317124529961,-1.6753715711436246,-1.1962878314368266,1.5737570663874607,-1.6677610037514612
4800,1200,-1.2777747810872442,-1.3932773847486812,-1.3740949561106135,1.7322246006670532,-0.942757544489178,1.4977319607131436,-1.1877317051085887,1.3429105202893596,-1.5600343630376226,-0.3322323241922645,-1.4151903569526785,2.302274913295888,-1.9154870927570264
4800,1300,-1.9910561944534821,-1.691903030780644,-1.4372344436153304,2.0415194022654313,-1.4626010114911978,2.045691204109086,-1.5028893224979716,1.8594857847489412,-0.9734376193491964,-0.7015594703612927,-1.9436307602490859,1.6586114178161135,-1.4883217825765183
4800,1400,-1.0470289280887362,-1.1656314444054063,-1.3476246329344312,1.224650370709042,-1.4981404319173297,1.6906246150679776,-1.2448962604792093,1.927913526817155,-1.6374309926260906,-1.5400905092267663,-1.1177392243051603,1.8341083424210283,-1.5718088679140267
4800,1500,-1.5831403333522778,-1.5541026142986807,-0.9345339922594736,1.8317306136628306,-0.9922423555306187,1.7870992593087212,-1.2346084486262272,1.9132743094188318,-1.6006615882099362,-1.0790210160983684,-1.3163067854514707,2.123858235551658,-1.3810523120017049
4800,1600,-2.230581597131973,-1.1249327376047802,-0.9291787739689868,1.4967174160844774,-1.9969949193904588,1.7926177410062947,-1.4860936956332025,2.4032739241117778,-1.3904195032380138,-1.2431347663613865,-1.2772956498934616,1.1649176648032769,-1.6440778171713437
4800,1700,-1.1433490712170529,-1.5965118598716632,-0.841894057111977,1.5948533556876843,-1.1701975795739281,1.2902874634030987,-0.8949135615962946,1.5558720448499908,-1.847586506420455,-0.9402563547266232,-1.3489019416216121,1.2334687822510844,-1.0932446189485365
4800,1800,-2.222082461356445,-1.896101929146116,-1.368564242630817,1.6017088624395266,-1.2859027506201113,2.017450182119663,-0.6783062852061098,1.420484409499539,-1.4656732409365818,-1.4421964683179829,-1.6954082272277922,1.9830583441944158,-1.3084798580359231
4800,1900,-1.332160352550805,-1.2630752433236943,-1.70349047309876,1.809102356616857,-2.120940648606786,2.1727922239449464,-1.2890049315001544,1.721807430169099,-1.3566830505794238,-1.783254807469864,-0.7832774757654445,1.8007335143254255,-1.3379027374457857
4800,2000,-1.4913080896052204,-1.272831987120254,-1.0666423650698296,0.9691422772228361,-1.3193609595926528,1.523836411901521,-1.410063614190371,1.4095155763998808,-1.4475790449933228,-0.7165892081234475,-1.3180261948055554,1.212139316362142,-1.655279474511016
4800,2100,-1.9003673807401,-1.1718213273723193,-0.9037996449310552,0.2630467799460545,-1.679763881033199,1.3584483251622899,-0.7694869518680468,1.8353613614136346,-1.6228892964636656,-1.1010834110284635,-1.382834336561836,1.7420578105375997,-1.4583601630488754
4800,2200,-0.826255106722298,-1.129360679709702,-0.9890685283500569,-0.08906858593867226,-0.6241402313615463,0.4282021311499007,-0.3567890276763043,1.117725331107082,-1.4516301316565807,-1.657471982762766,-1.1624842439582903,0.8748130340909434,-0.8029920366356994
4800,2300,0.20231819097456175,-0.46901957436503716,0.21671799754365476,-1.150230335711713,-0.6241924749797626,0.4094297740487401,-0.38237087317077995,0.8771189190344015,-0.9997296007323294,-0.426943149642109,-0.013128832729341715,0.17234215407292847,-0.6853006127630376
4800,2400,-0.23688278029434423,-0.32225614138930475,-0.19708582964845237,-1.074156764417226,0.44455307105092184,0.040292162786961724,-0.21851696335901585,0.14324099876481833,-1.7471493783733347,-0.14454634391443702,-0.2885980181963856,0.726633842834284,0.25189643030591197
4800,2500,-0.006046760681608229,0.40275741480675004,-0.060872362512360896,-1.5234808750042728,0.8779471608422227,0.2577829686121448,-0.33722843448829337,0.8891502365464693,-1.5726073278252342,-0.5681391260881782,-1.3143112163753605,-0.12223264482954868,-0.18121928187119193
4800,2600,-0.9062187265633087,0.2042252333992218,-0.3251001671679904,-1.245598914415666,0.49033800105937586,-0.3464955711802117,-0.1974282079295291,0.874390573937225,-1.0324255181783906,0.22078950451528398,-0.4481963826798578,0.17226440230084905,-0.021828305448487392
4800,2700,-0.7439966009412529,0.2487575815427374,-0.6244046020698495,-0.9278874891140171,-0.3031804804993008,-0.14614295492115828,0.3369955338935936,0.1999485153323174,-1.3179575725666977,-0.09298250673381482,-0.1126891828561172,0.18992204132544416,0.16296811124050223
4800,2800,0.2147622837731107,0.2911288828635335,0.07624628622323659,-0.8260390812102776,-0.3471907618753507,-0.8104355168320192,0.42513758285744396,0.15737935619561041,-1.2114904471742585,1.2553036315498254,1.2923345623903832,-1.0244775001104232,-0.6614358557783699
4800,2900,0.105351290456381,1.5976325590953298,1.095043390851976,0.09447644639164604,0.8340706831236155,-0.3972048463125834,-0.3407181823186061,-0.6468199026908008,0.7391545462386152,0.4027460956326567,0.10593999813009408,-1.161559025275574,-0.7296814114447079
4800,3000,-0.37198441912524216,-0.37774640186411657,0.11773529771232072,0.8515572910895859,0.3647332607029386,-0.7076508314552397,-1.2523921405507508,0.3987805646783114,-0.5315024054014094,0.38927350981125636,-0.48934527264047956,-1.4412973089546235,0.15777255356764674
4800,3100,-0.6666368589743734,-0.43567474211850504,0.31085387411388066,0.9010638706450423,-0.8728193561294747,-1.0379414219765082,-0.43692703299566954,0.19436996654094457,-0.4288617536126673,0.7167333120117059,-0.4856765871832233,-0.9147980308003448,-0.10927548498995196
4800,3200,-0.21974809345563487,-0.2507525311525251,0.7179994847796828,1.0919154876855974,-0.5924560670357916,-0.7494853408575199,-0.568067390359485,0.5621560657641911,0.3795507637104565,1.0406613545107395,-0.4003480729443151,-1.2367198886909285,-0.8110627783871808
4800,3300,-0.5070360451903011,0.8158980780581104,0.5102406849309136,1.1247877037157452,-0.009728423037838552,0.7379846246975752,-0.49920742880318897,1.3977149743071808,1.8328063466899702,0.28330695044109544,-0.16900648100420826,-0.8122009242506668,0.2381899130673002
4800,3400,-0.364311905295644,-0.6771113911614601,1.6238612855430865,0.8087319472693433,0.5837164258646396,-0.18963415946481552,0.20659060744944885,1.557114538495675,0.2576739446878491,1.1753862682261116,-0.2616273774628843,-1.0490432628528854,1.1631506107654794
4800,3500,-0.6381850726111624,-0.5234439142440984,1.2145632894211138,1.3325496189864265,0.5393969295816,-0.3548767715206237,0.45345707278058156,0.7515374672317562,-0.10391021525569953,-0.7171746993235051,-0.8491471241684162,-0.7589158005452858,0.10986728523528314
4800,3600,-0.15781947887113526,-0.7704307130990885,1.2623555671556164,0.4920138443147409,-0.26142244529754877,-1.242013109899765,-0.7410536045791075,1.2389270425591805,0.33851035838619126,1.1071620332976673,0.15002020809328212,-0.8356378747678886,-0.4337094362378911
4800,3700,-1.139588933359243,-0.6461590447670846,-0.4217751837414186,1.545955341836387,0.5704990508257103,0.047274300996927726,-0.7660963253705666,0.7337251237595218,0.782836199406378,0.1808041916040326,-0.854532314023055,-0.3304855891717213,-0.34893921438843245
4800,3800,0.29126539171485266,0.5073398931957461,0.7148008445700462,0.32119339228262694,0.4972931489843617,-0.3651310720065213,0.24766855455306622,0.11870161662038685,0.23840727020392574,-0.3847301028661114,-0.0595670862699874,-0.633244631680349,-1.0120327475343902
4800,3900,-0.5742800787969793,0.4256821862142529,-0.014574208308690667,0.9095288471805738,-0.09274784203749696,-0.9461940257513307,-0.8757723477113025,0.4662316031781873,-0.37671069938453056,-0.11733119806924712,-1.1377921648436233,-0.882001242108896,-1.3198593332875401
4800,4000,-1.207450277036858,0.15107152537833166,0.3901083989799312,1.1436464448953014,-0.7008553379280347,-0.5497025339673556,-0.09582647570982895,-0.02835222654031574,-0.6818377940519578,0.5220166228917386,-0.6681057800636272,-0.7240447089049051,-0.8211499972443657
4800,4100,-1.2067093392434138,0.28397739427659585,0.1583883538152437,1.2992277994652932,1.7637654676064927,0.32117948798573626,-1.0472784392279015,-0.9390843306938463,-0.9827648270793271,0.5071013668231654,-0.5279221936755166,-0.5065197084866606,-1.1446162354615572
4800,4200,0.30338205747643154,1.8370345973884648,0.6961703177517531,1.6165220136169562,0.26326780227028446,-0.7006394911308155,1.003830954710124,-0.707731837805662,-0.04804091424923031,0.6687007748742403,1.2948170547596205,-0.9015863060335825,-0.2700232790307455
4800,4300,1.0202912648932958,1.5414640892991982,0.967271779382504,0.8270758091420471,0.25499192181252095,-0.8404282879755457,1.9834577127872675,-0.8474708376929291,-0.6611578520574275,0.6182840550210583,0.9802455417411734,-0.7697806981522342,0.6418143618010739
4800,4400,1.7841717030830317,1.1150623543768816,0.351262502456828,-0.18314313568301122,-0.5656305225204168,-0.7421060415326969,1.0672963279712973,-1.4902501039305829,-0.5548449826743918,1.0574619917407562,0.9957455066130733,-0.15470770474564488,-1.1294832226472928
4800,4500,1.7765752087738536,1.6570967750874457,1.5598844965164926,-0.02186165457364768,0.46421127224272046,-1.1832222460266535,1.7687096726560787,-1.191091249580429,1.3027291696425805,0.5462629679451569,1.8904761725760657,-0.9426929294966352,0.824878523511079
4800,4600,1.497870114403481,1.2740597596854197,1.5232389125089973,0.06226737976282018,0.7013296283485025,-0.23496409631680348,0.7571712038477225,-0.9324138909365232,0.8885082314061349,1.2611255746037464,1.2331307579486959,-1.2541497790720832,0.5772061622389764
4800,4700,0.5639609207088966,0.637831885545922,1.3809683925856098,-0.03256043034514107,-0.22899399676515836,1.0731890709316299,0.5615210354031526,0.10641315385638934,0.15850363766240566,0.6931697445302039,0.058611383230808466,-0.5046392012470968,1.5924518387415612
4800,4800,0.7624519352886505,-0.30992122785857046,1.907551552979923,-0.976759033079634,-0.9622978513773833,0.5806332638570461,0.010188088499303347,-0.13746954557301644,0.48856943610581516,1.032853196498534,0.2586478892611789,-1.021728462394024,0.6600682368449567
4800,4900,0.35863292685549064,0.6456328811456469,0.3811638116796247,-1.4864290167109464,-0.4912477467620479,0.16633961195724573,0.39967913481298245,-0.9405627999561817,-0.6570949331523676,-0.002025424451401632,1.1251496368887126,-0.8457449087875744,1.4349534119160787
4800,5000,0.16005528709613998,-0.1580049310811325,0.15714735592491397,-0.22929483343666632,-0.24240969912348687,-0.987193064382408,0.9848674369377557,-1.0032508809879397,-0.8231514284532994,0.00689329450353942,0.4748985891824487,0.5131157974009436,1.2779145722615994
4800,5100,1.177211184423712,0.4192874215051692,0.8624919670014481,-0.4966985208933267,0.6545930212538978,-0.24184104578744933,0.7523042401561757,-1.4295628981231023,0.23589759504821176,-1.1403292897488038,1.3747234353221518,0.019758316999433864,0.35477120142018026
4800,5200,0.698570039568075,-0.08538220847891406,1.4271953681956695,-0.18087259678386278,0.3198683454398988,-0.1817917458424063,1.0974850060638333,-0.5234960469074037,-1.1079687780402279,-1.317141275267992,0.7225187257473417,-0.8021119873100793,-0.5018522733665431
4800,5300,-0.05252710738239475,0.5343469290482137,0.671013458558006,-0.30244498041458806,0.45269897985428004,-1.2751634787222896,0.17825087104833234,-0.730206984891084,-0.7359613245095797,-0.394445229781448,0.4971233778901737,-0.8320642263037552,0.36159781096924365
4800,5400,-0.502591479087294,0.9383657255719259,0.5396274490258259,-0.2618123470648486,0.21394737920398482,-0.21412594240572,-0.5494240215922006,-0.4997264658726961,-0.12996173528492735,-0.03964103957886228,-0.2027617788145786,0.7640272239742121,1.353903155636126
4800,5500,-0.09889325758051022,-0.7814943552218004,1.0778112448428787,-0.8442784640925755,0.9052016377463727,-0.8734282769200421,0.29485580633536385,-0.9101775741715306,-0.003803499756616638,0.8396595979063872,-0.6824504246210729,0.6543989878917503,1.1715691152590568
4800,5600,0.3689267957023854,-0.2797031926783216,1.6089125742062704,-0.8535288281156145,0.7645087812645884,-0.03309123630066982,0.118858820578815,-0.6435762763088568,0.40578239678695577,-0.2547530534145776,-0.23218537102208625,0.8478535100470012,1.2814250665861449
4800,5700,0.9683833443270184,-0.6787875935587134,0.015318343401343311,-0.6000678044602047,1.307982585010887,-0.13893987058311272,0.5812569988209284,-1.523889454147272,0.5701398440315072,0.4842804559874742,0.911050403191861,-0.38881439280785773,0.650460131970302
4800,5800,0.46574231110382025,0.7794237810444581,0.19354563867124203,0.045620776597580105,0.06391791402081631,-1.0440199586872911,-0.03637754966947613,-0.8088086768309096,-0.30529964329227355,-0.31515989735671923,0.3026987959914416,-0.2899137895575287,-1.2350717663436097
4800,5900,0.021502701753132274,1.1909155636275934,-0.09732722742100088,-0.642242601969995,-0.1730813313403532,-0.7180060637482822,-0.7770676593904203,-0.7592059829566331,0.3433818976706975,0.5629677152989676,-0.8915944215297104,-0.3950237134857941,-0.7078984684153741
4800,6000,0.5514043770695894,0.9666988798350569,0.2709610267429113,-0.10009747402594553,0.1633131057666208,-0.8117238209004648,1.0216873353689877,-0.9136850775734633,-0.10965350224410925,1.0901564674803363,0.300657341972554,-1.1023901819722428,0.7630065357983139
4800,6100,0.13609933775168204,-0.8450347600040448,0.22307719278204613,-0.4650138087525416,-0.07448299894873175,-0.34617346360682816,-0.15500092461462525,-1.2554266544212478,-0.7714453328933675,1.2670475357443802,-0.21448325357964257,-1.647590001847327,0.771715974446537
4800,6200,-0.5451036275810454,-0.5653964661763098,0.007609319890247795,-0.13357432322398716,-0.15436860900287436,-0.7685993417485438,-0.2004508319004643,0.33478265576423044,-1.1321049230088536,1.4455854556339152,-0.5739960376702354,0.2001766495265448,-0.37927502717787503
4800,6300,-0.036261424463798014,-0.6659619237612057,-0.834390608667273,-0.2777478082385191,-0.8895505845616049,-1.1239408003029028,-0.19117054535060507,-0.5436848234807496,-0.8403393832010202,0.9579652499018413,-0.3681226308593954,-0.28455264383524537,-0.9959073805803241
4800,6400,-0.7250228837102083,-0.881505548657323,-1.283589801463861,-0.1319342407877916,-1.506274448917224,0.14070090674206068,-0.6842112717077588,-0.18929546012505347,-0.4667508857473754,1.4979859539310048,-0.18059811659208347,-0.5533357941251087,-0.5443510307956451
4800,6500,-1.3080443772047654,-1.3307911046323946,-1.2352165074122028,-1.0365355518500963,-1.7190494749309153,0.2840838218001366,-1.4859760547260297,0.8075229050441708,0.2951556232153031,1.2326249905273234,-0.6322264610976556,0.5197904857671591,0.05426422226400849
4800,6600,-1.4943419620705038,-0.7705811674520557,-1.048546418454109,-0.5310303473679979,-1.509821874675666,1.2591854919233152,-1.0658707084853651,0.7364980357770672,-0.4119866513112511,0.5374195704662946,-0.3800451418815975,-0.13901422086935145,-0.3631639148357649
4800,6700,-0.45845050924368935,-1.1221169437522613,-1.5591045734200288,-0.28685014951290266,-1.6793089779455608,1.9437498232880166,-0.693194560351466,1.4663809241300927,-0.608066553543928,-0.067506460152964,0.1737079962522251,1.209076487294319,-0.5017497308742472
4800,6800,-0.5977042765976252,-1.325844964979874,-1.0216617133873431,-0.5814277420962022,-1.2558801380261546,0.9672929698148678,-0.29393684901578576,0.6007941335071928,-0.8286997031469242,-0.31659729072551995,-1.6248723214961405,1.1543170332123944,-0.7993832520793825
4800,6900,-1.515348193803686,-1.2532004542665265,-0.9934871207180499,0.6741824774094916,-0.9804304936104611,1.29277545805872,-0.7399105091563679,0.9301923880769642,-0.39250411227755316,0.02477223688701216,-0.5260454092138054,2.0382943879217232,-0.4441011837152383
4800,7000,-1.0438562086315597,0.18082526413316385,-1.2271293330760398,1.0769539519128348,-0.4724674954492136,1.6355688351788742,-1.2041515787454857,1.272810516643995,-0.7738335780524933,-0.8807929351941712,-1.5290309044343497,1.3431747800577107,-0.7452118309052773
4800,7100,-0.8578524927514098,-0.40920148285362434,-1.255250090410833,0.8715025051917832,-0.8585056258737781,0.8661418981897343,-0.8825941005410595,0.6085393229899174,-1.2461320147565043,-0.8681901720537348,-1.25148713508296,0.8585211225760175,-0.4470833715224147
4800,7200,-0.7823578084568953,-0.9715248450056944,-1.3908221598960144,1.2821935344116147,-1.0007067265880738,0.7001777514178272,-0.8597704312479403,0.17621748278640323,0.03403200953551936,0.6781665375960855,-0.6322632961191805,1.2351299405806404,-0.12913877256275097
4800,7300,-1.4135385670977838,-0.3313960940335997,-1.0183643943623422,1.8126383887045765,-1.2371534327122533,-0.26813022057191316,-1.5222964778495849,0.25292096423700405,-0.8929236250427336,-0.6974280832497455,-1.1138908293282814,0.8933542676426676,-1.0313790264170333
4800,7400,-1.040586428824628,-1.1219158439538006,-0.7247287436458537,1.262940393138805,-0.5347917836509918,0.23940450922150097,-1.3663270548328643,0.23251291892608397,-1.360239688304531,-0.5755426524913878,-1.4292054928361848,0.27445856575358335,-0.9767014901189571
4800,7500,-1.1919469083759315,-0.8156571109476978,-0.8681375882279104,1.341074095296026,-1.234078811438697,0.27563720405418357,-1.3896000502414416,1.657138669482996,-0.5889106117091012,-0.37297510685690366,-1.2675339937357122,-0.20516694916830522,-0.9867474703281117
4800,7600,-1.002648787419107,-0.6715125014309297,-0.18009903683851025,1.4608575861253472,-0.8558588580556333,0.306111666846567,-1.581454059829673,1.2763788709740735,-0.4900554438460005,-0.2585782773520099,-1.1907551999584787,-0.7732062036452138,-1.1563210666890076
4800,7700,-0.26049807326733804,-0.5034000441885574,-0.48903367678766024,0.06007510713598199,-0.1775965320797359,-0.42922192071119203,-0.7640968530003179,0.752253534913412,0.10021146291161855,0.761462390338039,-0.22375374129905418,-0.543198212413162,0.003207903495398839
4800,7800,0.34233166330390064,0.6053472202862613,-0.8971236251378077,1.3091361170371,0.9127213373576182,-1.630253955794978,-0.366106328944197,-0.10019723038161542,0.0646895138374328,0.9476919613643661,0.15136611982625225,-1.0282732626832545,0.09883061934014332
4800,7900,-0.18757954825882192,0.7106898051210699,0.48307139574777563,1.9679025824626601,0.051763904374858366,-1.1705618908263344,-0.13401023570698234,0.010297415067958325,1.1602689977294725,1.2505928502690387,0.12321274176057972,-1.080456575762899,1.1787653006751904
4800,8000,0.5276120338059308,1.3847027360343012,0.8944211023946442,1.424809354334292,-0.19471979238996007,-1.7145306224869026,1.264719136792956,-0.538024781090309,1.606923608481114,1.0472217794469225,0.7153987708203642,-0.8301021501868026,1.193968889196566
4800,8100,1.8231833362190721,1.6855898062868964,0.6835968032496694,-0.40998960625770026,1.5599782992264306,-1.0947672200185445,1.4683625756660712,-1.0938629005472578,2.0702138785283317,1.2609180586369928,1.6671313922915032,-1.590949161839683,1.498930385350754
4800,8200,1.3552950942877273,1.1197120304121095,1.5952985526386583,-1.0609806832814095,1.1008121352275835,-1.5404398694630226,1.5258633117325633,-1.5406353950334981,1.9134186146824186,1.6945631022123175,1.558757980104206,-1.3311070073930118,1.8184594136896066
4800,8300,1.0758051929888763,1.4734454217858064,0.5862082145516007,-1.5656103680656601,0.878299657173869,-1.143286067602383,1.1545916861598364,-1.4000767738930568,1.2014694251109839,1.4422133327196698,1.1123861938964315,-1.6295782112819603,1.1811202179834777
4800,8400,1.2770336461697247,0.6294603696738947,1.490680148020518,-1.1123026174518296,1.7362401850876874,-1.8271403656117802,1.3967705630013199,-1.0915662956868284,0.9262325270410764,1.550348214721193,1.57879000567904,-0.3499986508690633,0.8334518152068836
4800,8500,0.625930560610624,2.270794996585874,1.3182176458968649,-1.4391165198322489,1.7126292955243136,-1.0743489740022385,1.6361640713552705,-0.8011630977900605,-0.5186265002906596,0.7027084569639265,1.4957717794569358,-0.39670899544973764,1.0342177005688142
4800,8600,1.4949529589771622,1.1168718971796585,1.7598931278454433,-1.2513395729636605,1.597942042219151,0.007865354236385892,1.6588876301748983,-0.26852918624714683,-0.4953566975056956,1.0087368851971492,1.3799724163638014,-0.8875327194147459,1.5531604701044568
4800,8700,0.3479917343739548,1.3225121509875106,1.0402472520269495,-1.0786072841484748,1.8066507597792352,-0.6033360415261414,0.2126901390279418,-0.7925553112031083,-0.25000086529561477,1.6445648542434015,0.8832698037562731,-0.5684990335564329,1.1334333118007487
4800,8800,0.61543369667394,0.8802355316912818,0.10564455013434444,-1.1067029464260814,0.6532325082154449,-0.5132523652877876,0.9841356596509362,0.08458950640965426,-0.5584541171152332,1.423411534264642,0.07584069579565975,-0.4024971101080423,1.4490494320370269
4800,8900,-0.40999623158524634,1.1906207193092946,1.1858499702169258,-1.0419781248452296,0.8688562586011636,-1.0597181381477996,1.1971328168085822,-0.32316881409215964,0.5065611753368267,0.9401885215286151,0.41221013850699506,-0.7720499128601069,1.6539492450763553
4800,9000,0.7411681107195143,1.829522042562613,0.9242244854941706,-1.0951592400516443,1.2570824886839305,-0.8046078958156179,1.1897830987965528,-0.4705878638381453,0.46884676502644995,1.279294955949599,1.6007232596126688,-1.2904520017619325,1.2602006153431446
4800,9100,0.5075482973806483,0.6084750672644514,1.121900812303752,-0.7005405969898489,1.0384844356287652,-0.6827787751015325,0.9126287819874953,-0.8813008263047865,0.5552276968218841,1.0917238176647817,0.799781939833604,-1.4561511284652384,0.9939330702974087
4800,9200,0.37677561978602475,1.58185007367618,0.3691383308136474,-0.48018202207486815,1.2253981520877213,0.17791110082063796,0.8462244402402694,-1.2257058206517548,1.1349858750350552,-0.06201173717569605,1.1560364615049539,-1.3516043014470787,1.1023325809032665
4800,9300,-0.48040470574190997,0.6018215843658633,1.037464016996549,-1.0948769950114379,1.3800980158955571,-0.668647719907374,0.5832412834126598,-1.21396801144903,0.7799110459462668,0.5722728052420153,0.09981155534130512,-1.5358177209312007,0.0972139199271572
4800,9400,0.6676081871727858,1.6293148645525506,1.697302193976549,0.37594275768727575,1.3199436918700738,-0.88611051644877,0.8273440873964795,-1.6411143535929573,-0.11246903373354283,0.9951079764128337,1.8503346253564854,-1.3966474034762195,1.5997259202476315
4800,9500,0.9737635484131931,1.2797231044209285,2.11629525940015,0.7831646495747421,1.0250721362623425,-1.194311681507031,0.986032311637802,-1.4443557395909483,1.0195250979319759,0.9893463052891065,1.7964008194194907,-1.8474462128852112,1.3378488507144055
4800,9600,1.6191934242999584,0.4608295086525572,2.273121734102668,0.4847102750055915,1.792579246393068,-0.7391383022240585,0.9905488585517429,-0.6039734274012648,1.6508129056838088,0.9133645807435369,1.455752917242861,-0.8840903113181157,1.1529526782726303
4800,9700,0.943222381222981,0.32052085603482655,0.5136623425740723,0.23621564545408352,1.3772304208541255,-1.2633381914105732,0.8455434441717169,-0.9229511077619155,1.1030655329902455,0.016969533603907266,1.1020789407886427,-0.44819475106688844,1.7622569995520592
4800,9800,0.5742753744728383,-0.12968324569851714,1.748256010829591,0.3170220004643103,1.657721861368564,-1.3046286232267628,0.9568205863437063,-1.2995142123707206,0.799714494210523,0.34954315592304835,1.3037524411157657,-0.790155201467083,1.0055080752811185
4800,9900,1.6761899953065262,0.8470337125368113,1.6299477083835454,-0.49288596175886135,1.9435947130201767,-0.745547578043041,0.8370494994159938,-0.7163219413947081,0.9661710236289338,1.1763395640604695,0.7544847973467583,0.49687551813732245,1.3050317314182371
4900,0,0.5498276673616744,-0.6494425550922772,0.3559906307905925,-1.1194825627534186,0.1297007066515066,-1.916372881380488,0.39618164427972746,0.015831408054479117,1.026406972597002,-1.0753927935094563,-0.2155175205375453,-0.41956604625744937,-0.10075271535733905
4900,100,0.2382441486707455,-0.5672323451850433,-0.5756972795717892,-0.5711780978765636,-0.8253785695840775,-1.6529429601156467,-0.4288188958345171,0.11729094900417829,-0.694123535100605,-0.46591537413321155,-0.012014685859997909,0.060810588457268305,-0.5678667870986396
4900,200,-0.35032787876887206,-0.8838763579554039,-1.1220007348942764,-0.44010958019246105,-0.9530591379996582,-1.534836798199397,-1.0813348694808909,1.3627767012291414,-1.2101028157548772,-0.6251681634241767,-0.8768772323740709,1.382285818164378,-0.9746466097242713
4900,300,-1.1437646170917106,-1.5905137614451301,-1.7090183148560867,0.19913340211327324,-0.5318978122084539,-0.5874570095006367,-1.2202598571972565,1.574110278663813,-1.265707510784681,-0.7216302039960177,-1.5495948899063132,1.7498499992459655,-1.2582759831160433
4900,400,-1.3574209741593037,-1.0859966081900918,-1.221880262477283,1.5946916481844087,-1.012442941753984,0.47712008326090904,-1.4228031073367111,1.5301404245935493,-1.6519159991839207,-0.956134182903204,-1.477914059325124,1.7049380408135297,-1.6024354937062861
4900,500,-1.3259419701820283,-0.8570159976395284,-1.1136862172589794,0.7061107633263526,-0.9366918523058786,0.7530009948442551,-1.1043089088761253,1.2383904681310294,-2.0453552439194853,-0.7305887398723161,-1.0704750846227513,1.8421204157229603,-1.1814165790843576
4900,600,-0.7046227263002357,-0.7295160932336677,-0.9236676909296878,1.640937907705753,-1.833695267689019,0.5112489105114439,-1.1277264480201263,1.5588954941350897,-0.7175188441429696,-1.90727715371157,-1.018993122820154,1.0525368576440048,-1.498547390857641
4900,700,-1.3873446332295205,-0.8811763703057194,-1.1184014103291848,1.4856298240163646,-0.9944956234351329,-0.1036594685839392,-0.8814413171794754,1.6095575206736024,-1.5316891052437533,-0.3328059739713401,-0.41620318454500665,1.2487883005871028,-1.1331084600228953
4900,800,-0.9637018422549057,-1.2126492436349778,-1.4582846328753432,1.84772430797806,-1.5015727330334818,0.9033893330934557,-1.1351802296485505,1.4851199385496505,-1.8190499116091565,-0.7070690836762946,-0.8476951570240161,1.906944582854593,-1.3945770641579185
4900,900,-1.1917766362930118,-0.793597385230863,-1.5626404392033635,0.7796458372706425,-0.9411155371133988,0.8815783327207064,-1.4159707531401802,1.6575941415036055,-0.6723126158116705,-0.78368477151936,-0.8412842188219759,1.4297863900721621,-1.5417708401656216
4900,1000,-1.1742277002169335,-1.0613016457178326,-0.8352496116520479,1.6837811884530391,-1.029792651529257,1.2252678908977244,-1.195157179911343,1.54507795464201,-0.9845883313798979,-0.9191755857838424,-1.8373181556019065,1.243273175012863,-1.2735238096281616
4900,1100,-1.2855096061387736,-1.8140180892885431,-1.2402608618106812,1.6329946374066888,-0.9771319892831674,1.743060217321914,-1.859679722783237,0.48931465475265984,-0.5652078396808161,-0.3903983562220169,-1.4667768849809322,1.6056944701399138,-1.4354880935696102
4900,1200,-1.9103231063269008,-1.428847840471922,-1.6437191395644577,0.7627149864686548,-1.3582048882458728,1.3704970865214303,-1.3128448635121908,1.247754899098875,-1.1244322895526924,-0.9227291966268378,-1.804263357560239,1.858171152915592,-1.4493621045940164
4900,1300,-1.567588541904392,-1.6929950885845642,-1.7389433014092528,1.7882585913118454,-1.068695683332279,1.5195332770229026,-1.3126641526045433,1.259282715089803,-0.8000605842915377,-1.4688918468106218,-1.5302188864274644,1.9101607659929045,-1.7429332951415855
4900,1400,-1.7776415905766438,-2.1153369437399245,-1.2065989297775015,1.541814427802567,-1.7601948848568745,2.507706071220095,-1.174253424461126,1.6993125374002231,-1.767583893931492,-1.363737473959028,-1.1206928518016415,2.5210704074039842,-1.9452821847452622
4900,1500,-1.972427385157627,-1.5402742233957063,-1.7600034596588974,1.7465861187509053,-1.777682734483218,2.3222856128474567,-1.439870810790896,1.9381969258515845,-1.8872031592203904,-1.3639065883797197,-1.6002873276124217,1.2672051772473254,-1.6156857825290234
4900,1600,-1.3107151161833401,-1.913471301663135,-1.0687537171412493,1.0857665081160732,-1.6080760634907,1.6611662442630746,-0.8099439903095581,2.046822275779758,-1.822050890002711,-1.158617018016747,-1.4472468124947822,1.6674285543455134,-1.1086959380111925
4900,1700,-1.3752401003774375,-1.7405790749295116,-0.9581909350224797,1.5552198210261654,-2.1880814860311637,2.014401120954735,-1.6986793348176217,1.9116859501714094,-1.056817962981372,-1.4151702464212133,-1.8258336968496462,1.7880435080211707,-1.8947429387123915
4900,1800,-1.4300163997371182,-1.7433621223891922,-1.6621473888605507,1.1846743880838477,-1.6271012081964626,1.7037523407575432,-1.988294161321638,1.4977847951135748,-1.8636611194857982,-1.6149376552551513,-0.9683108570604754,2.0893095296346207,-1.584737235875485
4900,1900,-1.627254398292039,-1.1971879832276966,-1.3157496585764294,1.4394187865016812,-1.266113215741915,1.586090968127619,-1.7489747581650494,1.1703510400993686,-1.3990548650853343,-1.4216764192732938,-1.5620228853481344,1.5281498768263964,-1.1410512191195121
4900,2000,-1.0611853240058755,-1.7335072959426348,-1.3931242635146235,0.055452645382602,-1.263009893527535,1.7478929267995487,-1.104408576469798,1.6504019135782224,-1.2624523997720802,-1.0580535716429345,-1.765454642873615,2.316309285517443,-1.1674040141612152
4900,2100,-0.3962453323797587,-1.2815875986586818,-1.8590487144754635,0.3176157867902835,-0.9136352898879131,1.0588394132271217,-0.8420437441582991,1.7705521110749878,-1.743984839712769,-1.1559460071079761,-0.6964490806644222,1.2989993027048548,-1.4136840332526752
4900,2200,-0.8790239048546639,-1.0987918365915557,-1.5413492395258257,-1.034609425376993,-0.2376548485291102,0.514817047888514,-0.7316637329184444,0.849476688793267,-1.6820318598387367,-1.605912788768429,-0.46484830177167086,1.4278343712019463,-0.7222781621250061
4900,2300,0.7182237751266414,-0.6188567855572513,-0.45374589709078117,-1.428244166638699,-0.8828759934314487,0.019795182857056583,0.13328062325174547,1.0335996581195268,-1.5523690190176516,-0.6387948096334657,0.3774955873357984,0.05662086342275012,-0.1978835084435584
4900,2400,-1.0381879177007485,-0.15779287950009033,-0.08408595834672644,-0.8281162269598273,0.5928714879755245,-0.6231586133111472,-0.2142135405308171,1.1452555075300148,-0.8904796495770659,-0.6006362991752766,-0.9854551211238005,-0.389520730797823,0.06369562888442484
4900,2500,0.2864075507583249,0.035045941085668,-0.14903671887513756,-1.4925372595625683,0.7352190893947037,-0.16056964464902687,-0.256503099455594,0.7258102678585708,-0.9823328520423089,-0.09572757640779862,-0.11994630637746406,-0.3433886625946601,-0.7408073247653644
4900,2600,0.6460155847821967,0.4650342092515585,0.1549477326581332,-0.4891261758308591,1.0391267832016446,-0.06006112436737944,-0.40367564541905987,0.893485448498265,-1.6674417098994887,-0.5778438440078403,1.3634729345087808,-0.29658633658916495,0.3185344314187803
4900,2700,-0.34201503527236754,0.8378616964070381,-0.3052299032414187,-0.8232710266978102,0.5590397895680983,0.014945669722272749,-0.854982133039833,0.9724840066124665,-0.7008039263282679,0.5422900811892544,0.18088201385604608,-0.5057285455994306,-0.8484975298121317
4900,2800,-0.2594962917892278,1.2362054808607272,-1.130921322767446,-1.4214219641240802,0.7350577561847732,-0.7038285359042735,0.4365576347924442,0.19127171697934997,-0.16184929185556446,-0.21465749852013943,0.4908964249370649,-0.47401077149613063,-1.118443456542237
4900,2900,0.3349172785205717,0.7903732344658051,0.5859672223563748,-0.0008824088641577823,-0.20690770236979522,-0.6364680749278516,0.5642765552805068,-0.9861189834291119,0.12878632092975636,0.8784792838022987,1.0375839298802407,-0.4520617458245014,0.2321321951073537
4900,3000,0.2683821591418812,0.15842891182242852,0.33744587526030445,1.1877992735713474,0.4655389162472114,0.11308237526522083,-1.3207569571336981,0.5153183305724901,0.6852745311373972,0.9184520227070995,-0.16141168950515378,-0.6335813509488775,-0.4187455728608997
4900,3100,-1.0168898313217682,-0.578741634848525,0.822797468153798,1.3119098817796502,-1.2310651860152313,-0.8927182630351237,-0.6959336011295151,0.47135458969653127,-1.1187120168222424,0.766444114889787,-0.6218533929532799,-0.7999541439727909,-0.25340410848900874
4900,3200,-0.4939601631155392,-0.44591239230870744,-0.308322260942842,1.1741101533677891,0.0037187136379837425,-1.0148426279604053,-0.6297876586838645,0.8501270368456103,1.2494505546720192,1.5474514035518387,-0.2193314564678295,-0.7336116578063158,-0.31234493337828734
4900,3300,-0.1482854566427505,0.3284308218140698,0.8311157660612389,0.39694321409306255,-0.5698584490430654,0.7558887724268227,-0.5292390924536179,1.180865483285731,1.0222886932800885,0.19563776785584513,-0.24842213082217762,-0.3154203666426613,0.9095035970721257
4900,3400,0.008154443885313485,-0.16618923772858718,0.6821738597369046,1.4302018462059178,-0.7475755960594002,-0.05456763776690775,0.35108380639245906,0.8434912471249413,0.6236449675331812,0.5452248572002252,-0.7859521686549651,-1.3409943557788901,0.3639738672423093
4900,3500,-0.8209689403538909,-0.6327078524566371,1.1374805848917366,1.1168797926251977,0.23541129912222988,-1.109185004950801,-0.8116690645585315,1.1365590880608791,0.3762341709368123,0.22533734184952017,-0.3785606228993433,-0.28641739219296497,-0.2833369030635912
4900,3600,-0.6624175194479403,-0.56381641133879,0.3470182799241479,0.9308022302535972,-0.09930647965817814,-1.0104676868696163,-0.8160654234686315,1.7514733496216504,-1.414075857950283,1.149613100435304,-0.691416784511375,-1.835728658800271,-0.6502131827938511
4900,3700,-1.290737313576166,-0.6642626170980872,0.677055994552022,1.9668595130250932,-0.17048923622983453,-0.3723228139007872,-1.1653721738133083,1.0914712040542645,0.046677137350732686,-0.8008794782681108,-0.977203975750375,-0.8540698946746291,-0.980058912590385
4900,3800,-0.08751198844474158,0.23967641798799036,-0.055348853349134024,1.2747637822161664,0.5505805481740869,-0.4348650342474926,-0.3792757563095903,0.8336302668232549,0.42335481326631846,-0.08156129197892771,0.13702147586374402,-1.279815492183665,-1.2284674516750016
4900,3900,-0.2294932890123861,-0.6561409239130666,0.23961861779465088,1.1647556549526652,0.18160405976493948,-0.7658129167043395,0.19258790288785316,0.3454496479784226,-1.023424171971236,-0.8409270335448396,-0.23548172780661836,-0.4276947735092472,-0.7599966424543859
4900,4000,0.008119902140074136,0.22596259269733218,0.46153861517566175,0.8874287695356089,-0.12474702090137214,0.03615506050486953,-0.43128914996635975,-0.33845334736676136,-1.062763967940007,-0.24370823156051052,-1.1330236138967527,-1.5062479005516436,-0.9440290339107574
4900,4100,-0.7248555680017542,0.00940153525004957,-0.34986558461342837,1.521728109187258,0.2459612513212555,-0.5580246973482964,-0.5987588810743791,-0.6676816895675058,-0.0868911936603176,0.482056740759513,-0.47853531381622827,-0.5535975256232587,-0.9794569746956261
4900,4200,-0.015890460607540725,0.7121215029965187,1.1224699683466997,0.8398317318321749,0.3999288965780044,-0.6528933476016512,0.6432859983842852,-1.2212683096498897,-0.24342601021263974,1.2112668744774968,0.7027634781298325,-1.5275018391922353,-1.0411489693677014
4900,4300,1.369022715106132,1.005740930858333,0.9129939195424993,-0.09739265932908747,1.1024352198562206,-0.9089695919374969,1.659185352048777,-1.2922722988491893,-0.6497635038424745,1.2148528599389392,1.5435795570768167,-1.0200290778199779,-0.2315804121117416
4900,4400,1.0705169175472748,1.7456729112387706,1.5123567949722228,-0.6538726463354977,0.42192988120581826,-1.6282781692367385,1.348950339141458,-1.1602487490288687,-0.1418191436095078,1.5385928024468847,1.449699357351295,-0.5612602799647998,-0.4192168035880115
4900,4500,1.3006578938345161,1.5136266791613284,0.4842065663064922,0.4926066200698514,0.3391600264737701,-1.873906908591137,1.1344451707698715,-0.9880532535911066,0.7413230583271205,1.0232680341071372,2.077482782059103,-0.45104888403221693,0.7073805090737895
4900,4600,0.9166852618786828,1.6241896714488908,1.7626791361151872,0.2731880511772149,-0.18948923663628534,-0.47531858958185147,0.5511734037806482,-0.383627223733904,1.2596884053140618,1.1698292663684755,1.304167423732702,-1.3617187665308206,1.6008731227712223
4900,4700,0.6432297581039963,1.0518336419385297,1.1660314195241828,-0.5572248586999079,-0.06004077157636132,0.4024263443600584,0.4279721608942939,-0.21209241597169526,-0.6962371038210053,0.4699935719229566,0.17438728367400194,-0.5282154234781754,1.0712693558781203
4900,4800,0.6906622511148447,0.3914907699549712,1.8325424876683767,-0.8847368209203085,-0.49587681779366416,0.7418026931114419,0.5863969682268395,0.23709421540966952,0.20503638773075947,0.4489049012936418,0.7024634810618161,-1.2499453164019592,0.9426119669146927
4900,4900,0.7976696988831664,-0.13281937684904513,0.7874893008740284,-0.6392122473397035,-0.4228563843157661,-0.014973816697653753,0.2034992042109514,-0.6740685769961459,0.6920828191639927,-0.07265614259841158,0.8318428910687222,-0.5370360114003616,0.2524931047907437
4900,5000,0.3926431973314641,0.05915666530379245,-0.4976545119781913,0.22606552916043804,0.4187632391048996,-0.013541606490710427,0.2546128195509593,-0.7703000524738479,0.13080984238019802,-0.6061252504645602,0.25867398264974384,0.3066216846108098,0.4167052627180024
4900,5100,0.20337116739063496,0.23919434443543514,0.8068023844631212,-1.486857773940143,-0.17963866979181417,-0.5813238464602486,1.2916627565352843,-0.05834857412844177,-0.1678746420412723,-0.645907287749611,0.9118102986756962,0.04088254632750628,0.0377736875111606
4900,5200,1.1187569943880094,-0.5366362721109006,0.6196405626261327,-0.3465090003203584,0.47185230353657104,-0.16190709698661293,0.14162717270758574,-0.7637916378209313,0.5496885457842824,-0.46688464874867197,0.3184403400036075,-0.4484630206090263,0.10631130554706397
4900,5300,-0.20117812249078468,0.9266784053480206,1.0667209414666528,-0.4009872856117625,0.5382531342903449,-0.29487306480379954,-0.518532088462578,-0.8713732141377312,-0.8342093803713931,-0.8382166998667514,0.992987948884185,-0.17738652474307726,-0.7477370453378482
4900,5400,-0.016220524702024997,0.7838493607819784,1.0890470489547146,-0.41633868803947865,0.3205545114764627,-1.1723145728194448,-0.30211531009223475,-1.1723899858915567,-0.3758965337845365,-0.09485687601050992,-0.09903818360960362,-0.43784260919933093,0.6812081856805009
4900,5500,0.9946003662924014,0.726640118853391,0.9929490565604733,-1.413082095953101,0.4366557432744105,-0.5878183474714658,0.08206048926277706,-1.2991219022776423,-0.9239410136218563,0.3555522072615068,0.18342936057241824,0.5555325399781114,0.8322449137660571
4900,5600,0.7250147460193181,-0.5194339722602362,0.6670699617139132,-0.6971501271836305,1.1369106884772282,-0.7346296726714621,0.564336947506647,-1.262606459269784,-0.26302833264530434,-0.11292561763938856,-0.29438765814720463,0.7475540102096622,0.1648384353046503
4900,5700,1.2255999903594104,0.4222854498512289,0.05101823398792101,-0.4474476622371175,0.2678404426207109,-1.251304943340663,0.554272208627125,-0.9846137591698224,0.5526438170623945,0.20457111384860546,1.298689457355643,-0.17236379040843616,0.12480091197739615
4900,5800,0.07540120719213383,1.1673012790093142,-0.2376388175711356,-1.0617642014965476,0.33116525189764134,-0.9674966904088441,-0.36749499001343766,-1.2337000043462087,-0.5008307305723791,-0.2610890192148241,-0.20643894404514032,-1.113730821432872,-0.7032546826769706
4900,5900,-0.5134820726157487,0.9501468824691217,-0.3887967604135903,-0.14617029120828676,-0.5977058120648275,-1.1752110324042488,-0.18323691646997367,-0.17452068701663845,0.19496260938971938,0.17143044818451728,0.22158233351783443,-0.4980553332328193,-0.143253866485241
4900,6000,1.2660167312115655,-0.9899038485605671,0.2649270779234966,0.02217029824751111,-0.42186671931276937,-0.24485146408672145,0.677288670155958,-0.3894943099767672,-0.8621051483194914,1.1687970508085146,0.2625654720564087,0.008803522409898717,0.4372786311066816
4900,6100,-0.7138203568610179,-0.5255343327144324,0.038247048379313794,0.5733388467649443,0.4474888802697004,-0.5701826248721635,-0.37977528770210617,-0.2825988109267714,-0.5151380460866798,1.904179922493782,0.23526739919017675,-1.5277634883941809,0.31565368064969895
4900,6200,-0.4692481351340614,-0.1505618608654962,-0.3146667571621986,0.15993642231280586,-0.5289803765975848,0.3281109543993621,-0.7549484713976322,-0.40528692786693477,-1.2069724102385853,1.3075220789541577,-1.3769543448183128,0.0673974305015576,-0.4237051660995266
4900,6300,-0.5418257616427943,-0.12066868073067913,-0.8188170124225967,-0.03334979980603684,-0.5271829336372662,-0.330142226041182,-0.47558712863103186,-0.13352981205810877,-0.512381022840572,0.0570324273459564,-0.5663804916691302,-0.41131180885381685,-0.37682535746229273
4900,6400,-0.5833303914126492,-0.7250915285703837,-0.7539310613152127,-0.2999584122465883,-0.9769182303613199,0.5924671144614682,-1.0739562024248863,-0.2810838283880053,-0.7566330775319505,1.0297497771863486,-0.9824945061620715,-0.3324851302623759,-0.29971463782282276
4900,6500,-0.3622394102697895,-1.0097116578997216,-0.8850862247927136,-0.9025183635508954,-1.0418951291423268,0.5718428167594695,-0.8309950041447266,0.08970507385478177,-0.1722509199721703,0.9551611722466851,-0.5914231093530791,-0.15934102212704915,0.34708673246595423
4900,6600,-1.2205904899851518,-0.9361399759914044,-0.525324470600406,-0.6063162986583359,-1.2901989372281217,1.3283335559340028,-1.8338344650750023,0.8732184425248483,-0.36582313285297885,1.2256706006512574,-0.25249627070933156,-0.06871350472347476,0.06009358113779444
4900,6700,-0.3081313251166886,-1.2790484918044096,-1.170584310223209,-0.24546050533583277,-1.2259161368835791,2.0470058570380614,-0.4425788302685999,0.6222868862501182,-0.1003110837718474,0.16559558895832047,-0.6169656155964005,1.0372912181267266,-0.20942725732447404
4900,6800,-1.0430124135385914,-1.343046633786601,-1.3613401885735605,-0.2750064399608533,-1.0939434920433246,1.5831877587228762,-0.7522532909585978,-0.17156920285786034,0.07951773465054147,-0.34282074970472926,-0.8931174307261666,1.6542045914893408,-0.48000260083819446
4900,6900,-0.9022277795389262,-1.2015113599627747,-1.921696919823514,0.47905169032310524,-0.6217611260254818,1.486455014745296,-1.0221474488449938,0.3135088668483774,-0.07025331334385396,0.22479560353160893,-1.0947597903326747,1.554550847185354,-0.48643983297193605
4900,7000,-1.4071090020829433,-0.481358136354001,-2.0329555072751457,0.7381045638025575,-0.8177828132549985,1.2207462135565441,-1.0315866285696687,0.40163318507923923,-0.5115066750125195,-0.880073615130615,-1.698506085913444,1.5648502228265813,-1.3966201415023642
4900,7100,-1.135322820619725,-0.874254039001827,-1.048848187949812,0.275345406213649,-1.4013874957169616,0.8303287203421738,-0.9315157250210374,-0.24002113526423327,-0.38941389650625075,-0.7874454141287193,-1.107806133597377,1.2759223579851033,-0.7885771524673417
4900,7200,-0.667245074960296,0.007497084323560881,-1.5585555684064651,1.4758647909813298,-1.269920595214745,0.25912641306076567,-0.980990622222267,-0.5362714813903053,-0.15585028668738657,-0.42116501080108537,-0.5734357969077495,1.9711933793247443,0.30711231587062643
4900,7300,-1.1521941984216706,-0.5406247908629314,-1.001307516086079,1.3217064186242033,-0.8267038435116562,0.7196662223867106,-1.081554282511272,-0.35692702014161287,-0.44461794612251,-0.4349398218206154,-0.615466881694805,1.0613118187679207,-0.5553896851564993
4900,7400,-0.7785443521408271,-1.6993855835410574,-1.2807014847734515,1.286882528813625,-0.43773987851741086,-0.5434437256551886,-1.8822402466153811,1.1034532291472676,-0.4148355106641991,-0.7749492862374435,-1.0510502214541524,0.7582979923377938,-1.0939232631425648
4900,7500,-1.0864886389018051,-1.9918395187905762,-0.8105822414524845,1.93539363527444,-0.7726682136323556,0.5475120686411299,-0.6800032607699669,1.1398118233556331,-0.7281370181592907,-0.6235914138231934,-0.9639111287497034,-0.14623705874520004,-1.7170405174800025
4900,7600,-1.0296929426710038,-0.5777843207227739,-0.6621094775011594,2.3797832061566417,-1.532652972924515,0.8610770285820615,-1.0226695787047984,1.1651830804980186,-0.21571759671963525,-0.09261102922790558,-0.9715598996684246,-0.2542475808050965,-1.2758643827036256
4900,7700,0.7438557418917175,-0.1346639333825339,-0.7070998773453147,1.3453512306031794,0.01632050667207689,-0.608469462488177,-0.2968481557952964,1.0756171816585323,-0.4291887237857872,0.2563243335733955,-0.023306944520881008,-0.35848739192674517,-0.015448472654398842
4900,7800,0.07469108825079919,0.8839715339276896,-0.1153527776669747,0.9173459292563843,0.23952831490022156,-0.9721022337501255,0.8288857375347806,0.20370983221050215,0.12821619713025095,1.376564485558201,0.3852548231385678,-1.3032123251959407,0.9237917190963227
4900,7900,0.42284099975333295,0.5031044534978572,1.2989776092839438,2.174553845578554,0.7932552801588932,-1.161821600670991,0.666276373852603,-0.1531252090690407,1.6633946332031146,1.704815981807307,0.8866209590236098,-1.3365017729313844,0.9671073630030614
4900,8000,0.6267199490566902,1.305312785088192,1.8883264878828478,0.37609451252457016,0.4477329632337476,-1.2882947422156208,1.0437340756255429,-0.6810055963329757,1.0992882163700985,1.618039592159222,1.742689908707309,-1.6535881875218799,0.6777297037736751
4900,8100,1.0386311815246945,1.654710305522605,1.4065284587504014,-0.3516143257765284,1.0442975541331354,-1.1250856339118143,1.0126383613496728,-1.7619220192236966,2.247922292662924,2.110437132347968,1.563429410581647,-1.5457677484422163,1.6994622567391497
4900,8200,1.5780537174062672,0.712435846438355,0.8795981116288988,-0.5289524084518568,1.2636268320948016,-1.083134103000076,1.420325467047959,-1.863850674208715,1.4306423582587997,1.9134814216287819,1.5060373486307341,-1.5842905852964635,1.9600198502804362
4900,8300,0.4703732986808491,2.1059098693907656,0.9200102432994983,-1.0727746526972595,1.0658516919423255,-1.3570445084906497,1.491454772707652,-2.017806348897901,1.4405605955400251,1.8333454545078383,1.2968067980202589,-0.7734797556976043,1.4732262087443042
4900,8400,1.3727215532830732,1.363921598506588,2.129119977948774,-0.7748762012933166,1.2795322834457112,-1.5382829943169478,1.1707452610989304,-0.996681888015478,1.2804951226880092,1.2523501932502141,1.76767188098096,-0.4923841194655641,0.9038122700061105
4900,8500,0.8125693796458772,1.7052126686297244,1.8041021320229007,-0.8866998873620592,1.8605961215449394,-1.1649093773650263,1.9347334097623592,-1.0158877256193852,0.44625012519132107,1.3632436583996397,1.7160615917398843,-0.6497179712265326,1.1340783672465857
4900,8600,0.637941990087211,0.899005738692573,1.359468546635318,-1.3827859373931841,1.5068523778713852,-0.6445979331066541,1.70835309420029,-0.6595689580952142,0.19296344309818048,1.647846986905079,0.6920795437577218,0.05613190004530876,1.8473494333012792
4900,8700,0.6242084123246412,1.128155115086573,0.4696628349392291,-1.6146327506465468,0.38546226492511226,-0.33445860633761304,0.47402522072514763,-0.3633670510736221,-0.0408596367522368,1.602985231538258,0.619462251871052,-0.831045714137641,1.109192055614675
4900,8800,-0.16467300718062547,0.8625855501119616,-0.17481087070921245,-1.184727271153037,0.020013770437710694,-0.1785819860983983,-0.21973741477706976,-0.8878992040176645,-0.5538771246921247,1.1223725793033323,0.11732358637830712,-0.5993839158510236,0.8546644810015005
4900,8900,0.7213297526962436,0.6529839174061157,0.09458519748773822,-0.8955131243357752,0.6531731948487196,-0.6102900437325789,0.35973465945626176,-0.8520738065369299,-0.7485557916628037,0.693583304880669,0.7601970626683181,-1.4484869713167823,1.109376568359137
4900,9000,0.8294646190692055,1.8831888469596294,0.639606549822179,-1.1796493971522273,0.6144071989164742,-0.6944986884342778,1.3853400328470693,-0.7278506242436438,-0.4789269555227288,1.5020850654989368,0.6666698101597057,-0.6992069397283892,1.1083500911500694
4900,9100,1.3946544456629766,1.421547780728734,0.49736840128860293,-0.8082272998187289,1.8272173895984656,-0.9052034825705203,1.4744372647969908,-0.6146199604709555,0.7405339415220438,1.3937578956206687,0.5435553179625799,-0.6471818895078144,0.746635088084763
4900,9200,0.04978336690249293,1.1069978438138233,0.544669309421555,-0.9822053707173397,0.8710030180965518,-0.9250269167123255,0.9770832596388618,-1.05467094409311,-0.11327147153331904,0.8561240643628824,0.28081940173873804,-0.9475855002284346,1.3847900219878737
4900,9300,0.7253699277775245,1.7205544263238908,1.0258772697081453,-0.5093631976333989,0.6014188647919289,-0.3729999740383556,0.738648100945178,-1.1345262890839787,1.3751914860772254,0.7557532500218416,-0.009159625944071485,-1.6394387375385142,0.8891647459229501
4900,9400,1.1670712997833608,0.7911223314105945,1.603347089812294,0.8111086959190303,0.9448468122206307,-0.47082011217143827,1.0245384547373184,-1.5231589231378535,0.6641897063163464,0.4482519875459984,0.6095735142854637,-1.2811894061318971,1.7848638292075385
4900,9500,1.1848729584897,1.4360559631987908,1.728937335553222,0.5230575851645767,1.572528597922191,-1.1096417607732825,1.2994184209035775,-1.6729739867064506,1.1440919232710607,0.7510485192733174,1.1692906810484602,-1.4151293392346478,1.3155469254395573
4900,9600,1.2663150859234906,1.2113477290169563,1.268460495956285,-0.13600419706376538,2.4084122939522867,-1.6285619984251423,0.51927477342296,-0.7780248689430836,0.9840159970803333,0.5571624975120173,1.1291477138028767,-1.8719964398451403,0.9970215383936104
4900,9700,0.5676186950060091,0.18287667295393314,1.70788204806814,1.1760030543339215,1.7514938009003211,-1.7382406555122092,0.8452710730834538,-1.7469121059596124,1.1438147982414941,0.3132341243900422,1.1231113740445007,-0.5206241764062106,1.0608146229894022
4900,9800,0.9797570887402105,0.3776464505869796,1.752605590125025,0.16421452831115296,1.2117108569694188,-1.2336814421334032,1.218360631448376,-1.901135678535822,1.3902746963331796,0.14308328787262095,0.92776876941784,-0.020331788096088953,1.3273370023005049
4900,9900,1.3035151141049266,1.095069108335121,1.647683575294947,-1.1114000131015978,1.5726802172253207,-0.2901566068314961,1.1251311600999712,-0.497094137096045,1.6524109838397,0.3702295374397223,0.7832562281886631,0.4449298120678076,1.4695651003441883
5000,0,0.4094655657543759,-0.38221202274390226,-0.7634046340911692,-1.4786099675402573,-0.5719495341598692,-0.9404200255413268,-0.1256083988526834,0.3858343809838785,0.06043328830497814,-0.28824341997909136,0.5788153613247838,-0.2088651285511709,-0.16119207599218427
5000,100,-0.6207336184787755,0.0255145920824838,-0.31906117788855926,-0.31189302015167536,-0.8967815372925236,-0.9864042999876349,0.16584167409790426,0.3096365148607884,-0.7516865215402623,-0.6260204856782268,-0.8222030004301406,0.7888234017824735,-0.36396651576458006
5000,200,-0.392114862523195,-1.7845506313935289,-0.8275546173307164,-0.3700549573498355,-0.708111604342826,-0.9531050983580958,-0.7078205333662713,0.832477068869478,-1.4835156279879316,-0.4081320831309202,-0.7672589474272673,1.5891378258454705,-1.0459563357645687
5000,300,-1.83089925538731,-1.1431171636605004,-0.4689576595474341,0.15022581803612525,-1.0136477828532455,-0.5198508754233859,-1.1597875309466286,1.678416373288247,-1.0039785640656436,-0.26938108468055705,-1.4008800914491402,1.7085936206015442,-1.4022542092759904
5000,400,-1.8068485204201916,-1.5237116801007127,-1.637901324322121,0.5259064660236835,-0.6938853098786647,-0.028264114705205578,-1.3239836077993097,1.9986243412580154,-1.0206541456170302,-0.6556899668208528,-1.268179609648868,1.3982140553941231,-1.619737590962073
5000,500,-1.32875386761536,-1.739474742335301,-1.6147352897539333,0.8840926516243216,-2.0046803280708456,0.4553668014841692,-1.2725225787182333,1.3927907142053575,-0.9201974147416954,-1.1546456373275844,-1.322049105403397,1.2310259830215315,-1.6204349860608112
5000,600,-1.297308699964497,-1.1996435729547168,-1.7216417962240875,0.8774046837547081,-1.5789498353870055,0.6496292735330286,-1.2968190137102433,1.0672385717042823,-1.4570929367092003,-1.1176814415207217,-1.2270326175907875,1.9196161513674033,-1.0127618453290597
5000,700,-1.1653905794809936,-0.7583785821147409,-0.8003168160619146,2.092586463391339,-0.7037102226889242,-0.06276410162337376,-1.181987567363505,1.2787437413039096,-1.7670237899626469,-1.3328138388658204,-1.149381258426237,1.5876356794391415,-0.6657986470132741
5000,800,-1.6196894360135883,-0.8669095240824259,-0.7936326149829475,1.888679271722927,-0.8609220790408006,0.18511672478929975,-1.0227441204073624,1.2995881254480084,-1.5371549810242862,-0.5031481274168245,-1.1325256088265703,0.8154232558876877,-1.5571218729793772
5000,900,-1.4049962866984904,-1.2730328643583835,-1.0539589505399143,1.7213920947820525,-1.0055449687395752,1.1233698774900407,-0.604987317662867,1.7941339734796893,-0.7227893340107397,-0.7676136219642341,-1.4158981338469403,1.272868516017835,-1.3908309558517558
5000,1000,-1.8591474229717622,-0.6606277700072739,-1.0561539389106729,1.8423321616949588,-1.512721039879931,0.8302669075385308,-1.3255163237675396,2.063472374551168,-1.510100562963734,-0.475541403059682,-1.4245770203169135,1.8648178391700971,-1.628602272774257
5000,1100,-0.8563079787842186,-1.62408288729222,-1.6972544311416298,1.8905623133223397,-1.2339554871862375,2.078923078373573,-1.2257836394905208,1.5823401542022797,-1.250739562235615,-1.4024016390186387,-0.7447888789079454,1.3763039792245102,-1.483285522805406
5000,1200,-1.546004591913787,-1.7253624715608966,-1.8632261090722646,1.7370951484380621,-1.7919288968869242,2.38851733799394,-1.0893084668110309,1.630685654450427,-1.542398853631904,-1.4662475934999275,-1.3081879470823956,1.7817601358578732,-0.7961264307714366
5000,1300,-1.4136904005835718,-1.2821473956062366,-1.7599963901942663,1.9093984228711924,-1.7762504365102016,1.2922786427731343,-1.6028063651094535,1.9852571044253486,-1.1089548313546882,-0.8711168966885658,-1.095639784334272,2.028095760537161,-2.02846171134389
5000,1400,-1.578345666447948,-0.9349466902300065,-1.47242313189078,2.037749861866246,-1.6806909774499617,2.0080374566165355,-1.0403588114486775,1.7183111135210751,-1.4615022522933865,-1.001373682807434,-1.5526824111384605,1.483178884750973,-1.3658201159551582
5000,1500,-1.5180693837545598,-1.7268125459560246,-1.5381597115922248,2.0912011665386068,-1.3899922099455357,1.8665508214684472,-1.087534010822003,2.149306330594005,-1.2186669867086772,-1.29636702179461,-2.117604492916842,1.8253269976498827,-1.2824582005948322
5000,1600,-1.6451644735153244,-1.8799729357528334,-1.5767060392349386,2.226921047563469,-1.0616132817924788,1.9322741489346615,-1.3360325488978777,1.6906312175364289,-1.29956868785781,-0.9580101620717941,-1.9402140291549737,1.7342924067142997,-1.319034408756324
5000,1700,-1.8754931538994362,-1.1197026397023968,-1.5670583497449246,2.248837047077369,-1.409400106858331,1.732440233936343,-1.4941132509664736,1.5842430208199443,-1.3661514555987349,-1.552994913066693,-1.0777041893259383,1.636120662631605,-1.7628839519210941
5000,1800,-1.5801520754632228,-1.9255916350459221,-0.7960105225315346,1.4804400730979927,-1.9731340329934743,1.5111723592616366,-1.1389003368885369,2.0479617352639305,-1.4563454270018958,-1.861939872774013,-0.9903891799808788,0.9389115754156367,-1.9078767629825435
5000,1900,-1.4755740351197293,-1.6032799455213511,-1.6880104885075145,1.3864789044760881,-1.1128658978972998,2.5763855557655684,-1.0546663267660132,2.0121039801730465,-1.2434035947889601,-1.3998149886269473,-1.6793564664632268,0.9820660984928997,-1.380935096148695
5000,2000,-1.207478954197138,-1.2583717893896993,-1.6565248418744667,0.906715249376282,-1.3570686786902235,1.378951290079074,-0.9116641070301129,2.1610840705366683,-1.196199150651441,-1.1470372487263842,-1.8432984076908867,1.5340352822949157,-1.2380026501541075
5000,2100,-0.9883513310936003,-1.2594961460887948,-1.8370411312261676,-0.7819357916614889,-1.1801843618047991,1.0423853841770645,-1.2708551342518999,1.0152811706671732,-1.1710994403213295,-1.2434252438615474,-0.5501327072104132,1.428492237629343,-1.3603555142708943
5000,2200,-0.2449693567660569,-1.0489018026186934,-0.6838378811140877,-0.8611951878179768,-0.12753360186523058,1.1380829153625263,-0.7931501956890412,1.261889260547594,-1.4078451014165156,-2.0625092312944773,-0.7546586949556524,1.0860132755358496,-1.2001494751708666
5000,2300,-0.42287865291418647,-0.8043268448252044,-0.8184885983628533,-1.6141748164316825,-1.1605081755842876,0.12352002799665328,-1.2796237377367492,0.6480412638963648,-1.440637792473882,-0.5967999130892041,-0.46931105453813765,-0.10289214128988851,-0.09657643786785484
5000,2400,-0.12464474566629116,-0.24053849122525653,0.39531107783522645,-1.6270752167642792,0.403712794543597,-0.0892734588236461,-0.05944062812977117,1.3080146112620463,-1.4983726942811904,-0.8931121144368767,-1.0544981481823517,-0.4043598722286315,-0.5625246309572144
5000,2500,-0.2706824249032858,0.5318701945105995,-0.2790089072672911,-1.6376079200915392,0.8905543273113842,0.05289170533606574,0.22665207230194073,0.5643194185706121,-0.848635715503283,-0.08410547905567406,0.22412255390254193,-0.4478102419767862,0.34298458359948875
5000,2600,0.14930240519828808,0.27983866285780584,0.09824042447852774,-1.3842689814665896,-0.22796727765652186,-0.42479873109060573,-0.6113390502333964,1.2513953528426445,-1.4627492970554736,-0.4838721482968202,0.5827967937873254,-0.6532440055924448,-0.16102286242829725
5000,2700,0.22626650597734052,-0.6520065882393128,-0.8846278421426063,-1.298623310793608,0.6271921548769502,-0.0534613252410208,-0.17876508826061907,0.10199886407018326,-0.7428464184321734,-0.00785803440498676,-0.621989623710168,-0.3318050041457891,-0.23748879933932193
5000,2800,0.4635362928408427,0.3233692101220961,0.019033827491081293,-1.1254576279287576,-0.2145989655542841,-0.5825771945070344,0.09422583380196942,0.5010664939552902,-1.0515570835149164,0.010924440991107483,0.3894828512183478,-0.33201211436967265,-0.4903961944536241
5000,2900,0.9690982209414859,1.0909996773293107,-0.052404955255355254,1.0849990803819756,0.13579522689686782,-0.11772286990930839,0.8011696928862803,-0.012661394801429492,-1.0597671166472944,0.20062023248948313,0.2946856399738751,-1.011642930393914,-0.3198293632979662
5000,3000,0.4295084656951479,-0.4276824371732255,0.5631733814092619,1.3249847774380195,-0.32684035535250566,-0.1979797294215031,0.32701845707538274,0.8653652120134426,-0.208433889886773,0.7209996269093536,-0.07053773616727392,-0.934773629235829,-0.8355144413729377
5000,3100,-1.0760318598314287,-1.5033271533081578,0.14975240604149573,1.1773129920335705,-0.919691772415465,-0.2790871389275507,-0.10036117230870024,0.9727977612059212,-0.8289107670578219,1.213349507571747,-0.9127629545482618,-0.43958989408325955,-1.711429064328216
5000,3200,-0.6291985229225094,-0.9338926496603529,-0.1571395332557322,1.4624175448842005,-1.0407429595333229,-0.36461040836255454,-0.885674016793617,0.8528345654895478,0.3758462528459027,0.7184896747719277,-0.8062096905443417,-0.39240584223500113,-0.10458686891453489
5000,3300,-0.49410192473506,-0.06926443741543145,-0.5842286809332836,1.2898553137432442,-0.4576576574278547,0.6065752306281961,-0.15124420937682886,1.0786585941078835,1.9210144150654163,0.31666941951103467,-0.08264380214806348,-0.5124449822306776,0.5119134915129927
5000,3400,0.27550851314622316,-0.6931176936862488,0.4434672198588312,1.7016184335908033,-0.08132960989315435,1.273763871919658,-0.4443940240694454,0.787590170625787,-0.556994066200264,0.6635896447934526,-0.07158314797933271,-0.9028173574725278,-0.2340563429192351
5000,3500,-0.9598439199150267,-0.4261971078790081,0.8043493856889622,1.6907296605963684,0.07704292070256802,-0.7044179920950261,-1.0468983083441308,0.2082135751055701,0.23261043625678293,-0.21359852075533672,-0.9775789020157075,-0.8429619961250195,-1.0190006088536507
5000,3600,-0.5357195088550234,-1.1589202117534525,1.1211817263463804,1.4097771535888777,-0.09673563362886511,-1.0253044045024178,-0.8586432997133246,1.4422705588456535,-0.33099823250038823,-0.3799504683834132,-1.0287900228189781,-0.6841576393422123,-0.8181381015352029
5000,3700,-1.1846496554000678,-0.5517727016976318,0.4723309987301194,1.3036669110249213,0.07955572505940373,-0.6847152560456461,-1.3952535649920286,0.7614968408898649,0.9713826641980086,0.1765649155747412,-1.4921198606427293,-0.9683715240225628,-0.9253743548007157
5000,3800,-0.5369273215496544,-0.4562815168639627,0.24259953590004885,0.09698069552000946,-0.06074816679218027,-1.7762405144230666,-0.7507210301326216,0.7539381134724313,-0.018172667219711322,-0.1970110036506186,-0.169796418959127,-0.6072169308144314,-0.7353382948192675
5000,3900,0.46602200398986177,-0.6924329439681414,0.6912446568767595,0.3812558383093407,-0.4927718628609529,-0.4639670260837032,-0.4373579945173593,0.4623081277833835,-1.2233871415588364,-0.6408524765162761,-0.6631468738676732,-1.029828438593042,-0.37728006288724875
5000,4000,-0.4883341324430758,-0.2729394454397786,0.9050209110628497,1.3815428172220467,-0.1517278616259007,-0.7777955265669331,-0.573022786184022,-0.5364145615288214,-1.021329874012626,-0.33958393142197707,-0.34324971786592184,-1.2488984304808515,-0.7265939960080505
5000,4100,-0.5605896561283745,0.1850639874867981,0.46449399285714427,0.9209654227022828,0.15202665953206884,-0.2542936746836132,-0.12302509492989339,-0.5154789866274333,-0.7639345954329363,-0.08009139094683869,-1.092547521851917,-0.6922870566709455,-0.9137874906222359
5000,4200,1.1440064052045449,1.0441424565678161,0.3390951986716568,2.1595257505367584,0.8402306319705912,-0.9207409566936825,1.331775440131109,-0.8536671549601481,-0.3995125611247962,1.0489791784888578,0.13402033994859908,-1.5463735314742226,-0.2774151211941395
5000,4300,1.2974068888631933,1.5456129903420681,0.7313221473895098,0.08957157209413608,1.9762856581572763,-0.6385864361085175,1.5689377178915276,-1.0168775557342165,-0.2289966093800317,1.6138748939040595,1.1567870206146071,-0.387077875767174,0.8014127652520536
5000,4400,0.8568941342426669,1.0390042643572577,1.150929571861041,0.10093155937029036,0.49989302672938735,-1.823089638953291,1.3454635579812833,-0.9904981073414943,0.04928846621291942,0.9041699152750863,1.7616550168727876,-0.7967940822796106,0.4704861184825528
5000,4500,1.1839355637035234,1.1065026368019983,0.5574991458437439,0.01148673877366519,0.3716519425359988,-0.7845241843649421,1.7255602044283334,-1.5918666031576607,1.4875562819452195,0.47490514500648745,1.144515793558811,-1.4474124740703784,0.8444638803879075
5000,4600,0.7308741927448821,0.46716644033710897,2.0459215469352543,-0.0028793663410408,-0.5186901404046297,-0.2571800819529894,1.399415121217963,-0.27064349154848677,0.22532554265002624,1.4386452605238547,1.4561009806178165,-0.8463845678135389,1.6121106485601926
5000,4700,-0.05520234369763632,0.7782605612365119,1.4357426789785124,-0.3888526958690613,-0.3571858655668441,0.5087054014482105,-0.16345626019139037,-0.15901102671434325,-0.7607977216407339,0.7203128291064582,0.1374276386967822,-1.0651952292951943,0.8350803671361001
5000,4800,-0.6726351780876887,0.45686715555304924,1.6814542426207193,-0.7847026592727637,-0.015041142770112799,1.2704476338697681,-0.8831731683530583,0.2741441891731683,0.28704954908883706,-0.11139329387228664,0.17156772306567497,-0.6653077556143049,0.14282216130670908
5000,4900,-1.1308880775190076,0.1992674577413836,0.5817213419039529,-0.6701899859292888,-0.8237049821614009,0.27872649715125636,-0.33815443036289583,0.28556282330737903,0.35413588586222644,-0.7668748140717832,-0.6857208174298748,-0.5463727593078072,-0.3995305152941633
5000,5000,0.5367216181801752,0.29986436459465327,-0.3520871528538648,0.1931785058378356,-0.060527017539732275,0.23628860081089068,-0.4935408465854291,-0.5007736397528798,0.27015879300421697,0.36200873686569596,-0.3812822603380325,0.13948445803063714,-0.25274659689011947
5000,5100,0.4011102574274665,-0.7362669192940294,0.19419296163212868,-0.1519159064560752,0.6881051272865046,-0.4023260449907347,0.6481847512821386,-0.6893171178212543,-0.015246779790556787,-0.37532336377247594,-0.23114768389069026,-0.32816451234563343,-0.30257816637007917
5000,5200,0.400553784190668,0.01691966466388045,0.9949235467658167,0.24734069794838986,1.1896281413145515,-0.5820715762830708,0.5706570829369539,-0.9468934545013331,-0.5821549651842701,-0.6629378404353112,0.4841318019983504,0.3267547966988963,-0.7834037955841254
5000,5300,-0.4960328709843986,1.1787785438446479,1.470338284197152,0.034063695921379394,0.5308025034350101,-0.002873010000643178,-0.023195870084615895,-1.0390715995107012,-0.6041334260041779,0.21197158184396384,0.17387620285800123,0.33060106699413305,-0.19345049415250293
5000,5400,-0.319258642835103,0.8914155484330261,0.6571892261618422,-0.748534041291277,-0.2854862146267252,0.018946603722485016,0.02095061368921238,-0.3454331481647952,-0.34392754731839076,-0.170010070555795,0.1966412742859653,-0.008316727821898053,0.5210859921642417
5000,5500,0.2523808783997673,0.3437516022078737,0.8876323766793865,-0.04500227803547148,1.092709273109972,-0.6841512475076785,0.7337616835015238,-1.4765589924522349,-0.7354277910668285,0.07860264494283983,0.8719301633990884,0.28354492877236087,-0.10883835033540562
5000,5600,0.7450733165192271,-0.6381511015050988,0.4211247245966728,-0.8654158141332455,0.5470085260409842,0.10289626993617983,0.7080988935743513,-0.8278533306913728,0.08599532112483511,0.19637120467719246,0.9609848101146736,0.5559446628780707,0.2881968527704384
5000,5700,1.8730577529190773,0.227965737997524,-0.060423634223933174,-0.6628164460941575,0.01902057916398212,-0.3600859177975613,0.7519688569861649,-0.78848279556128,-1.0568784038508594,-0.26957471184944737,0.7488966510313954,-0.4803713199176859,0.08305044507119677
5000,5800,0.2679999708076871,1.0020883638066003,-0.8867666642335086,-0.9482925691916472,-0.35947060062824515,-0.5908316732702996,-0.9207695783826447,-0.57996057814739,-0.2801256560165123,0.2555726716027495,-0.4345723238136988,-1.1227488551226468,-0.6389408816412998
5000,5900,-0.2612654186969169,0.032377292812455445,-0.36437801276036136,-0.27075874117360493,0.1741005052558082,-0.9362877969894196,0.41398189428525906,-0.6087531727671784,0.07540012435026869,-0.3568708354819987,0.028161776549338862,-0.5978015436076315,0.08959200961993062
5000,6000,0.3898272437940671,-0.35893676223850757,-0.6497525936630835,-0.5343552394614471,0.44097128463830815,0.42986223480541225,-0.15265767161636226,-0.2511027226160513,-0.7465358042984979,1.2617376179122177,-0.13437971417230044,-1.067773977266081,0.26493460776232686
5000,6100,-0.07337069595798923,-0.8159066072329789,-0.5309959766140367,0.9711366715102352,0.2232712825019629,0.374465037264165,-0.380597500265123,0.1782115875563046,-0.14567578331287134,0.991196187647362,-1.0474427706065133,-0.3070818281942321,0.3073789180461591
5000,6200,-0.4291754604827649,-0.8532197578984477,-0.17711576131990453,-0.8803873844515249,0.11699889194890155,0.13030813825916243,-1.0603327006786922,0.015227418465346417,-0.10841238626255563,0.7626138243471045,-0.7583598096424325,0.37136974096305,-0.9232318988758922
5000,6300,-1.13016947265362,-0.4765438069015054,-1.7459632804037934,1.0352404319856487,-0.39570397294866555,0.022074969502767026,-1.1120211670333633,0.009436709432724196,-0.06480131299997335,0.9186835173650311,-1.2721267690763651,-0.2506835358767571,-0.28405521637053094
5000,6400,-1.4922723824439568,-1.1208870472300305,-0.5445335882937208,-0.5159147829374973,-0.8570929717259047,-0.0026551666803633,-1.195442355742843,0.347293406932312,-0.15709279364188877,0.740736789468262,-0.5930431864578769,1.2062158019507436,-0.15202681072238183
5000,6500,-0.8330545998683486,-1.3183977856011797,-0.9738951722192809,-0.46847678397430575,-1.3217297982008978,0.4398148235873042,-0.6227388506061444,-0.7713484226188229,-0.1318869922596544,0.78762786587587,-0.5150042927174266,0.6548293116122827,0.32665845162070345
5000,6600,-0.7709732022899131,-0.8713969902792521,-1.3858600545497943,-1.0585441194952168,-1.20923282408692,1.0260690063410332,-1.1987134712980625,0.05584006149058278,-0.6265502075833935,0.8655262521414016,-0.45561250395254344,0.7617568239671156,0.13830216731010175
5000,6700,-0.46400050461100456,-1.262869861444159,-0.9856513590508568,0.29240178631249975,-1.1419082684463078,1.5856110893892854,-1.249491694981328,0.38175775795125466,-0.42793750744872877,0.4109701076021709,-0.5759262748295735,0.9391306929956895,-0.1586110751372092
5000,6800,-1.5328709512280787,-0.944346115979682,-1.608343100564115,-0.2871223894036653,-0.9410304653036128,1.7052546197833913,-1.4382031655590453,0.1723422474636353,1.160951783852259,-0.5395522537803986,-0.6319508846032652,1.4090330297620492,-0.7881280789894126
5000,6900,-1.494999545595726,-0.9461324097081663,-0.9488450715276305,0.7245283922984,-1.2787174717040108,1.1075524969521988,-1.2804768045752049,1.1585017704745282,-0.04124456691242365,0.03005715035030342,-1.4041827740438302,2.0420905117119568,-0.45827630014012
5000,7000,-1.0718015122750995,-0.3749912124462042,-1.1930026258438524,0.7192733609577286,-1.1707269787246812,0.3252171073960769,-0.6104174987818094,0.8929998277156613,-0.4189350139772541,0.842427698049777,-1.4806092717742492,1.6950375462313643,-0.7019079660201893
5000,7100,-1.2631718051811585,-0.3128492026909438,-1.9585511481109183,0.2622293147662772,-0.45928117085734116,-0.0615571660746892,-1.0628519101261522,0.7819275265148694,-0.7691029269001792,0.09377228918135588,-0.6404323189810002,1.117471881259064,-0.6943447034229996
5000,7200,-0.7751514214371066,-0.6360487725804511,-1.1002520928817627,1.2991932446074506,-1.5188658413311409,0.2741768590916475,-0.7342748032963523,-0.7871884562405012,-0.5033132449123999,-0.23856253667546812,0.003689049434477158,1.790443975391038,-0.48175444891089975
5000,7300,-1.3450868000303584,-1.3142372542697605,-0.9080281435940779,1.8733186506723827,-0.7125778577392071,-0.7877267060426659,-1.1927477072941777,-0.29188282301793783,-0.5946215303605719,-0.22780631951542896,-1.0522498541861254,0.9896263813042506,-0.8123575153239359
5000,7400,-0.8450319698134323,-1.3375268288888542,-1.35540217096758,1.3652657401040647,-0.8455090380924202,-0.7187686707489646,-1.0687193300088615,0.1921612514127904,0.22199127470737764,-0.51163333444793,-1.2649338304651292,0.37172721601871733,-0.4929794938004445
5000,7500,-0.8474747062138417,-1.9355828453026889,-1.3244085804053216,1.1705524510851002,-1.0947834735866189,0.3748728655071106,-0.43674462754064136,1.3466981302916616,-0.6260555302977465,-0.04753600536448723,-0.9397269828586297,0.0516315880018193,-1.5037156849498818
5000,7600,-0.5540885882132993,-1.1837242484496802,0.07782924554362276,1.1845917545113505,-1.2486155155034322,-0.09043668967832673,-1.4387288362104154,1.1156961354727517,-1.1348268306315752,-0.43532956391098543,-0.7744383856613846,-0.2101131071451543,-1.3059896136458422
5000,7700,0.40760606840759184,-0.21277161704222128,-0.5842012970458449,1.0010527257747832,-0.5184766320245423,-0.8306627975956804,0.5114463576824524,0.4804663077367045,-0.08961958733123647,0.11949644685317636,-0.023278780335160575,-0.9751184481331918,-0.10401158158368795
5000,7800,0.12226212355541748,0.3245561028526687,-0.44786806475813845,0.911644136826994,0.12015415504372357,-1.2734202558939933,0.23682695147285165,-0.309587756355624,0.8868498193198796,0.8630362199748983,0.8622833038339827,-1.7767481857689067,0.46893690725090803
5000,7900,0.8764337049795891,1.097013949378241,0.4852288118421485,1.81359242076317,0.9516013145840355,-1.5532285682163156,0.120104660596551,-0.167418615846114,0.8120395192016902,1.2818148196243146,0.4489350784387681,-0.6134235374216029,0.6223381756598483
5000,8000,0.8588177276177649,1.6546861770499577,0.4044344008763367,0.4522429661815096,0.3708938194473498,-1.170805036521755,1.270305498180922,-0.6563589752854976,1.6399919912236722,1.495235022877164,0.9736582354365491,-1.901280366680363,0.4705943217470029
5000,8100,2.1709883740963787,1.764689283154379,0.8184219740671712,-0.1474298173643935,1.2687655918112561,-0.9402124640634902,1.4342095594065432,-1.0307419951902608,0.7266186503226991,2.330209564687945,1.9283380071137157,-1.6945033508592406,1.3588109071733567
5000,8200,0.6692626364076503,1.9631969526940862,1.1619177474306719,-1.1639238260812068,0.7261512033062858,-1.5286551016560888,1.134419126319921,-0.685029148965059,1.474102404883376,1.9521269710093554,1.233048156989548,-1.2091639458810712,1.8955939207988286
5000,8300,1.4870701977923169,1.4766274566269102,0.13478668495438367,-1.5590964248539405,1.042818019217699,-1.8799033818865,1.8226764674677016,-0.7424686098650848,1.1571940010124975,1.9622143167953436,1.2406822408394869,-0.9652889903835581,1.4038435787449812
5000,8400,1.6382132892479053,1.4133463343376713,1.1199473568531921,-1.124872982241488,1.564028357033897,-0.8187409347787922,1.2221787025876516,-1.1024310967750892,1.3686678089745632,1.0754172467128424,1.1075532346781698,-0.2187991120140574,1.5101560561301854
5000,8500,1.3255695700888943,1.0816428071499549,1.2631267114839078,-1.105198856682449,1.7959265274521943,-1.7527522930113477,1.5209712056669533,-1.5010837936462706,0.38127392406811694,0.8560971218261133,1.4850925506245816,-0.9347927497536053,1.502638659536076
5000,8600,1.4721600858783566,0.44112336770273697,1.2155361025790339,-0.7916290605378283,0.9592528484975295,-1.2941449564708383,1.055008101505763,-0.5303016230034179,-0.6142261479299278,1.4425501763990087,1.1126484418056344,-1.4936547758134127,1.5387174528950867
5000,8700,0.6831051517252784,1.0367914177539712,1.1268783008898153,-1.4927496908682873,0.5536331025447438,-0.6236354086059962,0.5622005002183933,-0.9560040118592177,-0.38163026712053616,1.4778796108016798,1.0001661638561707,0.4803113614829938,1.097383298583094
5000,8800,0.4413240637337157,1.2834444291422646,0.5600970174679719,-0.9243894853732656,0.33593125965388254,-1.0136959500588925,0.34212363213269836,-0.23978362024801947,-0.7787047690467613,1.902012752574003,0.988797637368285,-0.01799473172797174,0.7125026404868919
5000,8900,0.518294959688126,1.815495649654959,0.898480920750412,-1.0043624750274442,-0.4701785247428445,-0.39111597158201616,0.5561514008094881,-0.7224882419557868,-0.606457097442614,0.7109243259745982,0.5716178028297495,-0.5410120370007083,0.9142500872547551
5000,9000,0.7169938250794412,2.0468525294808413,0.7729135679795618,-0.8429298641577411,0.9765943072163111,-0.8484639658253686,0.5461139347639412,-0.9485351063742754,-0.40604169146788016,1.4518339479795646,0.7646557063163835,-0.9696272046346033,1.5444176335018454
5000,9100,0.031177657140115278,0.6563066594017859,-0.6691847391374379,-0.5653213115861858,1.2097256098452878,-1.0331020116369876,1.185995432836198,-0.9422109595229874,-0.16274519318488212,0.9655044579168909,0.8300620256255627,-0.7657395418620765,1.3551809689828491
5000,9200,0.7875897620157474,1.6799119291004967,0.6909333465555525,-0.811384842756034,0.5111613019257836,-0.9129652390191012,1.1751847229638397,-0.2881838258106465,0.7397982206012774,0.97252936465947,0.904547052044919,-1.510333346313635,1.241536033314086
5000,9300,0.5105542051878328,0.8379367792474955,0.627485213952037,-0.0761053847696758,0.5416451869097254,-1.3949565055394202,0.3558940463249647,-1.2444324517918035,0.9505157245382757,0.35143245988590965,-0.013619544568187163,-1.8252333153343416,0.8928975569222333
5000,9400,1.0470777143050418,1.555788491573466,1.6788043153368601,0.3953645778503349,1.162880650215355,-0.8099723757477945,1.3104578481120177,-1.6582135890669523,0.886689451400172,0.944150168614458,0.9775260825112679,-0.9442600495636251,1.2955899083143614
5000,9500,0.994505724997161,0.7337937711440997,1.6135577491488475,0.9420395500304304,0.9925943283544362,-1.6738870768366996,1.1941775911947743,-1.1027037710917156,0.7582084801935092,1.1113961096089902,1.4126601342430547,-1.8307730881940019,1.5162265358218459
5000,9600,1.2523625628214852,0.30254791716620355,1.8437933747662403,0.9344781463630836,1.2204263859018292,-1.1130242406995081,0.6697113597624464,-1.6890734164873973,1.468120155290459,0.3545535310894776,0.5361660902378323,-0.6978438481783132,1.6040255492921427
5000,9700,0.9288679769640139,0.4445836730384193,1.7776923245032037,0.44328309489883705,1.2580244159304657,-1.446971694252394,0.7183593608188114,-0.8560738659468483,0.6910907434144365,0.9519922345484036,0.5631972025045806,-0.2892554431455436,1.1155282903737045
5000,9800,0.9513567139035557,0.11019776477757036,1.1597661418203065,-0.6858400072752052,1.0764921002326562,-0.9856978902169783,1.9908784590191233,-1.0990522983486284,1.6012396716033497,0.49987572069251573,1.1907504569080558,-0.14770570417352408,1.4833260434716318
5000,9900,0.6264488529242825,0.07476408602966661,2.150107778041862,-1.1169593290565332,1.5116819266308654,-1.2283263491912346,0.9891029520633828,-1.351808352033398,1.093129490142928,0.3859586556908511,1.5824436423578054,-0.3315770584881848,1.0289892322823533
5100,0,0.45133336829069276,-0.40181502586564855,-0.729787454830609,-1.2222373236022293,-0.7906265702339599,-1.139265340219317,-0.081229958931991,0.8195636814082157,-0.18183763909149295,-0.35385280560632,0.5296864667405052,-0.3299802064519623,-0.6669888791567189
5100,100,0.23735291261347136,-0.6005705198583482,-0.8743102586702148,-1.3482792204594594,-1.1918701909265423,-1.6029902744971063,0.021212106532111637,0.2022858740253212,-0.9723592513940396,-0.6795501913009757,0.326954604869751,1.717881799124792,-0.5491028976326133
5100,200,-0.9624533524304557,-0.908501566299613,-0.8108534789199136,-0.7262104663044537,-1.3632958993629247,-0.5431928396654172,0.03504341906100511,1.2005832445712925,-0.8927771083503832,-0.027663123946279827,-0.5089942662256557,1.7160665250539755,-0.7468794112271177
5100,300,-1.6734204491592195,-0.9771471367325956,-1.4301781200494248,1.0771582305680634,-0.7402666632755358,0.12640532922497885,-1.1172308092195278,1.8674226380363517,-1.8351663159836622,-0.4600226897423687,-0.9649446255084099,1.7015318129615764,-1.7271418502510487
5100,400,-0.9820812856398683,-1.8084204357201374,-1.75360862753104,0.46833220259103053,-1.4228598726196104,0.5018921421907303,-1.9638269940221067,1.752618447732402,-1.921095015677456,-0.6889653306181147,-1.5517942641232214,1.7928386862840304,-1.2431755270270461
5100,500,-1.393473678041228,-1.5320727589858933,-1.350102638899279,1.7095364675360647,-1.6239438493037472,0.47540865411588584,-1.4188986414408875,2.1263388011018227,-0.6679528897812937,-0.9583828031934486,-1.3784723299433856,2.01919902186945,-1.6676550261639917
5100,600,-0.8825398686207664,-1.7318757490721237,-1.0575582503526433,1.2271446411703055,-1.2415093805033575,1.1458178324214885,-1.0698723920456485,1.8954245650985566,-1.4602905292708293,-1.5741845701351613,-1.6517360117034174,2.3030259506042112,-1.774696073496843
5100,700,-0.9032615863742587,-1.6188696521670478,-1.3521901679478225,1.455948261870731,-1.3971258800689517,0.6995089163642204,-0.6296716418682065,0.7398430517284503,-1.8097594251409939,-1.2358735224784814,-0.7330466456190776,1.330068437868517,-1.3120625200849578
5100,800,-1.1848237801197763,-0.9850515752249047,-1.1992737439620587,1.9630398809845946,-0.9792032406394865,-0.2255583305823027,-1.3065715900518726,1.4801293669474083,-1.1918132239372454,-0.8554081400371091,-1.0440565762907148,2.074491878875912,-0.9418878188109049
5100,900,-1.7770679198876658,-1.60667579341003,-1.7221835278378792,1.619439651629527,-1.688448752219892,0.3950434785513796,-1.704315047262603,1.6993500898352702,-1.4149956726897883,-1.2012114915440777,-1.2794833807843113,1.3158166290904918,-2.2932083660069122
5100,1000,-1.382374122067634,-1.8426262810006624,-0.741358428210336,1.4256928026922353,-1.5241882370080282,1.3237492180787425,-1.826488968162162,1.7413571253741011,-1.0745738715114481,-0.22538537105985335,-1.8866047800927426,2.1346576009512575,-1.63315705527506
5100,1100,-1.5208248726155773,-1.2231434321511978,-1.0225821973828686,1.5160787290863151,-1.3478780051478163,1.67019690331225,-1.1128307763257885,1.7525433398314276,-1.600800747826078,0.01716704108429514,-2.087756057154609,1.5007682266080853,-1.1314271597630288
5100,1200,-1.7113947647647594,-1.2500537907798575,-1.1153638574174294,1.6423477360505605,-1.5161734786734364,1.873291183526494,-1.3576190943350974,1.367623283127492,-1.3118468714434932,-1.0253068756410235,-1.497206137521667,1.8340449531901688,-1.7510542819070247
5100,1300,-2.0787270095182158,-1.3198505139340446,-1.1923580892197914,1.374392141800137,-1.4508284808568834,1.1780754472055703,-1.3209054444130455,1.8253680154388379,-1.1698804951173292,-1.5452888850686983,-1.5792470641521335,1.7420346728835914,-1.443065630465369
5100,1400,-1.9997358441177684,-1.9532308019626554,-1.7448285059381032,1.7266350581273358,-1.5494374012310455,2.1322427675532514,-1.2389447394507056,1.5653876459653229,-1.2808159673856987,-1.0694885007978925,-0.863830297395423,1.7744430659356696,-1.734208996115413
5100,1500,-1.4480351448509032,-1.3735074329114585,-1.6199031455239319,1.095785160212541,-1.8582041569877716,2.2819001087173154,-1.5221824369395864,1.5611415650455067,-1.2171456571446084,-1.5050233172381668,-1.9277491989566686,2.2047989928947036,-1.4239740554003815
5100,1600,-1.5021760373473592,-1.4968081223868388,-1.6937270596274394,1.844946385220904,-1.8676661613368186,1.2713328666862542,-1.1786719758496418,1.9364034101905336,-0.6958530044345336,-0.8814009593858464,-1.0452193983079696,0.9139373497599126,-1.4501894764270975
5100,1700,-1.4605529785871918,-1.0272494393080274,-1.420858607948332,0.8631323682946207,-1.8022624791885113,1.8709284894997404,-2.4366731888662208,2.009219279454768,-1.4851571613999055,-1.0767890873772759,-0.928569795270335,1.5030213307509268,-1.4353184986585623
5100,1800,-1.2749498822609657,-1.7283610705793644,-1.51765429299527,1.24795773227183,-1.9959788100663054,2.141767839770968,-1.3384945211091368,1.864156013884617,-1.9695359992868373,-1.2313736636648378,-1.1253084520383325,1.6754435095564604,-1.4197916245945537
5100,1900,-1.1302831407170146,-2.052290035849235,-0.9297605974054761,1.475265074828082,-1.162695543569182,2.1346302568678,-1.406968692640459,1.7630026907408853,-0.9179677272004557,-1.0642325950985825,-1.6728694288169512,2.030414309601786,-1.2657437862080994
5100,2000,-1.3140662220662478,-1.3148854715015474,-2.0778893780133663,0.569109829060587,-1.2238373109072553,1.9704346567160609,-1.9090506297520353,1.42492649959872,-1.4839454200900224,-1.3405195080784376,-1.7033837033750021,1.4592892171645508,-1.0861684136200307
5100,2100,-0.6281892100592154,-1.6819856165397606,-0.9329459312647415,-0.10354706869524151,-0.5979554535134559,1.3357553036163328,-0.9940454434655472,1.3168286521491956,-1.367385200118262,-1.507138405669487,-1.442607498266989,1.7694016896605305,-1.0923529242780992
5100,2200,-0.6853563791064254,-0.4701019883671282,-1.9808973446697187,-1.193547254863672,-0.8906043784950415,0.27181063684286383,-0.9142841018361002,1.418011930690029,-1.4939201564414313,-0.1990093877417341,-1.180500051766349,1.1890810792836553,-0.8535707956462278
5100,2300,0.10721888479000657,-0.7689102339907937,-1.1344773568107567,-0.9578974175619811,-0.7611125011890134,-0.4073055444923853,-0.18854042871302198,1.2386327171292302,-1.6383508871550754,-1.3862157741939014,-1.1014916611436836,0.6272051984709877,-0.4059426624353659
5100,2400,-0.7458060900053707,0.7210860053341347,-0.6815438836771499,-1.336895302432387,0.3074589705237229,-0.5128556849345399,-0.5631018670709491,0.32204353093403953,-1.3087028603191002,-0.2982824175622376,-0.03790315832378979,-0.8143898817179389,-0.02903422696871394
5100,2500,0.3761597687533805,-0.32868153706802,1.0994993451240196,-1.4482106272755726,0.19236100380379717,0.1495076903156825,0.08762803520006668,0.32374965369022696,-0.9603935394226152,0.2593346626915347,-0.1710380260265592,-0.38968340595097345,0.028177807171541037
5100,2600,0.3956042127993016,0.44608506973344203,-0.37567498539219485,-1.577969385693352,0.8276311871266104,-0.42767254571621144,-0.023789322391089662,-0.043666162392489445,-1.3685656243409972,-1.063228459667297,1.0650640897439823,-0.8536563678057965,-0.07379146166373662
5100,2700,0.15838131805851982,-0.6024239988803592,-0.2919169194059507,-1.2642824734732356,0.26573519652958494,-0.4429800931607421,-0.38107879496367614,0.6297272847206181,-1.3003049500941877,0.3007917573699978,-0.1660012149055582,-0.24288545543782045,-1.2365203020794506
5100,2800,0.11096018581184804,-0.13010063403626765,-0.3216220066168384,-1.1145478946174507,-0.7559770818592715,-0.3455676953848676,-0.48229986045515255,0.9713426721131557,-1.568866972205453,0.0700342031149246,-0.7043112326856206,-1.1897396514473413,-0.34093539390967736
5100,2900,0.5064089848805132,0.7772637417829492,0.15674800722630114,-0.31576984195351143,-0.38743564534729974,-0.4942951950897408,0.8650342560450665,0.5620307475561177,-0.28999594181212557,0.27783426391857174,0.7699803244741379,-1.7915555685924387,-0.7764160562084665
5100,3000,0.2090490458744566,-0.2160298188978502,1.6141020537414397,1.2407068805707002,-0.07474583731011959,-0.55542614122152,-0.6168091996015286,0.7725890556569331,-0.34635357859595484,0.4331593619827499,-0.21911560281820713,-0.9069584138720412,-1.1798809262866268
5100,3100,-1.1308529706718193,-0.8254821710289479,-0.24813167378382284,0.9992615647553521,-0.7316810253878359,0.46054609178042577,-0.9211255394213372,0.8170109975536473,-0.9982817242938837,0.7264616911084243,-1.0657795389138045,-1.0714605817483986,-1.0082501156466643
5100,3200,-0.9316734053171482,-0.8853000939523512,-0.09524955244804727,1.2264914615571703,-0.9198589898124654,-0.385512043995118,-0.570551448642506,1.026177801379335,-0.12559485130997375,1.507348090802022,-1.1905493233534925,-0.4912442791222784,-0.30751012325857197
5100,3300,-0.4548502572138949,-1.0680856621917816,-0.35508222526782185,1.338445247858537,0.11739992316161275,0.2851063335935572,-0.9030055099036399,0.2910919588488108,1.0192494899254378,0.04698734003725614,-0.9013724220494298,-1.4171792631874587,-0.32347264616382915
5100,3400,0.023038868558140857,-0.28945016339610774,0.7991244832775984,1.2074546263612553,0.5686719056105326,1.0255398772147368,0.12608801389113816,0.4266859269045652,-0.0002885220488090798,0.944444478161565,0.2673841004871517,-0.7564018382676753,0.22964379904707288
5100,3500,-1.4825111452930677,-0.6910944051636798,0.35470213500495495,1.9043037468062867,-1.2334086060623128,-0.4446999915305578,-0.4895689925285138,0.6555844554256279,0.42002247316825314,-0.6507276548084534,-0.5252696163237028,-0.6617395383759431,-0.6834432061149691
5100,3600,-0.7725341114105772,-1.47765782731124,0.7047368592676587,0.47068999179854126,-0.10762115924967962,-0.9600475540635652,-0.2351693882708339,1.3862781166945364,0.3787698539495962,0.15329761157617774,-0.5755409211795195,-0.9851757586447953,-1.060478987418986
5100,3700,-1.0370442419156694,-0.8954023079359373,0.7929323194448915,1.1848341630953811,-0.3897712287151318,-0.8965350291756435,-0.9925016720725804,1.6612574567134772,1.2960463254689465,-0.509802667865516,-0.5628871651428584,-1.011013252975087,-0.713679538229696
5100,3800,0.4716162897772264,-0.8909662072039551,0.5941931449991829,0.4645598063760128,-0.5721201623622685,-0.6317890691406496,0.3523364153126516,0.11539531956575909,-0.13813340771010296,-0.754987296936445,0.4368940058145703,-0.5640430442813537,-1.1279928604667118
5100,3900,-0.3246185945752178,0.021823368814546763,0.4502155441488351,1.7584771415549667,-1.0034745074533369,-0.2905040747635875,-0.7176714589535448,0.07517379207799259,-0.08215501244729634,-0.27966460292588197,-0.9941385307491987,-1.4203284977068478,-1.4199646713689673
5100,4000,-0.665882045383686,-0.7441106131918198,1.2532452959464946,1.9391760490206826,-0.25387287359198357,-0.5378164576832304,-0.5558581819451841,-0.4795052007045342,-0.6649431889484967,-0.679237778756055,-1.4432237250519124,-0.5676572986556545,-1.1299031538255286
5100,4100,-0.19886099337414265,0.3480739953962534,0.22348001115204066,1.4014331879458373,-0.11583931946609824,-0.5434470069971231,-0.15133670361361803,-1.2349179788199165,-0.20364223503222834,0.9463970365756048,-0.4678254130445916,-1.0154913217924673,-1.3568724927760578
5100,4200,0.528718649307825,0.6379349541470294,0.5345463206984379,0.8777947345490913,1.283449936939185,-0.7236132423190214,1.193739934308286,-0.9789377053293806,-1.5475070306259675,0.7707554085273095,0.8819013564985007,-1.090978424213011,-0.5734034375191747
5100,4300,1.9831500683343093,0.7691104125168011,1.5438940414743156,-0.17910748456285638,0.9634720594536974,-0.8353119513728829,1.6929786346252633,-0.8083035701996836,-0.5460589523886564,1.3642718385333357,1.552015181784387,-1.183916971868244,0.09785640383518035
5100,4400,1.812156542725371,1.4186177661856025,1.3147317460835302,-0.25812119114988075,0.49656882689003196,-0.65979017707292,1.420733213091845,-1.0229422885498247,-0.34711217159420177,0.6955584465918895,1.5111542457274652,-1.0443631583436603,0.8104935005214133
5100,4500,1.4361102355545525,0.5730922274873319,1.0928607824961936,-1.1625457430524033,0.3841590928527939,-0.6942307976979899,1.9246655821831742,-1.0643487497344664,-0.06116150882087203,0.8752921141036573,1.9109259965316472,-1.3483816020902033,0.7613030556089841
5100,4600,1.5594361122056979,0.578824280918408,1.203728959631438,-0.48596769856858735,0.5205631090262312,0.16096480719835776,0.9689722376587945,-0.7969127030913261,-0.13426222842852176,0.8995695021756582,0.9768497761571387,-1.1478100356635292,1.6386944536176216
5100,4700,-0.08530362242450383,0.4113633353621895,1.2595928838327992,-0.5326881516853265,-0.2618210346265241,0.3075714522897232,-0.7202900073085556,-1.2897039005563506,-0.24320194065355133,0.31239124284424036,-0.24960749544019176,-0.27872938951729864,0.42151136430310354
5100,4800,-0.9205408804114247,-0.24752771809281343,1.1889708360513924,-0.06883099925363338,0.07141714716830275,0.5021317863129746,-0.10114602429238362,0.6077507795216578,-0.008908392232837644,0.07621228191666721,-0.2673934759423691,0.17461535880468176,0.09358422022169172
5100,4900,-0.8838288008373719,-0.5492290965191532,0.54629802340913,-0.6694115534138576,-0.7328594245945785,0.7604386739293758,-0.5598512598637918,-0.4269643860189617,0.2333562468368676,-0.7366142435119104,0.2689268443865562,0.18683582404525093,0.2977825644583206
5100,5000,0.04280502164638659,-0.7746579088467511,-0.05441117917456816,-0.28209318354889684,-0.19849457833203912,0.26884716726315144,-1.1550540897525303,-0.24450173904765832,-0.4283995623699339,-0.03370542793829855,-0.33134190841336353,0.22767459888924269,-0.3952975465704752
5100,5100,-0.01747386319671471,-0.9629165570868246,1.1953097227223297,-0.5239191223641683,0.6884603293603934,-0.4695922117516762,0.21305382264442846,-0.6623325207931008,-0.955145007506533,-0.11665078395050868,0.7683780094890782,0.2712331720179848,-0.6182233939404754
5100,5200,0.7527568262752814,0.11975783402974341,1.121280536611102,-0.4191756662827478,0.721795657598257,0.010850512686318401,-0.008547211362645154,-1.2168359448654045,-0.43410435726607866,0.2657181939220051,0.7012575511528285,0.43896531222476565,-1.0259018061380336
5100,5300,-0.8816977940638205,0.7240357577526083,1.4235604989391124,-0.7693576337212147,0.627477918492767,-0.3516303459272928,-0.16781619146267002,-1.3774929707386907,-0.35766168659314657,0.41094267550106467,-0.45304454301648456,-0.3664830389949484,0.15597051386435348
5100,5400,-0.41281315112778,0.6102230667154611,0.9896086419586374,-0.1578864316551183,0.30319725215604937,-0.574207831282209,-0.6012006720606383,-0.7687269886653724,-0.9592053469821603,-0.06546216404440477,-0.147864227236255,-0.16638864869335865,0.763323640611081
5100,5500,0.6880112802145253,0.6860811102959918,0.9017322981591833,-0.04400930764082619,1.0258603745321841,-0.6439162598954252,0.9714512724197029,-0.9087714049422612,-0.5407048906498817,-0.39823750445338685,0.4414363131701459,-0.14354943107038315,0.11667193038865478
5100,5600,0.0731185416508912,-0.487846880665975,0.3385189252856014,-0.31305309389098857,0.9084001439498977,-0.044773014880181726,0.6430237632988337,-1.0749914417591577,-0.7854231452520704,-0.4450633854197631,0.7419910785637586,-0.10271876812132044,0.2702880404045312
5100,5700,0.8129666628316267,-0.9592708937152515,0.9722974688234354,-0.816823386826322,0.11383315177285244,-0.4190909120196061,0.6351819116361893,-0.41355391430523014,-0.007189691562796178,-0.31017972650781955,-0.36895929579459813,0.2956151182604136,-0.9627291405681974
5100,5800,0.021670615289888336,-0.015215991301214496,-0.5919508683207712,-0.6427556153983802,0.07965654074306444,-1.290785619472259,-0.30809871692113244,-0.7667002916644624,-0.14648107224714094,-0.43322780272972866,-0.8174944106461272,-0.6268856949440915,-0.7312133135111563
5100,5900,-0.5609008973026417,-0.6694304161948748,-1.159216194103556,-0.15098548835007758,0.4462787287977926,-0.4121818932083585,-0.24969124556678118,-0.8728977716621807,0.2097321512680932,-0.06861487031654369,-0.0865891355063675,0.04593908791166068,-0.6071704696765149
5100,6000,-0.07265166421444974,-0.9716200623555886,-0.9528699919503139,-0.5161470201903535,0.8427618713156276,0.09885358382378918,0.326109640716507,-0.2950399329041328,0.07930984237722816,1.7186667501683826,0.15722893369546026,-0.6748065016090622,0.4454528628439332
5100,6100,-0.1878625986559163,-0.0720831055951271,-0.37930055457419815,0.0021064679386640947,0.008457935417079598,-0.6284283325444572,-0.7844631059383681,0.3695138629160936,-0.742315872815924,1.4729405557666586,-0.7543186779988943,0.11871314513405115,0.4846121717304309
5100,6200,-0.781649661009146,-0.7138556394072549,-0.8880510294874158,-0.7938724330642163,-1.0573207887956455,-0.231463093841116,-0.9247836597675688,0.9272216142237738,0.12656021365142314,0.6866114390633815,-1.3787045269747749,1.1626440065429584,-0.7072156816107742
5100,6300,-1.0163663932743534,-0.865224687764468,-1.9066078477712214,-0.3634728331238353,-1.3842723928528697,-0.30453976886744205,-1.0092114229129994,0.16971011288265128,-0.2716843880885789,0.8233669389747041,-1.2492213416876943,0.7670432184905158,-0.714093392518441
5100,6400,-1.2463075532382455,-0.9447534268904589,-1.6958840155336683,-0.817073327683972,-1.0125453616922273,-0.6515843257709364,-1.347215997253339,-0.009229756820695392,0.21701242846314547,0.590607122013144,-0.8349582839955462,0.49312357956093694,-0.05560259718495763
5100,6500,-0.3785636762897819,-1.6468690665936223,-1.156873495489431,-0.6230683282247503,-1.068245038028265,-0.27333009534373187,-0.45636724607434875,-0.09773467107864586,-0.5081814834524664,1.1923022091881825,-0.7979484492060104,0.9472354835310817,-0.40883835773421084
5100,6600,-1.0592171554266618,-1.5382898408647139,-1.3404410506100444,-0.27367441607284243,-1.271397415604353,1.3690461152921682,-1.0894878741435274,0.7454583267718801,-0.3316108897029613,0.7221931087754029,-1.0429075555560667,1.044722901835777,-0.05156547955256179
5100,6700,-1.1327474737247942,-0.8182371584878113,-1.6995182787068235,-0.29466419965222096,-0.8572088031561202,1.5273069335062779,-0.7252954352051011,0.6837847249619956,0.1068946011436073,0.5303951505617778,-0.992398483671786,0.5700825783100412,-0.2307178494505222
5100,6800,-1.4414862933671293,-0.3680627432857727,-1.426690860290986,-0.15289335233371407,-0.7418350349911426,1.8157787583560607,-1.181840894353324,0.5063298527093067,1.064013744547953,-0.05964910732150987,-1.3954442698251848,1.296583760983724,-1.3179834960631849
5100,6900,-1.482054760144363,-0.5916601697026236,-1.732666296702207,1.165501656742057,-1.094546138630296,0.5745128326911884,-0.9768401863971035,0.7916394926296804,0.28500724488896423,-0.9180023662511089,-1.566443824414436,1.65736520549921,-1.083952464347291
5100,7000,-1.7914785622764795,-0.024769102246407406,-1.8544435837392705,0.953251864423468,-0.9414934251516336,0.36838749742051263,-0.6074017526597569,0.4195025338701894,-0.8490413394172159,0.41972851856453897,-1.5760174071446362,1.8703854929338113,-1.561411458532773
5100,7100,-0.995587457632735,-0.46301808729321625,-1.6222626362239487,0.20737615878719967,-0.7086249808288579,0.0698522653295334,-0.8205178669120547,-0.20831170161197637,-0.793496172600161,0.4063101659863365,-0.8234624477939297,1.9969293231513796,-0.5618658790925595
5100,7200,0.25032971565915724,0.14997097590294609,-1.7250084548633333,0.7336925111312087,-1.4551340125785093,0.7874490589504025,-0.26650278570789704,-0.4571746687242718,-0.2052938704643469,-0.6931509501374128,0.013796733387718833,1.6653950123756935,0.19438493877051574
5100,7300,-0.6332215882792147,-1.1322108622268516,-1.1516213781005697,1.0984224957510778,-0.5589943303294496,-0.77108196143272,-0.5127686263472596,0.647235269476486,0.14860018314898135,-0.293873677800275,-0.766051749910343,1.2925069486390621,-0.5813422639659267
5100,7400,-1.0468933689919449,-1.2111039291167842,-1.2158324664576943,0.5905687575683553,-0.7469062900075192,-0.48681938819530357,-0.6940084590899381,1.4216446233378066,0.21972959121901098,0.050644085504631974,-0.7897034080449488,0.026523762115582973,-1.237426563056019
5100,7500,-0.6064439863985693,-0.8418142220207377,0.11814037928365471,1.4082714616371137,-0.5698051231968643,-0.3846418292161556,-0.7662995352772369,0.3673916957039393,0.03948552508102527,-0.172394599900373,-0.7793012326532855,-0.33600436192968364,-1.0250392918497981
5100,7600,-0.665962432095704,-0.20709864581819537,0.5380565570273814,1.2909350442704974,-1.0797367183667808,-0.22548252822010592,-0.8789836689090532,0.9962600047987347,-0.6065308907738078,-0.2581149486121541,-0.9409135182516581,0.3738940474611495,-0.5754636398530634
5100,7700,0.8660320070373442,-0.18943072060614785,-0.378618862748662,0.5112141098474965,-0.15171154130821193,-1.2268309908968504,0.27569521448829115,0.8424691188192753,0.04388805584974654,-0.5290218129380884,0.0032452365881767025,-1.114966669379819,0.36029079725046514
5100,7800,0.10249012833297884,0.7333324909448846,-0.8797500867233312,0.08024419997932315,-0.19022334109198583,-0.6617437769878131,0.6011387419899272,-0.36082133644430237,0.6505561740255286,0.5703375227665642,0.4866551768144182,-1.5203476807491971,1.0501242215960556
5100,7900,1.7133886853398859,1.4750975492298262,-0.056944426603692436,1.0589457020904705,0.2540045171166921,-1.1890934019693409,0.8782397753096464,-0.9252817596577159,1.4165702944665266,2.390218513364004,0.39347599779150927,-1.5304703472027306,0.5500354628721543
5100,8000,1.118707710595374,0.9788742627611409,0.513524345983309,0.5004146821576022,0.9176349486719905,-1.1543230532423792,1.1180161312173464,-1.270624995724968,1.685497919404441,1.765362503684926,1.3822143867001095,-1.6322922713552677,0.4326670326677269
5100,8100,1.0246007691082355,1.6227753719551417,0.3939543342765709,-0.41187087427461283,1.4279783722833592,-1.0567316776593054,1.49627288012243,-1.0650134687566961,1.0731740672608798,1.6455698061276427,1.600539347864207,-0.8819284892842075,1.0664893010170826
5100,8200,0.6104315870218486,1.2922950704543221,1.6716763819450613,-0.5309677726594471,0.735714699262585,-1.2191162048954574,1.790651630052514,-1.3277788431652586,1.6351048749618966,1.9211436166105902,1.1455691768391045,-1.3140744637991473,1.738938334674428
5100,8300,1.2771405088148744,1.7361810187849884,-0.40091135519542725,-0.6972044341064771,1.4207122348120018,-1.1584964879406723,1.668243935862718,-0.954180875719743,1.4299736288722549,1.9765496169724472,0.9178413490437188,-1.0351827871617985,1.7351876022847186
5100,8400,1.3978348627060013,1.2295399162916871,0.9618511991717467,-1.0923963721260295,1.4640254318147892,-0.8654267421613415,1.5667939749377329,-0.5847757186410779,0.7705278428482362,1.660231056869374,1.045970773345975,0.6247812417642524,1.0098396877522338
5100,8500,1.3381993279049271,1.1878776920817053,1.8678416467859782,-0.8184716807253616,1.328824631705398,-1.0880211541672418,1.5331735045177097,-1.4429368428884644,1.037101401738271,1.9659410403275757,1.5006295075183251,-1.1188275381292978,1.1255262218071502
5100,8600,0.9120732827289578,0.8712631950290248,0.6310959470403407,-1.4361341016481264,1.2982385492541846,-0.13706043321663727,0.9580511085443957,-0.7473029645949362,-0.3538451143608297,1.9292761837226595,0.6837459677011565,-0.7485547363844431,1.2059778507851688
5100,8700,0.38002305557388905,0.9566123382397037,0.6493752161490755,-1.1862420810196146,0.14121689263056467,-0.5284770795271528,1.0442545830111967,-0.7093338939587193,-1.0385380801174402,1.3376724991615572,1.2420759427249695,-0.3165343143259125,0.7345042763396405
5100,8800,0.4080103831790231,1.711578844825491,0.5597740046003306,-1.130861283727341,0.23757066603357138,-0.8490409642276273,0.2314341538585866,-0.3482436292233642,-0.676586515278527,0.8627642910201176,-0.6095604131564013,0.736294230719316,1.2033015650330707
5100,8900,0.11223785691344258,1.4372168157821716,0.7504503994390458,-0.5982032968691953,0.05060526846124353,-0.9374206998370976,-0.5559048200614196,-0.034202480882025474,-0.6146775945857595,1.047358629459409,0.23688836298691768,-0.5420391526884778,1.091798671815211
5100,9000,0.5155517919046421,1.7985082291639756,0.9301626249199481,-0.5336320355084972,0.9065987163260345,-0.641064766913699,-0.011194742359738209,-0.19104596542652283,-0.4923089468846429,0.8971586553192761,0.6136751186380301,-0.6811098180205822,1.5451786117958641
5100,9100,0.39141433390828423,1.5848581307008889,0.08378035031765771,-0.2804587884896056,1.4736942220138745,-1.3991830618812648,0.28565765531787046,-0.47269433959419493,-0.22221274657784643,0.6550005867181313,0.4080416842098623,-0.8379406214632873,1.336411607524938
5100,9200,1.9300462701300045,0.6397473563753721,0.17738595869854992,-0.8221536813920545,1.1249619375914173,-0.7253894877384107,1.1926228486625228,-0.09770689082772017,-0.09667153887891815,0.9691554022974774,0.7806051647976443,-1.6209538725251542,1.291679431984137
5100,9300,0.7434820328926238,1.510261431635752,1.1307455167467633,-0.34865606258911136,1.8398251303072257,-0.6482105524457437,0.7330663267429053,-1.1144993383608175,0.8319474578344145,1.5186933001985161,0.6339874355593283,-1.5529441496874987,0.9052789590058431
5100,9400,1.1810307573265197,1.2448987713811897,1.9140673759254767,0.30792047145829754,1.371947246939242,-0.48812585983529544,1.0468822332420706,-1.1043483333531794,1.9141286260793282,1.0263478256549752,1.532299550524445,-1.5222179391768813,1.6663651402480153
5100,9500,0.9224705761720012,0.3194985052735038,0.3843454171792326,0.7425724447034762,1.5254749665642036,-1.1461691994219498,1.1307765672211414,-1.0584523843288962,1.8831902288811964,0.4121795213750919,0.8761542149664561,-1.1157923378406738,1.4402084231842487
5100,9600,0.39988463438924904,0.6852315326817199,2.2589289698946278,1.1405704788373037,1.099244281563218,-1.3410078639283658,-0.2937215897452277,-0.9138659970895193,1.0715625278083725,1.2801059117809694,0.22345214096836608,-0.7582742774038758,1.078700006881682
5100,9700,1.31825399661411,0.44524562087249175,2.1575364741992122,0.1482494597679824,1.0593917220957054,-0.6908165988928836,1.1046880522112694,-0.9517021915149323,0.8785353029188913,-0.35372249507636117,0.716102359567529,-0.3948209380531982,1.567348760971781
5100,9800,1.2472982923767995,-0.5068961378598557,1.817818580252,-0.7839105741910521,1.40732250386408,-0.37789374459595587,1.479852548400276,-1.250315887730017,1.1114854123547138,0.7216650526572186,1.232443491695452,-0.35786151008890826,1.6632257476264296
5100,9900,0.43176360335972297,1.4243885637473788,1.73675397771509,-0.4715784874289511,1.5426132641914931,-1.2994576032617122,1.1565891018655359,-0.28922486781653495,1.4304492726762876,-0.21236506969833502,0.9278059106153893,-0.10438537002156101,0.7884167123086884
5200,0,0.19429107273134025,-0.9500094651821825,-1.0216183012996678,-0.9728458635880732,0.044902589705362074,-1.5481683673238837,0.21489702699874588,0.5607859800985103,0.4603743638701054,-0.8228138169329078,-0.19027357260837965,0.10152887433414395,0.010242805009240815
5200,100,-0.628581033285777,-0.9230011573824447,-0.7867648513059167,0.02196898678709485,-1.3439228568737982,-0.6536911532661124,-1.212479829348152,-0.10065896688113128,-0.5138882862035056,0.12948542282667236,-0.7378492454284149,1.3836793140781551,0.1412178218330308
5200,200,-0.326415558880573,-0.6084408930312909,-1.4960205087920613,-0.24177196753544405,-0.7620351084944139,-0.7426702327877819,-0.5347362546982778,0.9535769371928123,-1.361901710047705,-0.8065937597785747,-1.2481649051509396,1.3520613890780306,-0.8690979764474277
5200,300,-1.4106149697040096,-1.1325179541550756,-0.9453614838224655,0.5780970333219152,-0.4839269807537362,0.6775017539431395,-1.239391666813071,1.4799807061293073,-1.4359915691239573,-0.9719868284086108,-1.2071042220336534,1.8305377339666,-1.797980516423739
5200,400,-2.252331382295349,-1.3175178940288328,-1.6247151029683526,0.3738904323582228,-1.5137736107824828,0.6877773185970123,-1.1967271299834106,1.0275441459507655,-1.3790015443650336,-0.8105771255829883,-1.3496012917079028,1.356599773461239,-1.8815307925451914
5200,500,-1.2061430032576044,-1.2313121945387402,-1.6753027350275573,1.3124688754859104,-1.518715145564988,1.4695123668030163,-0.6634682595361041,1.6182858749483526,-1.3470866704858335,-1.5221533254385753,-2.046191601917831,1.3962763274613323,-0.9142192067698631
5200,600,-1.7597377040347648,-1.7826496093119173,-1.273680758812379,1.113858083337881,-1.4425043864417004,1.517485140054176,-1.5593815204297148,1.1395521507068953,-2.2718893050031244,-2.1643398029343093,-1.5861523502683514,1.6275681859100624,-1.2653354803908607
5200,700,-1.0218405385971794,-1.0124764016393644,-0.8350056937945763,1.6731850240911685,-1.234080143895866,0.48311509609451286,-1.1795599120223612,1.5912425797650822,-1.534273620095167,-1.1729090001376161,-0.9262126876326137,1.4378390588607715,-1.5317596113198344
5200,800,-1.8501013549174707,-1.1294095176537284,-1.588252208282518,1.6167414674753904,-1.192724870191625,0.2562311265713524,-1.2791804934003344,1.5175127087242963,-1.6626720005154014,-0.9152582517651693,-1.2636058716791585,1.2002029247123907,-1.1653249643637789
5200,900,-1.3037044531855726,-1.2283418556368924,-0.9496014938395546,1.3605769878890903,-1.6557632615625006,1.0187992588002432,-0.8188759619002975,1.9894639193016306,-1.994084255301193,-1.3267866797695704,-1.4314965225473981,1.724104709312975,-1.3832545264261278
5200,1000,-1.0959545737555718,-1.7035270055866372,-1.1489112660656207,1.306262435979227,-1.4227113194926349,1.5674685484842055,-1.1864598838315012,2.1160685988350556,-1.592781840477828,-1.6958378424026004,-1.1365685143731126,1.5571118629768603,-1.0800586824516176
5200,1100,-2.1620127433631957,-0.8877746583936732,-0.9709066163501489,2.0100599443947145,-1.670586044122709,1.7152051143089777,-1.1141099374271533,1.9064482290773144,-1.1465601746057135,-0.6291832350888182,-1.5260117579909447,1.782874516765942,-1.2715202267135255
5200,1200,-1.5772223427408976,-0.8074786130344102,-1.5957147925344537,1.2978323116409434,-1.467308774613481,2.06241022314078,-1.620568946221526,2.128245960664087,-1.2944972997668616,-0.6887269993911203,-1.6289373336223598,1.7004498950346993,-1.9371588106150308
5200,1300,-1.6316492961655935,-1.7046904892652035,-1.4442705736148642,1.4149942190548723,-1.3092265200559146,2.262757431259712,-1.908473133386524,1.7036603647933188,-1.1253429533259078,-0.9044211582798612,-1.327246150161456,1.1411864060079846,-1.35248901377009
5200,1400,-1.562045849381848,-1.4324937074934878,-2.045467937652617,1.7664349076045092,-1.7262927201348113,2.2214670645582086,-1.400337829459693,1.9565969616369363,-1.8474758317703448,-0.9320442371057224,-1.235758310688919,1.9999893596901808,-1.2141140337061254
5200,1500,-1.4503202887968762,-1.6977389535698792,-1.174598685771227,1.5445915172842366,-1.598917885675342,2.0860922417505363,-1.4046801360842927,1.8507578496112622,-1.5792029766777171,-1.4998091781103313,-1.8201923160796343,1.6958191125311148,-1.1047311903801067
5200,1600,-1.705337521716099,-1.4400899779503982,-1.772295020999038,1.500381435935638,-1.1148879892623458,2.8921746097867485,-1.7230731192220101,2.151382840437259,-1.7187387399304939,-2.133088392222168,-1.382231013137527,1.4297819789266584,-1.1957785391728564
5200,1700,-1.7429407720065144,-1.6220401384533902,-1.9961905233815245,1.3286196050271262,-2.176289997823988,1.562868189599331,-1.5301559149821888,1.7314443195018447,-1.4025831718114141,-1.575107073741721,-1.2647107064401681,1.5137284134613693,-1.3005939608809003
5200,1800,-1.5397637698728035,-1.694571591650931,-1.0930695430004285,1.8788148075391613,-2.006918171445259,1.5884049076151936,-1.5788639885161238,2.011810877840654,-1.730893590763864,-1.3033174605342919,-1.835427996874097,1.50279262655379,-1.2759429297274747
5200,1900,-1.2974312900901976,-1.5856947012788973,-1.6699064489524997,1.4424584630785835,-1.5366320272750924,1.878798070945263,-1.3125281882932944,1.5553353533355532,-2.073438899352649,-0.99840448259583,-1.393979406471407,1.5405185526147251,-1.2449655196033402
5200,2000,-1.2586210520950643,-1.8617915876489741,-1.889651701022121,0.6044296708732646,-1.0201712025861975,1.3124529291255298,-1.322433384952008,1.1542343076314743,-1.7515232522544206,-1.3337543291342813,-0.8082272669459151,1.684543759954343,-1.3708828702447007
5200,2100,0.07925143537048757,-0.3592704865651775,-1.1917520689884085,-0.5348515190623717,-0.6982714570645537,2.048512545255054,-1.1989395375693075,1.3492750538654683,-1.5099777366484362,-1.6438012748888435,-0.29177156273355703,1.901947453339066,-1.1089623021910333
5200,2200,-0.902596455855252,-0.904917515174658,-1.488281827573121,-0.37577493875982215,-0.2924266573604395,0.42540717229249597,-0.8091133332601932,0.4218461009158618,-1.035033189254784,-0.7378950849550349,-0.6680440992623307,1.2925338152041133,-1.245008611081703
5200,2300,-0.7181503504001457,0.5214348853045868,-1.1994361085228336,-1.1033873605869065,-0.3173854514454557,0.26456466179981036,-0.022090750081080936,1.0767767285702021,-0.7784775986091992,-0.7863441073286791,-0.3580384660602814,-0.05287347629571442,-0.2933256073481754
5200,2400,0.19801015533738128,1.2176475435617875,0.07696073739106894,-1.320750795902591,-0.5962279049548608,-0.6751808282060832,-0.04908872463419724,-0.26482581254394605,-1.2180587126590914,-1.1719343303998329,-0.3383453879075769,-0.7328534641691815,1.1876192716232705
5200,2500,0.6124808981163303,-0.36974546252192175,1.0839603001868878,-1.5748234940652235,0.08059027959205285,-0.5738030669787105,0.5906049088829094,0.09584420187216709,-1.1673303994575563,0.03363959645455404,0.5372867424364764,-0.8943171098359681,-0.7632118222725691
5200,2600,0.6285571248479994,0.28922472367674046,-0.06620542105557695,-1.2914229153658354,0.336831681367436,0.6885709274010954,0.4843774427086476,0.4841920493443202,-1.5956284095865452,-0.7074165512496787,0.10540548599642756,-0.5406427657321848,0.058002487594279895
5200,2700,-0.3242976840442708,-1.2812605504024253,-0.48042560526830097,-1.084032561033468,-0.38933480795334685,-0.5459557448606737,-0.5629015777543596,1.5908586991570155,-1.27186441045274,-0.49229177047016215,0.21813748589887463,-0.0704475519796799,-0.6649726179187921
5200,2800,0.3249441766288868,-0.3120375558709676,-1.1106185185650923,-0.6603707644579065,-0.3278077661163647,-0.09651953865950687,0.1995970682704859,0.12378820027454018,-0.9019823489021408,0.16084283090553894,0.24160269560846995,-1.4560823250355288,-0.5166491156284909
5200,2900,0.6080536181989087,0.044954504159403934,0.10729468982524691,0.9432446206537507,-1.0709196269649017,-0.11881374832112582,-0.29703276649548926,0.19761996801161621,-0.6281825598475879,0.0015263805571884017,0.5364668014749232,-0.9684552701540948,-0.3799984763987119
5200,3000,-0.09643367185955266,0.19023410149934314,0.3033347885582071,1.3347129421338964,-0.37802297979525257,0.18816840342418162,-0.8708640742475797,0.2373031155696437,-0.501233957130726,-0.4292151875955488,-0.23434826067897704,-0.414431820017296,-1.101014169097882
5200,3100,-1.038783671090962,-1.1737995946484956,-1.0680868650214115,1.28823785256805,-1.6461831205695536,-0.21196685956979927,-0.983359352811424,0.4701735690109628,-0.7662385372416369,1.0742017703768272,-0.4098300530662849,-0.3627888738501677,-0.6599961055679425
5200,3200,-1.2730123814178975,-0.9271672119075273,-0.9959194816433015,0.9213253817855962,-1.0220225000462304,-0.39646049194727934,-0.8256567050272671,0.9972099209967371,-0.07125682543019096,1.4408938230668504,-0.45544641933236,-1.2345212304212312,-1.5725931769359973
5200,3300,-0.7476944367393614,-1.263840682568088,-0.1499747023884661,1.534445174581541,-0.13210558839784808,-0.22721050500171627,0.04126157866309046,0.14143880916952953,0.27317801900037325,-0.21100877847007482,-0.5166016892233461,-0.6180021911760261,-0.4004956871210709
5200,3400,-0.009092075105916935,0.05536307601996467,0.08477637966649001,1.5293752357219206,-0.7802152108342901,0.238528646540158,-0.49455078966887406,0.7000937905166311,0.3575051174459413,-0.0008923344861162598,-0.37692020367825557,-0.9679852134918174,0.03153096890523433
5200,3500,-1.3256228005564947,0.07677001204294545,-0.11266951085026446,1.66966807932986,-0.7281432893040601,-0.774475076479587,-0.9363734409448048,1.8496255736633653,0.6242552666812994,0.2479100474410032,-0.689349115633852,-0.0395434228208134,-0.7082969502462757
5200,3600,-1.3730231793956822,-0.7704102952858015,-0.3418190477447844,1.4307061588847858,-0.46536202013817907,-1.2520747099059968,-0.7938098136078345,1.7223519195483208,1.0646113710104843,0.9537986783754732,-0.9125213489443855,-0.7831918932794386,-0.8276126255735469
5200,3700,-1.2195178216895755,-0.9750958726023469,0.6338349217057172,0.7549349193068103,-0.5198829939065608,-0.7249564483985633,-1.1875021140504396,0.5455736736426845,1.0139132252373808,0.08383692986410972,-1.2554128209923525,-0.9655844892986579,-0.5338631038620181
5200,3800,-0.15423290563639583,-0.2730470521649058,0.21308521903112274,0.8956492934573105,-0.14167090443971053,-0.5943121141875665,-0.22096470638006288,0.5320960033552304,0.06492760560490979,0.10790641094264722,0.3946988560145433,-1.0370934592173557,-0.5713086741256365
5200,3900,0.07708236819216396,0.0649478022616537,1.2583055816196211,1.0108059548331285,-0.6416559373126712,0.2464192354257531,0.000696264982718183,0.02181626055153838,0.10437277770122128,-1.5956818145139975,-0.7853764637006762,-0.1702866827646459,-0.8670073146324362
5200,4000,-0.4680610968653444,-0.21980094723198468,0.7474242629363211,1.6153706504848258,-0.5250806350005143,-1.044263668464286,-0.440988504947996,0.03683469467691018,-1.3854361206930206,-0.5394500799615559,-1.3552483510203308,-0.5272465727838888,-0.7516111894808409
5200,4100,0.428015337331311,-0.6312598413267109,0.440583004853046,1.528501026257925,-0.23146013303765453,-0.7274624539084779,-0.4784629738574448,-0.24116268765395898,-0.21221018827138993,0.7704792995800015,-0.6067330364928126,-0.6813659359493114,-0.9667982773658916
5200,4200,1.0294514107824368,-0.2569872282317754,0.7178215783554875,1.0840810172084887,1.333801207122345,-1.0185511139178436,0.5737012957642595,-1.1421504829715712,-1.2389320804827666,0.6392991497371161,0.35618969978621234,-1.1106073011128341,-0.6934150988737453
5200,4300,1.7538438917565828,1.9248097995717417,1.381819176362305,-0.17666833710264554,1.1116101199493007,-0.6686243808337636,1.5719999583810578,-1.2253789021136046,0.3503272037139872,1.4730961573134356,2.058270006105151,-1.2184699942802313,0.47318730696936956
5200,4400,1.8242240659550355,1.7917023208347636,0.130733705071786,-0.6612658153823905,0.40826237280808914,-0.3823431179216063,1.0585973259168804,-1.1207285569417804,0.5376533763936071,1.2164749532264192,1.732115565409746,-0.3843395846172698,1.1031407452987088
5200,4500,1.294066607571244,1.3336425328013706,1.021248174156941,-0.4616484841145931,1.159271423997686,-1.3378362378317654,1.4200055826624467,-1.0571964780290923,-0.20706592183495132,1.5163688114447955,2.3956622242964194,-0.832976448483149,1.0251845985885089
5200,4600,0.6512192163714189,1.306326376142772,1.5016366364663944,-0.1594864072549379,1.0317924685254196,-0.6985396396443243,0.8472575146653661,-0.6333809599907428,-0.13845223750473049,0.5771229178460124,1.1096201879718763,-0.9880430259906016,1.3546425390195802
5200,4700,0.014271592529538694,-0.2380801909656002,1.7000416065728678,-0.2799821224763056,0.40051843056838077,0.032432989995762405,0.3026175721081656,0.8625580906922784,0.012889313259382315,1.0924208492001939,-0.7891105703855807,-1.0653052575359958,1.953600282959125
5200,4800,-0.6205219699658184,-0.5551583460096067,1.6693483809344107,0.5538731162638493,-0.0532760129153586,1.2094335279898578,-0.5814226806931458,0.18385363378993555,-0.505606601962323,-0.05271486971225416,-0.874201846338824,0.20436746145386192,-0.32734747880186754
5200,4900,0.027346714393974562,-0.0919908355159127,-0.030697218783786354,-0.18274092738707803,-0.12157719982360475,1.096102215072279,-1.0689600232395495,0.16012188008638914,0.2372927495494396,-0.3295930419232964,-0.7481884130789329,-0.015386879097150672,0.18615829065377787
5200,5000,-0.7835120607441771,-0.8666906224603683,0.7692603030310857,0.5096322720160645,0.01988497226553747,1.022756697981296,-0.04593207776620261,-0.7828161691175777,-0.11103884835032111,0.5224213321534673,-0.5472128538204354,-0.08558790090922695,-0.6805590038852897
5200,5100,-0.2194569719256822,-0.5372428793878318,-0.20372421811374414,-0.14914249751433184,0.7013223542600007,-0.25268791758982073,0.6723075798321066,-0.9102294070010143,0.08418714906625191,-0.07036925810823089,0.15863207683728403,0.15856746865473237,-0.37319776349710443
5200,5200,1.2637224290827846,0.21496724267224537,0.7332852058220642,-0.04969473082027861,0.45927375457474523,0.8859027239809206,0.8766716904049624,-0.9211417965206955,0.16918697522125242,0.20103568941769515,0.33601340293969073,0.5142330901537556,-0.7552959401675485
5200,5300,0.11640700497156474,0.5378807022529446,1.2984302820575073,-0.5047263330702363,0.7475946455594171,-0.12266480806435011,0.28377099621894586,-0.4617108576433174,-0.5801477837068033,0.42824772732053923,0.28937092085560917,-0.4173155271287093,0.2028423654753251
5200,5400,0.13425147347620026,0.44181099645194577,0.3469916195842546,-0.15133786469841062,1.1209223240260806,-0.7629016329890377,0.9326148169633577,-0.8143625155688237,-1.1253411328543854,0.8622599084750998,-0.25523318622327507,-0.5809618639990008,0.692921649167703
5200,5500,0.3780311830258798,-0.5951172136805039,-0.12911382500627347,0.5399060552159355,0.411863809908908,-0.16267832278073058,0.6027689356032864,-0.3922730741644832,-0.2918996963012417,0.07695764061495715,0.05169065110002429,-0.4371127261852791,0.21161557727927302
5200,5600,0.8394119196045221,0.6249046270353447,-0.3313140298952867,0.16374417626029045,-0.312758519568915,0.22719174671240192,0.036740988259853086,-0.5701187129683404,-0.8611665644755195,-0.05644754515960605,0.7232654662758167,-0.07735385455881695,0.08830664033751935
5200,5700,-0.975880326729239,-0.6595904335485229,-0.6507888902074889,-0.806910854176952,-0.40769270346351527,-0.25951653276496733,-0.5052286072269773,-0.6869306754389506,-0.13506007274778434,-0.07280241626651826,-0.7598320193522277,-0.29333591931953074,-0.5396875074743821
5200,5800,-0.6803410361177994,-0.42017087804466013,-0.5735428042688451,0.423082780891104,-0.45025519007209047,-1.1502574338462777,-0.6845965723894587,-0.5922703658875978,1.0162993406510101,-0.4360804682370617,-0.779069870833628,-0.07694547870818996,-0.6206524344021668
5200,5900,-0.3073745032978043,-0.28375101915484446,-0.1579380263758432,-1.0485015976767187,-0.22597303910552013,-0.24503212759975548,-0.3584262806910679,-0.49954139037519746,-0.03816653554223468,0.5724087307743658,-0.36629934640238626,-0.3882242859804024,-0.2178885544641026
5200,6000,0.24739191638057345,-0.348528015773702,-0.5911825665793551,-0.9357883172514784,0.039953293312491985,0.09843692014720704,-0.527765618742121,-1.1365265723751043,0.05263106504313886,1.2744351536433047,-1.0291104754527292,-0.5123810932705315,-0.22179822075947342
5200,6100,-0.7760865638428159,-0.30951110469363485,-0.8255570396827853,-0.12936947936160817,0.27263964235590443,0.29747858053185827,-0.1948402419617373,-0.095307844316331,-0.6301325285666554,1.5226853946189987,-0.6913925686521085,0.37752358766597877,-0.3408677314262917
5200,6200,-1.3321231798000983,-0.8885146016822075,-1.3203339869602115,-0.16777131600810086,-0.2838839471078154,-0.10116114251137288,-1.7167617482633026,-0.34880328019517876,-0.31648465339122894,1.5195467733003591,-0.7268171876346465,0.5838854572254446,-1.5176300899046704
5200,6300,-0.9344111406020311,-0.860414512201892,-0.7875433803720792,-0.5085130438988918,-0.7100775541888288,0.42968235317661013,-1.389706932694706,0.4799656479676598,-1.1733863127029476,1.0468126398182227,-1.1087041003466993,1.4298294694127973,0.021793651818594904
5200,6400,-1.070584112798349,-1.0282426579516741,-1.0795513894931812,-0.678930496993065,-1.3408747476447305,-0.5957312106158598,-0.5537541243203743,-0.6419464331148029,-0.28057229401168815,0.9544632352340483,-0.7542140156363228,0.6721589913195422,-0.3327384179987205
5200,6500,-1.3610149600366959,-1.4558833125083714,-1.1548008040538438,-0.1858069592050624,-0.9315516699622339,0.41418354910422733,-1.0297511142061218,-0.6135206620831476,-0.3858117680480558,1.605391014140152,-0.709518790982259,0.7805904163873677,0.03970626699345543
5200,6600,-1.019418219869346,-0.6092355739373745,-1.5615558332720254,-0.4666023053723123,-0.8190495280816295,0.6774631067834521,-0.6162513360583434,-0.36077449565077857,0.44258047270331863,1.0993048037666082,-0.6028498704053171,1.6812173475738414,-0.6954904463284884
5200,6700,-1.128987386676968,-1.4267946707126276,-1.1477349153833842,-0.8158864460610977,-0.7691855691254924,1.294964711844532,-0.20133200621617858,0.3326123686371772,0.26843169092369196,1.03371562328365,-0.8720359288960954,1.7219030246429288,-0.53161574731697
5200,6800,-2.7234700118768846,-1.2592832479035088,-1.4565889246326778,-1.405316004108725,-0.521841307096238,1.2922416684369271,-0.9697955307610326,0.15922748923643984,0.6466643394925189,0.5020479798086739,-1.1202360296262943,0.7900086178100975,-1.2554817554463804
5200,6900,-0.6248348472430123,-0.6832553564630072,-1.9755590401936893,-0.06108369771636415,-0.9940200339054467,0.4370873986301725,-1.496652075935032,0.2773068468605956,0.009432895421903346,0.3581580451584095,-0.9105490665247841,1.2873661194022303,-0.885531296557012
5200,7000,-1.00257940618215,0.12727144823171133,-1.098726177875317,-0.038000643036894925,-0.5047839925049518,-0.027867037602047867,-1.3815113669368924,0.7618134312789607,-0.10116869303234831,0.5279961218790139,-1.240730165012049,1.3476431421666324,-0.7526871376884245
5200,7100,-0.810564398241949,0.4430737710624784,-1.3813668654723616,0.7947462768827338,-0.16617678539693237,0.4452744464540179,-0.27156438708631503,-0.7466161623466273,-0.5646680420664135,1.167818155172484,-0.36019253800797985,0.9224470122424617,-0.05445325985367148
5200,7200,-0.25763559508340217,0.08008828754578688,-1.0926266284318986,0.3616077441714323,-0.5376132110221253,-1.4169843693137898,-0.36936492895045236,-0.47830404858973063,-0.3128555890399299,0.7074906955150675,-0.6143056172275192,1.4135103703123761,-0.7629472958548066
5200,7300,-0.6434299452523036,-0.7046830421590878,-0.8720604076155056,1.3813810996940805,-0.19310480515120554,-0.8574271297178955,-0.1882607066891535,0.23078842514506573,0.1653698520351291,0.8531532558247215,-1.0570465830803897,0.7217309687511673,-0.466457506436933
5200,7400,-0.5207750503889215,-0.6952998430229755,-0.9331915759575734,1.0547705665738158,-0.2778990106816095,0.04885849141788608,-0.8008943339289513,0.6986273398748495,1.083414786251798,0.3502907298886659,-0.3154456157929177,0.026125215049270224,-0.5371098390179649
5200,7500,-1.4416399209788646,-0.9336151398038702,0.23030759072594936,0.8470192008613858,0.07511962404137276,-0.027584111252252474,-0.6194925004862293,0.23369916987329178,0.6322001689624303,0.5883758295445319,-0.8832184013405663,-0.4305847707678245,-0.8266128025187174
5200,7600,-1.0513923603645166,-0.8983046300674645,-0.7212489869175531,0.11190484429394641,-0.5922022684630164,-0.28817556401365246,0.05547715512146588,1.3219114062839648,0.6899303768017526,-0.37893289496793453,-0.07425035141942994,-0.6589361379224039,-1.6287487792963633
5200,7700,0.2283043407276691,0.35748087841203163,-0.3669709182647545,-0.24760884191153443,0.11718263238126185,-0.4200962661503168,-0.07233214222966296,0.43034500210776144,0.37435683117100527,0.3076860588828877,0.4539211670562998,-1.1834708023900278,0.3057927146237517
5200,7800,0.4350147659204654,1.0682192116284983,-0.2583084639997145,0.6081881681522381,-0.006746539857527229,-1.1100068217230883,0.9832332872107848,-0.6386698027635713,1.5718421960306888,1.1521702080214387,1.0427619981056602,-1.5049728405050988,0.6525981006993394
5200,7900,1.2454164091773074,1.5967550164714206,1.099195444505676,0.7792296810676881,-0.06593286087028133,-1.4042202615295118,1.191320248855052,-0.5076975517427742,0.8965139912241795,1.322948369409104,1.250283855145878,-1.236349337301225,0.7731714037246642
5200,8000,0.9548972212797582,0.9524504477738382,0.08270783644790623,1.2741025855204313,1.1178874121575306,-1.194884929376652,1.3911296627576135,-0.15412624459121396,2.1445367623707488,1.4499839421954115,1.0167905256510772,-1.0923150739792198,0.48603700292036384
5200,8100,1.337158961278147,0.9889275739573217,-0.33572157408459957,-0.512603787008165,0.9848218545582594,-1.4676906432508674,1.6286825071006947,-0.3517710774689656,1.6633459166238855,1.5676515044650268,1.9420368405445554,-1.8040267829552534,0.8541287564250244
5200,8200,1.4635378285027503,1.630970517903179,1.0826953370902268,-0.2914943769395487,0.7300145271328826,-1.1862151433248616,0.6724372959126618,-0.8621344170495155,2.044879728826008,2.0281425099918553,1.5919521937395202,-1.369338864822413,1.370222566966296
5200,8300,1.9851044527446502,1.0696439010760805,0.3226277952445174,-0.7148203836834695,2.1268060004336298,-1.0785764267208853,1.5816802711308653,-1.2942921241901302,1.352891083015784,2.25505349042961,1.8033863798577678,0.15714037002713707,1.6413689588649352
5200,8400,1.9305892452042643,0.8761341867415621,1.3673286415086392,-0.6447302969404928,1.1981172584748985,-1.2267744055998044,1.302771618415166,-1.323071050300459,0.6231578512456333,1.7880877675406328,1.6087788743779032,1.1140331375034078,1.1243307968795098
5200,8500,1.3356362776685973,1.8492066988663285,0.9583736827874599,-1.1092484973052223,1.3091873808695595,-1.2193754946451114,0.9119825953360565,-0.5169737965160505,1.1092717887194399,1.8981971440572936,1.4775495142330033,-0.6022016279950799,1.0927933455462358
5200,8600,0.3815736716741334,0.5177206851466136,-0.20860402740071965,-0.9554149047500766,1.4624408020992892,0.17814715362178543,0.4225698952542335,-1.2081224227908491,0.10548432078703084,1.0778490314564397,1.167434958693015,-0.19896554250442056,0.7946645133386036
5200,8700,0.8458266695624443,0.027992838569338385,0.6087224892572533,-1.4854286966788202,0.5126538009839889,-0.6236609133678604,0.7216535169374283,-0.49225725431444245,-1.5790583927937492,1.6860127263502476,1.0205559021157236,-0.1031402886790661,0.18757381445584229
5200,8800,-0.6050389246718678,0.17192558149922121,0.393335790583326,-1.3565733063630805,0.35824981279531054,-0.21607582830717303,0.2686470845562477,-0.7849180955152818,-1.0336077825246957,0.9988016625472632,0.048977355892988524,0.7869791757169065,0.6665705457134359
5200,8900,0.3991145251275394,1.1006160134093632,-0.0042164963286886945,-0.8364176765134727,-0.44014012260307095,-0.2890440548952824,0.40476019686912373,-0.5400518226881286,-0.2811130359766577,0.4604202105932081,-0.08220630401664455,-0.2818410716072291,0.8457616988085969
5200,9000,0.6457610880069721,1.1742578681962519,0.46074837347910325,-0.9686002241070677,1.1061619972805516,-0.21261741874231632,0.5773350750677084,-0.9807657386830049,0.11492336997280986,1.1187117650472327,1.215548224955924,-0.15091979530588778,2.090230000456378
5200,9100,0.6093457652748512,0.8369626298979089,0.20425433040739033,-0.9234658921361101,1.1222098202247905,-0.14212941947377053,0.38948278956052645,-0.6955423020490338,-0.3801157712963265,0.9028484742289724,0.31958860470564765,-1.5092116458071843,1.3824601292551917
5200,9200,0.9284093754890984,1.034249960717039,0.2905464266976587,-0.39947655469751747,1.0663191509249157,-0.9323387371106192,1.0078982515577979,-0.6424064244483267,0.6482028185973259,0.5312442965115007,0.5754683547449334,-1.4131725545832077,1.5734079165322856
5200,9300,1.1242867707173883,0.5367923822114516,1.182644559921375,-0.1906342364550883,1.96812342419869,0.5290437213200433,-0.2950598633202184,-0.9360826783349793,1.2767926597571253,1.3251561109915349,0.4928201267905204,-1.9029291938185378,0.8465499767420304
5200,9400,1.1513278076458557,1.4122730996404944,1.6654906553649533,0.37295974665828346,1.4278834293105855,0.33366745321387004,0.5825611817290968,-1.0207182641949817,1.4963332059991508,0.9507669214473128,0.7022968747880199,-0.9409942898326322,1.7328826213975663
5200,9500,0.3859710970302609,0.8139124898903535,0.8597338905084149,-0.46796226017064796,1.5594985353231807,-0.9819421324625947,0.6680126992199572,-1.6431210750324603,1.4920827168586481,0.353772535235401,0.7165386557777959,-0.8315990412329254,1.1585235205878632
5200,9600,0.7179668520854727,0.7702057909308173,1.3202268309928256,0.46284382868726287,1.3459377501373946,-0.7696120928701283,0.07465610908381645,-0.805284834918605,0.8520769894013962,0.15586422948686418,0.2307643944683903,-1.1966650495838795,0.9295405679444362
5200,9700,0.9641344173022213,1.098034276869821,1.4132979019249536,-0.5151463054919414,1.7936547916885306,-0.9687293328996661,0.9733788868165707,-1.5051265363250819,1.1506222540788094,0.2122331271391602,0.7179894857737558,-0.14302479465132192,1.0270419160855693
5200,9800,1.478523726695242,-0.008604756961020954,1.1920685974507839,-0.5426298297994936,1.584133051887266,-0.8444112242788013,2.0294854242867197,-0.9590371863365806,1.5530636199517616,0.04738611412836456,1.7044470876001532,-0.4229649550911973,1.4963202873748893
5200,9900,1.4411927782712763,1.2238635315152613,1.4606533463243854,-0.357770006960431,1.677152371353867,-0.922848388134477,1.0858423799660846,-1.4155442604743074,0.8130309913993052,-0.09658684475996626,1.3853518640340976,-0.35696318126797605,1.0561741955147186
5300,0,-0.16184833183986577,-0.7314396029801772,-0.3816078938530432,-1.5282759407699804,-0.622358321230619,-0.43403996211035606,-0.025654200484180253,1.0437352206090045,-0.522980524697549,-0.9964847154673054,-0.4741209340404042,0.16897601309526428,-0.02329606497788916
5300,100,-0.1706087171748218,-1.4333832085840077,-1.049151185472488,0.09819680013010858,-0.9100400371302506,-1.533376365548805,-0.2620859227485112,1.4667935357569852,-1.4386859430406918,0.07802659273863706,-0.10829624237030637,1.3533302133358542,0.4582714881446902
5300,200,-0.7461446477781597,-1.426702980857058,-1.694303480266798,-0.20917205571538394,-1.1773173202934957,0.3808132070594961,-0.8772235752674067,1.0066780063333465,-1.1963320786067506,-0.8817691578989154,-1.13172635364744,1.82746337541741,-0.6002629401903462
5300,300,-1.5126832889143882,-1.4045397488615876,-0.6355609610829849,0.07674548969905871,-1.8740504785281453,0.31431149072759607,-1.343364831440782,1.7312264034187779,-1.1079895912868074,-0.4962205009256163,-1.8343014709657428,1.643514965653691,-1.430917074487164
5300,400,-2.0433942083741377,-1.9546390103005427,-1.9139653936565388,0.7807374329594357,-1.021160309445843,0.4679443768583244,-1.1187751318080863,1.820108969787978,-1.7989775347421497,-0.665591348623395,-2.093660431215736,1.785336313553326,-1.35384190102272
5300,500,-1.2401998305455257,-1.4169931636776347,-1.081583717201105,1.864139740259993,-1.0770095921942286,1.1643134796352281,-1.245458104814347,1.9602081367721835,-1.5395043701774946,-1.2804321103742564,-1.1783024159433677,1.2865456206680719,-1.2059231104035522
5300,600,-1.2673100847690724,-0.8931504027748929,-0.7362137163536694,1.1567226951844363,-1.5061121647674918,0.8532320033666192,-0.3944669108332588,1.6613306250045223,-1.5786042733779493,-2.1214945115837303,-1.4159308552842556,2.196882038786162,-2.4083832542517634
5300,700,-1.0090835737206314,-1.5194935904050917,-1.331891509376499,1.8404705749105905,-0.6605738780731817,0.6593651660312976,-1.6655675184801122,1.6688056201967025,-0.9444473306207616,-2.335645820806993,-1.3630207967452002,1.4742854953757416,-1.0631195373941489
5300,800,-1.5603825013393167,-1.3940006757071932,-1.0804868782032013,1.3816647023181208,-1.3918110193946018,-0.24055028495319974,-1.1985288617173082,1.7192258870379122,-1.3075733776476943,-0.8926521664610361,-1.2682026090447756,1.245668390793148,-1.3302936121974671
5300,900,-1.834658173247653,-1.4002750270555768,-1.2028581007811086,1.096008520256607,-1.7741033739542782,0.5120372785862543,-1.2857216118687091,1.3939032164038543,-1.3948726531006448,-0.860055282979363,-1.1711276303661393,1.9232052531975017,-1.43014751248632
5300,1000,-1.5304936753095582,-0.948270611785293,-1.1026963415364606,1.331195406386068,-1.5084538404110381,1.6385952858803727,-1.8591147229840534,1.9860596623284652,-0.8119837377926739,-1.0388423354121574,-1.3454915589911065,1.5843703883799591,-1.3684227642201165
5300,1100,-0.7720372887917684,-1.207606375723897,-1.5760316575125195,1.0659732310190755,-1.697921817443491,1.9433860536239136,-1.4435690946128379,1.8056141944465869,-1.7272400655025535,-1.1951801188229152,-1.570468235507989,2.0941959545396243,-0.9433094788855074
5300,1200,-1.3144149041761097,-1.14770724457203,-1.459404479418022,1.8342947015801183,-1.4938468090788999,1.827663551616828,-1.519450651806949,1.5640678335652067,-1.5316899898971346,-0.7700879827345779,-1.5853184393344326,1.9295375496496523,-1.7736091748538036
5300,1300,-1.5729438224174799,-1.384218651580064,-1.8943766486363538,2.289758442595415,-1.4357053374695288,2.3336244352217395,-1.7232680724388214,1.9987910829378093,-1.0827585834668378,-1.4187783912991623,-2.1723666718931636,1.893271771791724,-1.7194671352950377
5300,1400,-2.005886292660764,-0.8778768245759705,-1.2276915737739194,1.9444530335880064,-1.042298560106005,1.449871039354113,-1.7857582700580787,1.731482062762242,-1.5884208852575565,-1.3147582094017591,-1.1364792020410623,2.120572770189868,-1.389335812853126
5300,1500,-1.673100667007865,-1.4002653366402866,-1.633644063619682,1.8568100536911027,-1.7156646045866097,1.9541031978926973,-1.9405959219140803,2.2147154858906486,-1.5178819804950379,-1.105802642496811,-1.5691725888678227,1.9408272115109175,-1.5726865868147983
5300,1600,-1.7842172554673392,-1.3156206535402402,-1.1803004427536221,1.6304054069920588,-1.9632583445096337,1.804904465785641,-1.3492014661568774,1.6508157333083513,-1.3897121223350923,-1.6469021894873113,-0.8956042957188708,1.3272980128025251,-1.0699971505856367
5300,1700,-1.9841409682025932,-1.6472849319689638,-1.5470395855485575,1.4102654541787973,-1.2804770956848526,2.1504223817872474,-1.481078328422654,2.130724839729914,-1.808190778211398,-0.8741724906633738,-1.1648027249789716,1.6243701258195327,-1.6709721209170378
5300,1800,-1.660039461274665,-1.2319334116616012,-1.4868427873539805,1.560411780971105,-1.139045164945061,2.372420984987624,-1.628964009985581,1.72194237448018,-1.608548091718425,-1.8675839628679665,-1.3897477310746638,1.9002289588265564,-1.46165642289927
5300,1900,-1.4759922289613276,-1.6749083346827012,-1.4471339391678573,1.4546764676689532,-1.4215636488432555,2.470967037682972,-1.0613863054405377,1.2056351809779424,-1.8120213903009346,-1.4895017780497235,-1.3586116659982894,1.6745638418347746,-1.3421504431432743
5300,2000,-1.2809628914186644,-1.5106518947908665,-1.8557667097486348,0.36389712474349617,-0.5663186591600312,2.0908824678774867,-1.2185274138143298,1.899249623675428,-1.553984614626667,-1.3852165620402783,-0.6287117993451139,1.1356674333523393,-1.6106275302341795
5300,2100,-0.9663966702074838,-1.2664516075161982,-1.3758439809327165,0.8466296370199825,-0.7653281735083665,1.3975571782328546,-0.9255858504379557,0.9566586942735719,-1.1482543328139052,-1.2652339979967517,-1.2558077363544846,0.7529600165678888,-0.825218508040992
5300,2200,-0.3263463183390997,-0.9477693709990953,-1.8537791823787702,-0.9145403180936185,-0.8444448865392774,0.8487995895878302,-0.8551247348250813,1.4498300076937531,-1.573955614497437,-1.0060717955117584,-0.7568938734074555,1.2165340280043977,-0.8750229813014365
5300,2300,-0.6749131314746218,-0.22705934186919338,-0.9698423196600262,-0.6883989478158027,-0.30885124506687334,-0.3532086024838233,-0.4614288653560586,0.5418499316707295,-1.5633433351530253,-0.3676820742495722,-1.0296303065813524,0.2846975653551061,0.21759689039246907
5300,2400,0.6593937445576552,0.3559993634176219,0.02887837181211742,-0.7739665519064649,0.47705808092775415,-0.7028008775543315,0.5200812632544968,-0.2535782122546803,-1.1446011110922887,-0.6234610247648704,0.40134781839765393,-0.46061624698976145,-0.2746423217519651
5300,2500,0.1934594611063456,-0.2059028794208907,-0.1419387604153463,-1.0931992759088385,-0.30033351996553875,-1.2622828236156163,0.5144233634221705,-0.04251583741075919,-0.4661257486654264,-0.4476762581342699,0.7550446604812384,-0.646530771473506,-0.5110095672334393
5300,2600,0.8856066644806565,-0.4353198797464952,-0.7485147590811672,-1.5491154012025299,0.1052896188816461,-0.22846809037192115,0.15705191984917163,0.4238962755681526,-1.1359721723144267,-1.087700841867797,0.4241439381570798,-0.3878940748488245,-0.15756638196726128
5300,2700,-0.2360963803457585,-0.22113035039149076,-1.4624635647549522,-0.8351303471357922,0.563790921497103,0.4206288116793965,0.3479832117011146,0.8979689189887909,-1.2292134192744655,-0.9274025648588851,0.8253856089174864,-0.05374207686213986,-0.7936494717022047
5300,2800,-0.6222316912502321,-0.36029827815934035,-1.430577637822005,-0.22240808372740276,-0.40434578653742137,-0.08223265837026862,-0.024080221692659547,0.21290226901450113,-0.5856675443406943,-0.4132863525144617,-0.2447736819558433,-1.4454852044586288,-0.4791991286226635
5300,2900,0.11721317766275208,-0.8483731883009434,-0.07080083650860998,-0.08489812115364338,-0.7902859789156524,-0.5355804692881881,-0.40949150654988925,0.09752865686968828,-0.621574021191828,-0.1263627145318415,-0.18420557594437276,-0.153015384995917,-0.21892937375009447
5300,3000,-0.3601608399319571,-0.3928853339964994,-0.25355498102630064,1.713631544680702,-0.4794807656878845,-0.06604257783960275,-0.4669951747138503,0.3245233682232729,-0.9078013843444012,0.10976719942062794,-0.7145033603836158,-1.1848862561728133,-1.2937419420533092
5300,3100,-0.6063769823531205,-0.6919113804132381,-0.9362909854933715,1.3093891632096155,-0.7760853663123747,-0.07158779210510759,-1.0824389769481548,0.7158562737519825,-0.7241641523035901,0.7137169381675385,-0.8640212438889343,-0.4075359247959246,-1.0174239985677387
5300,3200,-1.349437992740264,-0.4751638563649555,-1.1824542088129204,1.132127839868015,-1.0623648131732557,0.2537766071838415,-0.9803337176837936,1.1251204183066277,0.1858282809277774,0.03712253160845625,-1.090186115495623,-0.5834776259240064,-0.33105575259860953
5300,3300,-0.45615129461311216,-0.09924787333448618,-0.6209147994969753,1.6910022824378497,-0.74639102027413,-0.12395169859687999,-0.9760395936891334,-0.349245379422794,-0.2008742928534223,-0.018553346749479803,-0.21074660782086582,-0.5272842614473434,0.0843269988850389
5300,3400,0.019173019783524137,-0.0661974054200796,-0.6772643673009977,1.2721605882037943,-0.5366858310004035,0.42266588400171773,-0.6516729268603495,0.03055930262797857,0.6906244652652891,-0.41700658383453815,0.18619211983620582,-0.3006569493841499,0.28743437739979966
5300,3500,-1.0189024349786433,-0.24699612167375137,0.7355506130732514,1.9205623432069365,-0.7364254608324453,-0.5143937076266836,-0.6178209122754649,1.7710751260745095,1.1799206446343098,-0.038819087612465095,-0.909334147918448,-0.5063365297970822,-1.1803507423752821
5300,3600,-0.8268250451862649,-0.7603385023060979,-0.08359463354137407,1.5832759885846996,-0.5029513329731029,-1.2019250829489545,-1.2322773374523355,1.5856035232392502,0.5614424298166709,-0.585567172588561,-0.31404487325265396,-0.8925251990640589,-0.6738947709761092
5300,3700,-0.8496578210347503,-1.2839436811754505,0.19278544595234462,1.3305341654196043,-1.2302870864241626,-0.5123751987954362,-0.43521946768719244,1.5393430344345562,1.1653307262374222,-0.1676889798589319,0.13147268596095082,-0.6789271190781403,-1.2182755619882786
5300,3800,-0.07105472023117254,0.5601523831507205,0.8132465625139305,1.4379813349510846,-0.9370453630935125,-0.36327905704529834,0.3475930825442838,-0.0014095848557757846,-0.04391575503632991,-0.6618055551769402,-0.5920451183555697,-0.31019545759195877,-0.11600908050588062
5300,3900,0.3692585821737161,-0.6785551348087455,0.7603304549997539,1.2750952989630524,-0.6454118591871224,-0.14881775742835435,-0.17435353460981515,-0.40397225132460857,-0.4751484024561582,-0.8751830700417443,-0.9721446877081729,-0.7609524811604165,-0.5655108382304916
5300,4000,-0.8695762679867077,-0.5243148677225188,0.37675068024844227,1.3770342962882065,-0.27053854439399017,-1.033367855817151,-0.7329164063271404,-0.08969034513730903,-0.5225566189768279,-0.604178674861052,-0.9216098769378559,-1.2296183113300476,-0.7968694831406589
5300,4100,0.031794003926413364,-1.1071921851621909,0.08011362241129305,0.8291570859714079,0.5311172556879701,-0.06210193780062549,-0.20861905469114783,-0.73634348431015,0.020532057281014954,0.9869501986360404,0.5442570863316619,-0.8805345995669445,-0.9911014924924867
5300,4200,0.8742124933137472,0.3370432012562061,0.9778610580452852,-0.1163201654978241,0.5634066647039291,-0.16302277926798578,0.21135621525015802,-0.8476720097588136,-0.09914591504252726,0.4650263518382159,0.7066527764335293,-1.553867639155417,-0.679194397946514
5300,4300,1.489248128154736,1.0933973389835088,1.0705637252746907,0.09431329460156856,0.9102392895065855,-1.3389633026791463,1.7530909972011275,-1.7891165137007519,0.9132144891879483,0.314356699721486,1.2882602873122158,-1.0800918877087353,1.1250703879211108
5300,4400,1.8162222016334848,1.7514492839783662,1.357856868151433,-0.47793278186362587,0.48966073453142683,-0.8584110288057754,1.793991964293264,-1.1011353931837922,0.8221911499102751,1.0605617136197143,1.473373991342298,-0.7768327119982885,1.4235432717923777
5300,4500,1.8627045583926414,1.6605766486297264,1.08298828093051,-0.26987780892110363,0.4027194446851335,-1.3888296213007412,1.5883053039400772,-1.1444514935453127,1.0878822775618755,0.7021672857766443,1.5246141673997335,-0.7672373642642037,0.9240257487525043
5300,4600,1.359539603013341,1.2240268828634362,2.1370195354319574,-0.29053508783291004,0.8860486909868646,-0.7247583961480473,1.3592353803665247,-0.3394992344270217,-0.07944256525008375,1.0989626615295716,0.9473874772932924,-1.130592774338727,1.8848181801192831
5300,4700,0.3778209508111543,-0.3508120362518071,1.3724440357482437,-0.5882574612933505,0.7697060875680495,0.29127778310186014,0.2404005048769938,0.6621236205175289,-0.14048476901212006,-0.4683355666789609,-1.2921038122732809,-0.7645731284942616,1.0391065425369428
5300,4800,-0.5535092664581157,0.03130224220444656,1.1344358204610818,-0.4615680470941652,-0.018736263488110978,0.5590641120038855,-0.6921317549647331,0.5607199173037333,-0.024392335394347323,-0.11966503197520724,-0.26973959362416855,-0.17710942601869925,-0.6219810224273917
5300,4900,-0.2715654455601031,-0.6148655836962016,0.455013703924023,-0.29378653154128587,-0.28907398229061027,0.7812100891381845,-0.8437180379923689,-0.2751139109428911,-0.1788864587405299,0.36475354292167156,0.08766743527515997,-0.21897990378218973,-0.2728338663915684
5300,5000,-0.5784875449090771,-0.3086061197435728,0.6786827292235308,-0.15678207686883375,0.3230919620635466,1.0167667142956665,-0.10487295413530241,-0.3576111150028639,-0.38354072226401276,0.3413928153592434,-0.22170830927816348,0.41885146376335297,-0.8258140534605003
5300,5100,0.381390104993305,-0.2733883667886408,0.7994580943768269,-0.4923743160026962,-0.645392077005759,-0.11923699842314897,1.0035023861021815,-0.9726199322554532,0.3454321242800884,0.30247677652995836,-0.0662168804749708,0.5329007311657588,-0.3873284884744952
5300,5200,1.0061262158249296,-0.10301896808457765,0.9308980593755708,0.03782820057062262,0.710936682115961,-0.13425023257258373,1.3606543381829408,-1.2327996115477788,-1.1289822773391007,0.31464384663019107,0.0746377680979679,0.7728051647321205,-0.04011239614182377
5300,5300,-0.5782603186461994,0.18057492896877997,0.6453845191348543,-0.12265123998525028,1.1992513232767734,-0.2562172024248601,-0.17236601562800438,-0.1704094135587236,-0.10917084463937395,-0.27493512259761643,-0.4603269474931658,-0.5629386559801328,-0.2487339131573353
5300,5400,-0.12077549536711744,0.20910651875943934,-0.034283548796319945,0.12331154208075613,0.8484546436972099,-0.7244939122741418,0.48564339639600906,0.8839367374052486,-0.24465559965154948,0.639816815852352,-0.44231399556248396,-0.579360144636046,-0.4394432856317507
5300,5500,0.5195756791300564,-0.48794026004900265,-0.18918657365182887,0.04923798245441259,1.3695693085627842,-0.23471036702083817,0.5646772794782392,-0.19936890689621634,-0.6567750122142181,0.4561433762523217,-0.15300620867563577,-0.25359504697625634,-0.4458890071462928
5300,5600,0.682728176260944,-0.07982364530587659,0.6706098894415015,0.28902081075024316,-0.5920107135117993,-0.5916425150521415,-0.05535436179533521,0.15687035385514878,-0.6248725337014801,0.23072197584912865,0.46412352423913633,-0.14427507609973853,-0.04927708260605831
5300,5700,0.9876107409212551,-0.19439264856567523,-0.0440498183089972,0.16691947756932926,-0.6795737936955714,-0.5141396299333684,-0.20606143335668384,-0.345929461522987,-0.3154269319490886,0.6587173288993436,-0.3209339283312979,-0.027949991233853593,0.09061635544190018
5300,5800,-0.3644529205903658,0.09581646052987208,-0.5290112039444974,0.5181796388059792,0.5694743698522483,-0.5973550838072876,-0.3257167525520478,-0.46190504311678193,0.2177516492601675,0.4026896984786481,-0.25660423870904175,-0.3909210706597653,-0.6023479389070784
5300,5900,-0.6198741382645223,-0.40761745251466297,0.00012125325315821309,0.1457043758545338,-0.22082877814272228,-0.25412244590744115,-0.6939900647445089,-0.9585077809032597,-0.6960322230746556,0.8679940856697264,-0.7487628326054439,-0.43434644224659036,-0.6205877392187117
5300,6000,0.9434249344081083,-0.05371897385491901,-0.8514263523075689,-1.184608634386777,0.9964161407625555,-0.3691659390269146,-0.37543273155309637,-0.8105172287175647,-0.16568031536323133,1.686839820483311,-0.0654146283739722,-0.6197131683907889,-0.2648675752540414
5300,6100,-1.329009846187148,-0.8634503990846326,-0.7527039512182682,-0.09520449691189407,-0.17955476766559442,0.13947163306963797,-1.012462393694301,0.06444641598561338,-0.8955367585379809,1.303763911164807,-1.5164970248480074,0.5653633091012589,-0.1666041457593757
5300,6200,-0.7398248462042333,-1.4309444583468005,-0.9501176051337975,-1.0732221726076099,-0.7858912283135795,0.9056371399086873,-0.25894368433886655,0.4580162142630443,-0.19118013311315882,1.9204496028391593,-1.2545776938988178,1.4192416087787367,-0.6279381376773067
5300,6300,-0.28555217749477063,-1.1031590304610712,-1.4737987117622406,-0.8319755217908559,-0.9952743390990153,-0.8192830955577264,-0.4984946082335699,0.5930055366174715,-1.3227772544484597,0.9951039470556863,-1.2387825157838366,1.0067368149658231,-0.35856226495453825
5300,6400,-0.8241450185273279,-0.9249394070426084,-1.3499582517357565,-0.9229404169005155,-0.9941543808758171,-0.8419188457986775,-1.1692556653899886,0.1421140259898745,-0.27214341263969105,1.27236991505259,-0.45892160270721505,0.31830617886257334,-0.5044200336693814
5300,6500,-0.7356754759396215,-0.8133858024760384,-1.2616614842388336,-0.3812687942662977,-0.3872464343565709,0.2841007138996024,-0.09421877877215887,-0.3172890012529177,0.5666367957811982,1.1038668660719433,-0.7368180933620758,1.0176275828882646,0.03005222191746904
5300,6600,0.18966254677445313,-1.0731273617734238,-1.283324541633589,-0.38867668663409904,-1.027854347342172,0.15392757136337,-0.7505817355719451,-0.44008903812516004,0.7622333528334585,0.7716744992902714,-0.40938357543252035,0.45175332615651864,0.4555561388606854
5300,6700,-0.6891028069291734,-0.45605134523385826,-0.9191403235593019,-1.637894181243247,-0.5558941691824801,1.048868371786065,-0.9635350763897653,-0.33244969781656974,0.5900325557717909,1.0723106904193553,-0.7997113139959249,1.6395897241054374,-0.0326061528154681
5300,6800,-1.4270101211474018,-0.1746222120774108,-1.5919792770465355,-0.9091042094292927,-0.4046257270001415,1.7523146687601439,-1.532909375128401,1.0971343122377806,1.763027424779498,0.97362020233583,-1.0798918061041491,1.08895579442717,-1.0007764232944625
5300,6900,-1.607986432024192,-0.7585452895864969,-0.8517521300226857,-0.4019498716096211,-0.8363658242065226,-0.8716998557376778,-0.7002712825452482,0.32305304444224026,0.05116422700420612,1.561609798516901,-1.4751631088393524,1.6822785221242482,-0.647271144435698
5300,7000,-0.6999100967151277,-0.03323672457293506,-1.359992543079962,0.264868990461137,-0.6624486487557977,-0.5946502055608559,-1.6508696839941823,0.43251200547521085,0.47647611106220716,1.157954552188619,-0.9987205151213723,2.0602385151399423,-0.6334682282009809
5300,7100,-0.3678372311699346,0.5879666950382935,-0.8066546499278585,0.6116541517399556,-1.5299428493856797,-0.9232568958414388,-0.7661153443487061,-0.2994412564807519,-0.2715873161224106,1.0401620686595971,-0.6460132891059642,1.3318142079400763,0.009300879288155178
5300,7200,0.19914934048748215,-0.26916933718737357,-1.2290528871733521,0.6611587662781603,-0.6339626941098891,-0.5637088702831732,-0.9051486875504419,-0.7536035243059044,0.33917633911694367,0.6344447100196264,-0.4565495376758189,1.1815480715982116,-0.43957185275967636
5300,7300,-0.2805189727116711,-0.7536210608937675,-1.23091054483551,0.5670838609733043,-0.1495812582607065,-1.4805426820924872,-1.115588362653276,-0.6265170465109715,-0.15545712236928466,1.134088315137436,-0.6541280037902605,0.21722670454398682,-1.1317922447788034
5300,7400,-0.2687257951191569,-0.6156637753547465,-1.0577326022961104,0.9431233544929487,0.10293920262467851,-0.06076907478333439,-0.1091032712940573,0.28695318166115524,0.22212607688866243,1.2165889404470023,-0.49604968856464965,0.11635350089266465,-0.2915519166029621
5300,7500,-0.020470636593779144,-0.2760052763197742,-0.13789428911820956,0.7905160820760961,0.580869550809151,0.026787017463681527,-1.2802030196477485,0.4418889550094149,0.6322402550639025,0.6374381917790697,-0.6681175580686655,-0.8561328775030812,-1.4253584798018746
5300,7600,-0.16496269426929916,-0.3245927560095514,0.023571926744008875,-0.12292962544209245,-0.06740175664678294,0.16139512583119817,0.6898726857452985,0.24229191636329397,0.999564502315527,-0.12122493629759976,-0.6005344689596787,-1.5619479495353898,-1.0442030351035505
5300,7700,0.42971027780006477,0.3419763211897251,-0.716478655142836,0.20105885869366347,-0.040208871715025005,-0.48257603100016044,0.35450564167198234,0.14866086430002662,0.9446020318526285,0.3049743677101395,0.2883971090227148,-1.3648009772704799,0.4497251875545983
5300,7800,0.39283169612683455,0.9519589680776877,0.8393781851373111,0.21708011043088732,1.1164982168634392,-0.7671247738311757,1.2037469304755055,-1.5072250000034486,0.8323852055643991,0.9164188595528171,1.0839941478243535,-0.7937014566407993,0.5785979381760286
5300,7900,1.1184453479946581,1.2288764061830386,0.6312301340217894,1.5339609350686734,0.8253099626923566,-1.4371414873316313,1.3552591940583387,-0.6575209658448484,1.6285666084545591,1.5098392418863795,1.093589194563209,-1.447344925261212,0.2608594278287693
5300,8000,1.6910756820199462,1.3932813412287501,0.10016749839477021,0.7555809978201249,0.532659706715052,-1.614293465527349,1.044438997224431,-0.703476632775259,1.4488788487805482,1.5522795469063653,0.929097520523975,-0.7249154005754738,0.5809446511061562
5300,8100,0.9778758491749839,1.7758642804971407,-0.10758020631039733,-0.5192217141954123,0.9544046611865945,-1.7240219212577101,1.1702272298119276,-0.8275975208861545,1.6910882234585989,1.9344899482168312,0.3594415945498712,-0.5754811912604606,0.39279933089678243
5300,8200,1.4116670347462357,1.619425520238162,0.33208900876350944,-0.6940974493138837,1.3082200490026692,-1.1859448307854246,1.100047624053348,-1.122176406464551,1.2498032303220576,1.5683377518959243,1.3155762607545975,-0.3044673845675635,1.022916412412491
5300,8300,1.2934343856030455,1.2731584244285252,0.6323789514942527,-1.234964800742649,1.985338390918042,-1.4167957634017136,1.4235970370493496,-1.5785767254177205,0.7503414122942045,1.9876746860533587,1.618530312697046,0.7538775718446169,1.9874783183814462
5300,8400,1.5085359984672246,1.2724993417610846,1.2581762638372687,-0.743673031953999,1.659325350311437,-0.6737510781907855,1.9445737641492864,-1.1609514164364994,1.2816198563512409,1.8240526813701652,1.1297627970428212,0.9170289772409962,1.3708352731275932
5300,8500,1.3303693628239441,1.8575325050846827,0.8591293468799848,-1.3681555731510116,1.4504811897300756,-0.7343946463517574,1.268490805808359,-0.8233319039248582,1.3233918643539326,1.4095356712040994,1.6269845325744707,0.4944466628503297,1.333626214854131
5300,8600,0.5064998165387536,0.9305144744794737,0.03238954574396721,-0.6461236913251547,1.4826564340936657,-0.18212816419628858,0.4785563704987531,-0.5120170456073012,-0.15402239293352274,1.5592755654975359,0.7256254077701904,1.3543403023702796,1.0833101112861232
5300,8700,0.13706160045062568,0.45379180061842317,0.06685923853827401,-1.5714503993957956,0.2025975248646002,-0.6934743134210719,0.2367931451306627,-0.18539388261381468,-0.4675939930815407,1.308683330387816,0.8521070198903962,-0.2863544032264033,-0.34005537540419917
5300,8800,0.25804451950120555,0.10377586216629271,0.39095396226759,-1.3394808181373992,0.05997178997849708,-0.607205315747462,0.09425068722584737,-1.0131121985109102,-1.2450342813582693,0.9331059908911857,-0.23237112553310887,-0.16604516498827318,0.6056241323647956
5300,8900,0.3154558504053048,0.3196993751499121,0.3085299118007905,-0.8975624456752325,-0.22521532470663513,-0.015026757848452532,-0.17705815860189947,-0.41019460523264045,-0.892408718448357,0.36907257008778055,0.18696613839288648,0.1396055812010137,1.1347472865712476
5300,9000,0.30909598205757816,0.6087372958232228,-0.5362176803363995,-0.3203435776314915,0.5965645473095866,-0.3588058158736531,0.16058629598523577,-0.7592598537470086,-0.11594482879518346,1.1775946868927685,0.49497799784549895,-1.303271009790117,1.4190334246218688
5300,9100,0.24588518100760026,1.4148414491009929,-0.28083345475880356,-0.7109677290449795,1.1378656688622377,0.3248484236770901,0.3927373652072434,-1.1271752213496713,-0.6394123855490599,1.121428954900593,-0.2027670062642818,-0.5398457209733482,1.610927873436122
5300,9200,0.7266582619735049,0.8685897885844203,0.6548759930810273,-1.1450948565688994,0.9306810046268819,-0.7760371740694084,0.6486696983239197,0.23454550198193777,-0.0594074815765128,0.968039721048565,1.035206041387735,-1.552317062089626,0.9017381832617208
5300,9300,0.80702729888773,1.5166423119751407,1.1589632906732767,-0.5257362130289713,1.3305901499006991,0.07155883449403691,0.4926590469941334,-1.0081360934402566,1.1252431440442356,1.8130632694170128,0.947177177629178,-1.0683316839616406,1.4852161252508531
5300,9400,0.6549784499051546,1.8502691623094878,1.4020597568951356,0.35910263181686647,1.1133167171146534,-0.3838914751833217,0.5941373610742996,-0.9782793481434999,1.8549865011646107,0.19799230108791896,0.7132287824006739,-0.5617012522395834,0.9626205486489069
5300,9500,0.4886680149419119,1.2044080065217142,0.7406188506085618,-0.289526212257411,1.2758248541356472,-1.8989645772561554,0.2999536765389055,-0.6372838901566426,1.3206068330865934,-0.5243051950701828,1.048943287172424,-1.1976887393928692,1.720721321244981
5300,9600,0.4090230939848255,0.8238802987341891,1.422144887191965,-0.444222896978451,0.6828046488333134,-0.7896204672215242,0.5610801763660239,-0.5488919241451748,0.4572714609526032,0.6551065702083658,0.3298800840168772,-0.6795079585451165,0.9712514532270453
5300,9700,0.40027457162539276,0.7930967327684209,1.636614541603224,-0.30322487692941225,1.2511229416684122,-1.2652532774877916,1.0373892716659427,-0.1800959750632216,0.6931523686598097,-0.4247017137151069,0.9952792985328168,0.24509365796139684,1.3705859120062849
5300,9800,1.0622195133234889,-0.5444973922391771,1.9433273406537788,0.13372535223181575,0.6714582291446662,-1.111541654154901,2.4267707942868753,0.001663440837420822,1.6493881330260722,-0.21683842859447383,1.2648461119652157,0.11633701177621869,1.9692223758389713
5300,9900,1.6708044351159936,0.26538362818434813,1.8924618942145275,-0.8388096293987999,1.759074274299796,-1.461877673491674,1.2738077496266023,-1.2411843280912933,0.4397943384275883,-0.39148718984363046,1.956897027641058,-1.0616653539383905,1.679011800247623
5400,0,0.2469885724617484,-0.8880490709610706,0.1681582618915666,-1.2478459028041355,-0.6211344069658566,-0.9010868565811709,-0.309740731077132,0.66265892678613,0.6002289225087424,-0.7854625347277201,-0.15761732641753223,1.1314628280565255,-0.7652457515081177
5400,100,0.3636159057816282,-0.7245505680922032,-1.027827183463425,-0.48375648179506386,-0.5707535797693721,-1.2331798680194603,-0.15698818575673615,0.8484303924971708,-1.0958093770747306,0.3865487496916411,-0.17742477895495087,1.1729947680748194,-0.6795864431976062
5400,200,-0.32902663566720564,-1.44153752345993,-0.917716276851911,-0.4377970256642151,-0.9523096345701173,1.0163679475769136,-0.7580922097650884,0.34893357492853216,-0.9252450373474213,-1.363026229904033,-1.2386823168466528,1.2663950993298916,-1.241042608072806
5400,300,-1.660797475078404,-0.9357851946807693,-0.5528313485783142,-0.6422522569278596,-1.0139827169392968,0.4815432584453999,-0.9484102705965459,1.0799652876460035,-1.2487843186530954,-0.421126484421474,-0.675831679544934,1.902292641973842,-1.5544246139740614
5400,400,-2.054795368310409,-1.5335327718941143,-1.8483992592939524,0.7736396271513423,-1.197462412187911,0.7152611474371489,-1.4996341507166098,1.384929454560194,-1.7606407826689756,-0.8104077854604614,-1.1708394853666957,1.9599401250148238,-1.7482388551550632
5400,500,-1.861439146421888,-0.744160721060369,-0.7969155708946748,1.4477253364480513,-1.2486725281661661,1.2435294212454178,-1.5259102659999344,2.2274408972192625,-1.7200830597635788,-1.1924555188223607,-0.8161893862402502,1.3403673339210131,-0.8412510577848963
5400,600,-1.4651485640744486,-0.822517276185981,-0.7573736878466142,1.404327707076942,-1.2891707147674747,1.2006526877314245,-1.5247658617699644,1.8848829397717761,-1.7772646379688624,-1.3607839957569776,-0.7996874560427091,1.5895805679298796,-1.8161952703168822
5400,700,-1.1884916258950564,-0.8575242363884662,-1.5151988468425583,1.0547591495147879,-1.3512340983595774,0.943303007150945,-0.9702421653643034,1.3439860269458566,-1.416262340211251,-1.7023310071156663,-0.8809490472643557,1.7765945915772443,-1.0556465675437654
5400,800,-1.3428194568444143,-2.0187850529422118,-1.4449733979538935,1.5633851798250444,-1.7213152717771598,0.6508654485698945,-1.1540169918723877,1.8739240473675174,-1.6102410533757607,-1.1959185410029765,-1.5873160748655206,1.6069273085339968,-1.0125204432782196
5400,900,-1.4501041293515848,-1.3637652425590918,-1.4165442919092315,1.4839179818770347,-1.0650486428407877,1.4388625223149827,-1.7258758220948394,1.9277941529526232,-1.6901208563996266,-1.286891712049952,-1.5033284923475472,1.4966791117695557,-0.7307791851130969
5400,1000,-0.7833114832692737,-1.2769037611639626,-1.3709954031171974,0.6220179336515228,-1.5741853724923671,1.860259100485953,-1.0544336312548932,1.7271895769810985,-1.3134282249395264,-0.7547444080472258,-1.2203199409556087,2.012672579115349,-0.9446845923091042
5400,1100,-1.2026953467366197,-1.596833836635989,-1.7080538045117986,0.5423861794806184,-1.4554880319658703,1.851376566956686,-2.075342530583608,1.749700641489968,-1.7855344855417485,-0.8825615155639962,-1.3549639591404092,0.8757542858054407,-1.8439429640489327
5400,1200,-1.7466765575527414,-1.4277911241918826,-1.0899287166194895,1.6681913388209837,-1.073522736362054,1.9013698541083563,-1.3986533368350378,1.9309503843455638,-1.2966911716820007,-0.9004679732620691,-1.786911882302371,1.341525032389699,-1.307450513196521
5400,1300,-2.118363213392026,-1.8219444407956171,-1.7311384273696264,1.7267766646636074,-1.6121405755928542,1.706545500888326,-1.5795232729189865,1.9725342335552287,-1.2641589226140388,-0.5613715233962177,-1.3675424351770074,2.2136910954009608,-2.0315703606801585
5400,1400,-1.5455644266999229,-1.168924687513831,-1.0576659115310443,1.9364471727634807,-0.9419884380093697,2.5289871248930242,-1.5278694843701808,1.3219044145393517,-1.1018146755580605,-1.1358776415782679,-1.4994003291165519,1.6480080712427536,-2.0034215559953887
5400,1500,-1.443597152767855,-1.3162917988122607,-1.2446888999285064,1.19813126214371,-1.7671731435351197,1.9213596161723596,-1.654233555029761,1.6678208819573106,-1.3657792399500497,-1.3949372947892915,-1.1686961231362403,1.2708149615012068,-1.6240708525694114
5400,1600,-1.9729143590807476,-1.4220560473962778,-1.4922842593214285,1.328392158483571,-1.6521067015244868,2.7267265092921398,-1.0518519997951559,1.7026655223759055,-1.3754142932728979,-1.000543661111919,-1.1864055770824695,1.2517387967117486,-1.239933746008381
5400,1700,-1.6144961922760823,-1.4538353817460414,-1.3380260250964386,2.0810694101723533,-1.6798384460892646,1.8832938240860686,-1.7770900614337797,2.106596876638615,-1.6627716073740135,-1.4354894092552914,-2.033727116041444,1.9794480857639964,-1.556265575484006
5400,1800,-1.774631973426631,-1.9886986005141074,-1.8515451330093695,1.5275295722497468,-1.5152808273728648,2.567915557517745,-1.1230987123992773,1.7427880808011407,-1.568517825618755,-1.1528832396427562,-1.502343598360054,1.4049082847968588,-1.5410396802686015
5400,1900,-1.7580474959761136,-1.7603043449551332,-1.6850814447963265,1.0170990738984993,-1.3854928432541282,1.783141032846273,-1.3772846207780112,2.2169331084126407,-1.6009656137168886,-1.2274197071924002,-1.6482255486862223,1.4488624137908646,-1.3388707250339877
5400,2000,-1.2719164272172576,-1.6168960607303426,-2.0051189966463423,0.3130407270677891,-1.578793725610953,2.1613941970029242,-1.4337255532232764,0.97955442664977,-2.3510780235771946,-1.1176487780820819,-1.8536758459714668,2.24290184461519,-1.3175693111873457
5400,2100,-0.7599633825643033,-0.5103714256110277,-1.0494335891772242,1.0073541675044304,-1.1790666297183285,1.0849746746973576,-1.2485610970923682,0.6546064647305011,-1.6700695290015208,-0.8189198974069757,-1.5977767623205923,1.180364121263358,-0.6271562491169972
5400,2200,-0.6192184930338444,-1.4919631176121988,-1.5596119267903,-1.1585233149203962,-1.0294284236946745,0.8053331722622079,-0.5679098107807957,1.1295284780831683,-1.3878851109624617,-0.900822169379524,-1.3135880576561532,0.06372024623143555,-1.1429784762515676
5400,2300,-1.1152484264325597,-0.45614237802562907,-1.1673723861020286,-0.1855550695281335,-0.8215609908304871,-0.3206384954016042,-1.2631694485876177,1.5577706639399533,-1.4273932205265076,-0.8164784314546256,0.26789893931770997,-0.14009985515086917,-0.06369221584385858
5400,2400,0.7792289899482567,1.1188705494596702,-1.0914742534128963,-1.3011963559055684,-0.1868897305940606,-1.0189410132293237,0.046782354757657456,-0.7639234292494057,-1.0671254626749416,0.16642924902932982,0.7602883558012052,-0.7359310144938913,-0.28712060529153266
5400,2500,0.23820875962646104,0.5190832536358381,-0.5520579992318716,-1.6459895017027268,-0.3522444095068082,-0.8758608772116074,1.284824239220431,0.5960552765035085,-0.44366136102387854,-0.09576666258006351,0.38366490781629226,-0.6084643770522055,-0.22850419997265528
5400,2600,0.21773069647122098,-1.0231762812222132,-1.00612587857794,-1.0428818399685023,-0.007165108950298648,0.19932650563185597,-0.0423546139374516,-0.37710436761643007,-0.7406107482677081,-0.9317074891183457,-1.1009618942346684,-1.2459166247527316,0.2811907808388359
5400,2700,-0.15608006407054276,-0.8747763399583426,-0.4938923714329667,-0.40542942008233956,-0.42280470183228325,0.39361665719990496,0.13409551370771744,1.6087184332238653,-1.5419044296274322,-0.7495460739778324,0.23828337292066784,-0.4387584908448016,-0.7333186074462539
5400,2800,-0.650362078452807,-1.5099273909692048,-0.867217503627536,0.523658946640234,-0.6692118590953077,-0.2799141207896433,-0.6872549687381246,1.6485484291392494,-0.7420047720144901,-0.3535522233046954,-1.0213020175330552,-0.7945972652217455,-0.3351949819782223
5400,2900,0.2552680066285054,-0.16639512750809718,-0.8205204934406052,1.0940147886269647,-1.1198921191212752,-0.015933506504550287,-0.0585649420792286,-0.21359505224917144,-0.4728828461715884,-0.1719857788814058,-0.5996904926965277,-0.27960326321504714,-0.9523388872744727
5400,3000,-0.4012067440551332,-0.39358423906154444,-0.6355779368796578,0.8692936404390886,-0.537491085001165,-0.4479943257957514,-0.9261163707541845,-0.05730737384335616,-0.6803908065281433,-0.46959687062761135,0.047013010698743626,-0.7938051205108952,-0.8939335535597913
5400,3100,-1.252533153698271,-1.025566568676267,-0.6849606583352758,2.1950789519000207,-1.2840923417450287,0.2361133569170934,-0.8661920710485781,0.03693749875349304,-0.2165204911080267,-0.11261507846004987,-1.3574616729373428,-0.6232166200997223,-1.026046178376753
5400,3200,-1.6230214104083136,-0.8972363461139717,-0.33702485057197873,1.716150519579327,-0.928903315870238,0.24548679331951673,-0.9837159128414545,0.7988397679705367,-0.5615461586983901,0.0981569524417605,-0.8883272564949001,0.1375295713812562,-0.6169961132884906
5400,3300,-0.286320297522239,-0.07967014826223835,-0.6847031225459701,1.146753692025996,-0.6542749104891034,0.24338544671814463,-0.5084856850138942,0.6642095189599394,-0.6762452096169067,0.1253206691860689,-0.4134329618123638,0.5668312062019041,-0.4532422792374824
5400,3400,0.5816897664103423,-0.5809658201171933,-1.101304060122055,1.4859107084993692,-0.3565561595352682,-0.07499254762591766,0.015510194306131975,-0.2640403233052137,1.371814114853204,0.5428642029764665,-0.2142294354256588,-1.0483554760795226,0.4342243446579898
5400,3500,-0.0857907901804556,-0.8059964603960079,-0.33913700822896814,1.631837294212959,-0.44566483257816514,-0.7042620452828768,-0.007377180350128941,1.5649022056168829,0.7238464254693112,-0.45079912455473287,-0.6182294464585996,0.4524254528384855,-1.0367962864633813
5400,3600,-0.6036966806058996,-0.6584364236580134,0.2412385764836536,1.602741762078388,-0.09136479342660385,-0.5748022134125418,-1.3360748564227642,1.1570530494796247,1.3955965769809848,-1.2168857930722812,-0.6794864600666675,-1.112231843137699,-0.8766412240367926
5400,3700,-1.0814061457106283,-0.4448503730961095,0.3984394699087823,0.8185095687644354,-0.8200940694085183,-0.725263115551896,-0.5139422114467668,1.2947198363017867,0.9519186486446163,-0.7601962035368269,-0.8032286641440183,-0.9225261177660603,-1.1619923786947823
5400,3800,0.030596200595131667,-0.5018504046765008,0.2492544848754663,1.0542530593556718,-0.725628150792332,-0.5346634923841461,-0.05390958073744936,0.7098686500634717,0.9574230748129934,-0.7600347951435672,-0.012517514629056767,-0.42965665198074854,-0.4434219214394798
5400,3900,-0.05701106070044463,0.11564133974969204,0.6451024006763474,1.092027972702043,0.46215750342705697,-0.2175033103656571,-0.5312856138175811,0.9368071693429171,0.11695140787130086,-0.2992668623844225,-0.5031118879526553,-0.6022374822167158,-1.3231574026783728
5400,4000,-0.7236424141605362,-0.8476289641280954,0.020010417320778958,0.9817013431127469,-0.46090615795658624,0.4037047620032406,-0.8583952711724703,-0.1331283811632742,-0.20070570410244296,-0.6270851088066549,-0.5887328020790477,-0.7316187757749061,-0.8995099808693002
5400,4100,0.37350248786635387,-0.8870493269944459,-0.37856637417216343,-0.11141767387353477,0.45849926236163707,-0.8222094668511272,0.10330553328739721,-0.7823287157265423,0.12819601361814517,0.14424663436741497,-1.4447175118867037,-0.9001619579591437,-0.8095617127238899
5400,4200,1.124215691266103,0.5926874043146229,1.420289128531415,-0.09345715553556043,0.41826276516424804,-0.38522833222446073,0.9315634809480989,-1.5455570110660737,-0.2457693424558193,-0.35000303832677565,1.3487976306180947,-1.2332250662762962,-0.8152090955498691
5400,4300,1.2954274084538606,1.017623078799581,1.0538993690129301,0.068190752453455,0.8843376941227924,-1.298468177270656,1.46352383039438,-1.2103802945181414,0.8663645271726135,0.6588675458785141,1.7579765767381454,-1.21718445914205,1.2740029055929343
5400,4400,1.5811031019936639,1.558190453044961,1.2465539793988303,-0.8946422463296956,-0.05874893960724291,-0.1552817799866554,2.1833206927180666,-1.3862519247016136,0.6934603939424452,0.7068068293769952,1.4561011296957829,-0.6915640908117272,1.42378165612163
5400,4500,1.1945929809824887,1.644424052136818,1.408750050278471,-0.7212825297173796,-0.05923879575706286,-0.31985676068369917,1.987932951202347,-0.8237594708903421,0.1664981657621904,1.030107076763042,1.6222662740901466,-1.1192395307153165,0.7193807927459694
5400,4600,1.4637989118211543,0.9848053364776088,1.6689003373106857,-0.19830334627745505,0.9396359111308991,-0.91983351141803,1.242964428092218,-1.0874610103584492,0.11988425125424329,2.012980883700837,1.3060643215889927,-1.8387138541448629,1.524149296454017
5400,4700,0.7890856301951709,0.7924041973290759,1.6390901238252817,-0.8945930624776651,0.8820052159243523,-0.5539695330024583,0.2251766363259529,0.311299067548754,-0.36131640697470097,1.3664829038451636,0.24309676747694622,-0.9476676593068457,1.0444854642506567
5400,4800,-0.03503365417207455,-0.32490607881843436,0.7660545738912684,-0.3855646563104117,1.0271915547537283,0.6035323832732825,-0.4994070168112187,0.6269218123082346,0.10435912853850869,0.01222790546345683,0.616842288542911,-0.8725073014298691,-0.704829673973607
5400,4900,-0.16344097113692524,-0.9517855507921327,0.9120481776752287,-0.4026431617678982,-0.3796407468354275,0.48696719825268703,-1.3250559338098145,0.8773637630729846,-0.33882771001723727,0.1884216724544457,-0.991177331544149,-0.5925403160711251,-0.9891086143758727
5400,5000,-0.42273520897803596,-0.3944264992293121,-0.6326728658675899,-0.3353758156200934,0.6328196788517069,1.3322327968353276,-0.07474178192009005,-0.2504921962773092,-0.6442049230907401,-0.1333519534272832,0.3402143529655756,-0.20747548575245522,-0.6416588189598698
5400,5100,0.3439158344092589,0.4960011758989784,0.4978801834176076,-0.777777072790151,0.02147268058939977,0.47001874434355556,0.1441720241889944,-0.04393733104028823,-0.6190294156034409,0.10018797962214195,-0.07355985653750856,0.8556259853543287,-0.5046158307513047
5400,5200,0.5954662102546401,-0.32905060221223864,1.0666546851129706,-0.3808119925728646,0.08872248811079779,0.5057347529888103,0.5793046514221981,-0.9934998606733989,-0.6251690659553963,0.6147948756336683,1.050207271639951,-0.009283823929685306,-0.8882926563640424
5400,5300,0.0294214299508463,1.1446398504502366,0.9826176379893551,-0.5303941314817787,0.03878866112282249,-0.12008909758076848,-0.23292963712432224,0.3233415760103634,-0.7136900025486949,0.8803020853663366,-0.546856193855045,-0.05556009809009907,0.3993409873310296
5400,5400,0.8244313123114803,0.7697151160822002,0.8984283687064196,0.057303276504949686,-0.05864682086318509,0.16203337643242813,0.1229568247875759,0.3531418576211339,-0.4333923014992069,0.2278946500598344,-0.35799872820152256,-0.2533155466897786,-0.25300122979154727
5400,5500,-0.11008315892066393,-0.36095085976628316,-0.7118315185663727,0.7420170533326262,0.311508552893121,0.08260109476968941,-0.09809623384602403,-0.4804028216992078,-0.5697405027677687,1.052743595669972,-0.1301226159911134,-0.41876628524197346,0.020252331017405662
5400,5600,-0.14742520752217916,0.6426648149074907,0.06682540375439118,1.2828328098332593,0.057241203063965906,-0.6291362677196953,-0.6679099104007014,-0.2495228457598792,-0.9866576769534281,0.3388106894456919,-0.09853431506970291,0.28694489611076124,-0.14669156438720607
5400,5700,-0.36157388490686543,-0.4458910236710659,0.4374457107756094,0.5843725887266952,-1.3704973562885323,-1.4804472860630515,-0.1703706705130889,-0.9589561688205979,-1.2156641843012452,1.1662135795902158,-0.43704790513844705,0.08144995633781833,-0.09650213420557587
5400,5800,-0.3527601462014095,-0.8071662465122024,-0.38569625016249215,0.5915014755296348,-0.6202044879451988,-1.0254811257260137,-0.49096485000958334,-0.538727763529167,0.023642074668621,0.27396680253169925,0.1366361680668628,-0.5009403616176549,-0.9287887176863135
5400,5900,-1.0065895336974406,-1.280172428788206,-1.0711366449608448,0.2212813011013855,-0.3176297810030568,-0.5120733319279777,-0.4557697467642125,-0.13100257974954754,-0.04212570883370084,0.7210772636245225,-1.2029080103680303,-0.9547360821555239,-0.3322895669052582
5400,6000,-0.2902454812825546,-1.0968002071355614,-0.418689654820996,-1.1708879865387944,0.017827698143883266,-0.012880259634950245,0.2187428435501638,-0.46075624755183536,0.1437923043149533,0.7458121623594847,-0.39693763863305365,-0.2275942612269333,-0.13228480012222704
5400,6100,-1.0356650424010394,0.22138071328206513,-0.6427973464862597,-0.2708076271743464,-1.4160276008782557,0.834016734780103,-1.2467269999608022,-0.3096925532755425,-1.282589353835114,1.1934111505393237,-0.40295654213777343,-0.0667929282672006,0.02416619311518054
5400,6200,-1.1182706111597625,-0.7544079524572741,-1.1241910239133563,-1.1101769064232259,-0.38836188997708415,0.9993808765694134,-0.8950646479691293,-0.4327909104368017,-0.07334308573960059,1.4547225067505716,-1.117234063087862,1.141054015475719,-1.0944875112501986
5400,6300,-0.359380858393076,-0.9117278494778334,-0.7335482811429339,-0.5898149956780223,-1.1358912134721624,0.36385678747427197,-0.6812654528776009,0.9228239623616913,-0.40944435412671776,1.3249262442602003,-0.8675502741382811,0.962709634410598,-0.2376618615932766
5400,6400,-0.30302363180908315,-0.8910724987376432,-1.3252511609163629,-1.750668184182629,-0.9779235621781067,0.0832179953374758,-0.40023533439427467,0.35888732437785126,0.72484011596491,1.476148585257804,-0.3111588602792096,1.1131018180073946,-1.2487729198019477
5400,6500,-0.3934747532025474,-1.0173291875517383,-1.5616361124241147,-0.34544071177565716,-1.0443223449615897,-0.6473539247443936,-0.06148099265439735,-0.8164054301633877,-0.4786145643726932,0.4324236507317497,-0.5279735953163739,0.4129765664892785,0.5338254155270321
5400,6600,0.40646787146006286,-0.42460032110740187,-1.135794672532595,-0.7486545410799085,-0.662734110424308,0.5889294055092885,-0.7339951393417197,-0.6309990980762074,0.3848999124098614,1.4094102453003794,-0.4788509614062726,0.7661610815658759,-0.12276494595115348
5400,6700,-0.912115752519841,-0.47902683500413823,-1.2961135429443555,-1.3007051894246844,-0.44459992853829633,1.3226076457140241,-0.8797365619150443,0.5192029465693618,0.223728265881197,1.439007067282655,-1.324609457522568,0.8075136518837484,-0.7649472964602079
5400,6800,-1.7119222886966372,-1.2496502231075002,-1.2488491837704139,-0.673969601670747,-0.9434814571838864,1.322698622052425,-1.1049645483272728,0.3530619538926698,0.6710206472518613,1.0466936347155191,-1.140255183982345,1.4393415147228081,-1.6507518019021015
5400,6900,-1.161273104182644,-0.39527746754182486,-0.8949337680030116,-0.1445000275823757,-0.5611741650089404,0.05848529863446548,-0.918802817803551,0.49131353419368995,0.6957772681005259,1.3422442239239967,-1.520265971723384,1.7469434058638582,-0.026706370573477873
5400,7000,-1.102999754565621,-0.08830988264014394,-1.5384024015627873,0.22927733795268068,-0.8431939473596733,-0.4504417883705764,-0.4415159477366716,-0.0870232173647511,1.1698695301657247,0.9778196308598135,-0.7404072732914568,1.3930979765947318,0.0716484153561402
5400,7100,-0.193840736689737,0.2475952333186953,-1.0031586310191807,-0.2325092370279351,-1.2923040207168643,-1.140085023727054,-0.5069710653841669,-0.5617649787892193,0.5157006275536498,-0.2556577257428467,-1.0458465688722962,0.8686680464089902,-0.5406189715384041
5400,7200,-0.948573427935894,0.25774644534692076,-1.4388364123637567,0.47092980065408396,-0.7946042736865869,-0.771365317886453,-0.4571590076003447,-0.6737137487893559,1.2811060673790269,0.678022548568324,-0.7243707730004146,1.082384667633772,-0.04931686927707847
5400,7300,0.6302629240163161,-0.19460115472910727,-0.7855626335432563,1.5277651335961455,-0.11180781153560593,-1.3913579547669894,-0.7143349252757297,-0.29290519985071833,0.8966767773625461,1.5624288264168673,-0.6572306048742935,0.7665102437303005,-0.580746582405049
5400,7400,-0.17927462800722638,-0.6788354036301089,-0.8666365544884208,0.8761400167820057,0.135232227060691,-0.2408512917981286,-0.5780387363509248,0.12120343417033734,0.7199495209455389,1.0651611037228284,-0.4178534069957953,0.9751418738036627,-0.7816320472061196
5400,7500,-0.4520008159376717,-0.6607190063747653,-0.7823830624230765,1.3460092136415804,1.0228394904169853,0.12071083088749741,-0.4348251793005982,0.024708755448624053,-0.12605842733683073,1.1915384929100388,-0.4292584717010731,-0.32291523658257304,-1.06121498822779
5400,7600,0.3651572693552951,0.7131308669581685,0.879151259982735,0.4502278348637946,0.32424514333046794,-0.5256460322689013,-0.11843821320259719,1.1444623172737969,0.9854262625928172,0.5628204834571838,-0.5064826968061029,-1.606716102220431,-0.4714814745833115
5400,7700,0.5312096019052786,0.057279313107998366,0.17630774623702034,0.6777722786540593,-0.5596572572645033,-0.15947580925718555,0.8917219582258497,-0.15948767013955237,0.7638994772116846,1.6317762041143773,0.8639307583728588,-1.2723460844376249,0.685676403347931
5400,7800,0.9095363192201767,1.3521942776471958,-0.24939824679524938,-0.48875608230901524,0.6222040346513287,-0.5893386326012431,1.6664994976703231,-1.089803638335034,0.7365810347888904,1.626691415700327,1.06994585453611,-0.8233821473769656,0.8080388384796139
5400,7900,1.0373944916314073,1.4578414845907046,0.7586952934060176,0.7335786276041831,0.10115412374211685,-1.4396476760005843,1.2411252136644306,-1.8378564351521955,0.6463903728374597,1.6550450837179147,1.6215985305995597,-0.8974612598262944,1.3718614203437738
5400,8000,1.3040467982665995,1.099973498956875,-0.13255187979789507,-0.1569491400691968,0.737510062966823,-1.6616640449719327,1.8608549565394987,-0.9265258434110527,1.0316164545695934,1.173158864348614,1.6194729062902697,-0.9433415562444987,0.7386994422817486
5400,8100,1.3867804718166767,0.983856941197941,0.09874968256042295,0.6816190341821998,0.548814110078866,-1.866695337311595,1.2778329169611453,-0.8071470769992793,1.364816160016771,1.645015045467118,1.7192703759320798,-0.34971547016269544,0.7359824217155945
5400,8200,1.414929998457849,1.5640888125566417,0.26336686771265255,-0.4746497196782856,1.312074898833536,-1.5435507516714304,1.729796510773493,-1.5234537962158892,2.012962303965225,1.908646071690401,1.0157225746314935,-0.77340628174582,1.2683107320125984
5400,8300,1.249994838513222,1.7105632025781998,1.1291098266637218,-1.3002662443197033,1.9071624457109841,-2.0095179474098273,1.2663329440698003,-1.2216803046454217,0.6058114455636738,1.2930485303534898,1.6285071553349075,0.0982776219622641,1.002346741793911
5400,8400,1.305376227512291,1.4025502295783412,1.3538064233731963,-1.2703368072441032,1.545116790427639,-1.649014829847936,1.3264712662010996,-1.6780613157660693,1.4575010154053083,1.153588270432834,1.3261175948986854,1.1351611205043308,1.7371000288035756
5400,8500,0.9532385378379328,1.4278320919729106,1.202415478685925,-0.4591960277802922,1.7113139842686553,-1.320076917527317,0.9887324741396344,-0.8583222117564169,1.2842959635395534,1.219801060129137,1.3341985082559988,0.49717037074103754,1.776379128577752
5400,8600,-0.004064313250192891,0.5909040027772793,0.1795901368222889,-0.9626133889577707,1.489551812291473,-0.30324991484739994,0.037369249581183414,-1.1027831746883607,0.12217007325778244,1.2989698701571095,0.25698746183392157,0.7847916810996473,1.2998116264560076
5400,8700,0.29821642540924254,1.0858470060473864,0.8194662383769674,-0.7831957991559257,0.19059430078893078,-0.9092738400529161,0.7671523400427915,-0.8547569291373979,-1.4055699011179752,1.8311484605356343,0.018014095726888377,0.47478492375147796,0.3742986330231823
5400,8800,-0.16261775252150723,0.3078832164200799,0.21974142327970642,-0.9972639371334499,0.3195004505762891,-0.6689664748859073,0.1168839688805663,-1.1525865871021987,-1.1176431770998971,1.3681719435643442,-0.21404375227911485,-0.785492319511525,0.2968930931567186
5400,8900,-0.847845922934828,-0.6431999273604808,-0.056936630166221726,-1.1022312979815336,-0.2882426383748602,0.2983925838492026,-0.6915747700376227,0.11836047259427948,-1.1195782965501975,0.8076506543133082,-0.2233528238882963,0.7206155041957597,0.45760714108117834
5400,9000,-0.20744848000956845,0.718618393643462,0.5319861412941802,-0.9980891950243637,-0.20955233953718416,-0.15707481322340056,0.6929118317022759,-0.5891498254590918,-0.5489975425855068,0.1485893700757448,0.45042916609262507,-0.7887043645066668,0.9702797321991794
5400,9100,0.8572608777057601,1.3686237543088613,-0.382107563217802,-0.9256066707335501,1.0210951477293464,-0.43966131296848404,0.12225756569408444,-1.1160906964921655,-0.285475329410902,1.383510482499248,-0.17092547018945803,-1.613864256073243,1.3280615960910174
5400,9200,0.21875352375869883,1.329187182380755,0.3972637424244129,-0.6021890886379849,1.0430171061936453,-0.37430932916818027,0.10588547929782892,-1.2134598240304881,-0.003662762666546923,0.8748306121512648,0.6061423308211262,-1.290472712653509,1.3194892280877435
5400,9300,0.4014988475316591,0.9634024513430129,0.21067747539494666,-0.9943470729400975,1.5878364308524833,-1.3862618223119165,0.6474939403787562,-0.17815633904214995,0.9667789820368466,1.0769487265494395,1.3408912047149126,-0.9216350671007805,1.3153399981074383
5400,9400,0.6920064032072099,1.037372182182581,0.8287976546401986,-0.6237022565924074,1.758073057709855,-0.5252143206340352,0.3444629709275903,-0.7521241416777668,1.1571044209037074,0.3945783054432969,0.35632149650693845,-1.487057537673198,1.5613192755458856
5400,9500,0.7217816757946297,0.4666569502712348,0.8643304731800318,0.14747267246021528,0.534755745172883,-1.324194764372558,0.7117451005352696,-0.7830826193368002,1.1315756629715172,0.049865383983719085,0.4743601393213766,-1.3642103027615073,1.7178385937908744
5400,9600,0.7529754534228456,0.7416409517939787,1.5625440159907933,-0.20117463266844385,1.2727995325979462,-0.6905240473428579,0.350943798339868,-0.6182902649181088,1.5815860042669019,0.4670452100310247,0.8924152371115329,-0.9483330771907266,0.9851178734737555
5400,9700,-0.0358292271907183,0.8796041429439265,2.0701625234754926,-0.21835803773822848,0.8126886872803933,-0.04118556545727066,0.6222003626642162,-0.5042039461375726,0.6970896579884375,1.4856708978232227,0.580011766536313,-0.4285581943022051,1.098517223795314
5400,9800,1.0760166761675454,0.8633420639593694,1.2715768788120523,-0.7041103246162391,0.8791109960032544,-1.118644415495199,0.9536514554191167,-0.2479319927951378,0.9676625724647028,-0.1786038363535304,1.1264849855622376,-0.08524137472378675,2.0346903516266983
5400,9900,1.4720118288063748,0.018256441016302992,2.1426022738016073,-0.7232413920204408,0.9045080352159846,-1.302368961645159,1.498410316628761,-1.036495580426062,1.5547230057955703,0.313233780259895,1.0830008379911114,-0.62339051285764,1.2573773699757766
5500,0,-0.8247669171215535,-1.1168646870959367,-0.5867563346149889,-0.6060581751410741,-0.5043100091974703,-0.9124608080619039,-0.703692231960063,0.43141811296941984,0.3024781946613689,-0.2250825756145309,-0.14551486319376164,1.9472487248983235,-1.2863655972419896
5500,100,-0.03945481159255022,-0.6467669171614678,-0.5559641578410724,0.27869779765348585,-1.2739927568015623,-0.8354728517404362,-0.49018712296391936,0.43707676328249107,-1.515653546278319,-0.5886545629215866,-0.5055349075552866,1.2098875611843285,-0.7729040645544473
5500,200,-1.240215038924332,-1.0386306373566767,-1.0935819604379902,0.2872680258131942,-1.7920224999565217,0.7795275323833193,-0.7477493901513722,1.491770923787371,-1.3858221002441466,-0.9360186061805197,-0.9482422097623924,1.9261800008459857,-1.1066765041073714
5500,300,-1.444502063213969,-1.3578867596873323,-0.6964345431799136,0.03412655183009757,-0.8316686591228774,0.7756850427795926,-1.4045019267920633,1.775976209788034,-1.6198288017014009,-1.1523852001241919,-1.2559595268630361,1.6953979514449664,-1.6049596513240423
5500,400,-1.4154879064123853,-1.0859337532577558,-2.060334916879974,0.8046679197945033,-1.5579520579172437,0.23810064710541748,-1.589791017491912,1.584883347251814,-1.4468977578099516,-0.9938017802453715,-1.7242972401942793,1.8235601479024361,-1.2007840744186722
5500,500,-1.3570731419389133,-1.4568075459057634,-1.2932490328059796,1.4163842543343201,-1.4431936790445488,0.3338251366143631,-1.5521702742866972,1.3996297884988997,-1.5029355556794521,-1.2819228333732196,-1.1745435486353701,1.2100523230752878,-1.710849461978334
5500,600,-1.9884994522556856,-1.923544789265166,-1.0167979380489331,2.417352651452486,-1.413114773353452,1.5080006762795846,-1.2499751831457109,1.2674042449539558,-0.9143917858133765,-1.5469391737680507,-1.2863236768814383,1.6758220625295057,-1.5280244150879387
5500,700,-1.1249421381029363,-2.0434178010421933,-1.4722954381144282,1.551240503464771,-1.3010561295040735,1.474989001078221,-1.3183881656698346,2.134774677900877,-2.03491188953099,-0.7750116149271123,-1.021288424440641,1.6530850693876686,-0.9558786802805732
5500,800,-1.1680024727196932,-1.6602237454973285,-1.9682027227629653,1.7768534902172346,-1.1032609091487213,0.16777430822334854,-1.403815430612068,1.9614317533889805,-1.3974652230515185,-1.7352543921765726,-1.7370378069519454,1.2972009004346468,-0.955700538664511
5500,900,-1.578259611273522,-1.3524877772825645,-1.1946872646181477,1.5014665649487522,-0.924453098485304,0.7439240521891467,-1.2084374377806337,1.8755098992264099,-1.3352940871184047,-1.6284765068504936,-1.033687753059822,2.010517153930171,-1.580585004924063
5500,1000,-1.3112126882585429,-1.277211779261662,-1.1987227485684986,1.392118543407029,-1.4470668526590562,1.495487348496969,-1.851493781160452,1.917120743733258,-1.386463029424599,-0.8913220989091135,-1.901419097126277,1.4799225729945233,-1.5192938531391154
5500,1100,-0.7448598444167384,-1.496625822746426,-1.6127222037880853,0.8889991076807795,-1.4667187125541707,1.7303314398005543,-1.18933801874524,1.9539392562089342,-1.8039666986475806,-1.3886927367123056,-1.358954386748414,2.0342502070431068,-1.7606218766833905
5500,1200,-1.531308687646019,-1.1728060321000144,-0.8492511231868488,1.4732829914956582,-0.846149893239849,2.2207709524740102,-1.4094852793209574,2.211220817287552,-1.652360651048549,-1.4944775671973345,-1.7468113417826965,2.01643605751979,-2.0464472455563505
5500,1300,-1.6543308919511166,-1.225530172861243,-1.5261451945560238,2.207714957670674,-1.5010896484759508,1.366090166537496,-1.2171289368847615,2.7514146890271745,-1.2474759158275806,-1.056339078329469,-1.6818088587304896,1.5653306788158514,-1.406297285872272
5500,1400,-2.023285347992233,-1.6602818705686,-1.573585274464847,2.277497075921371,-1.3460308550729363,2.1286426234836733,-1.3330846162492735,1.442208460410114,-1.1279515369636444,-1.8346279980400562,-1.0063620987874502,1.6928222545982419,-1.4576821515842657
5500,1500,-1.4993984410861623,-1.5176374859025925,-1.4116986302541596,1.4047560989883936,-1.6508975592237047,2.2582941751348224,-1.2343985692383848,1.4464503517246643,-1.497550516764603,-0.9983014744527104,-0.9302917620819875,2.7535994897706693,-1.2984558310604184
5500,1600,-1.6662893821428877,-1.446457608546061,-1.370852381375023,1.6086294392710239,-1.0559767065073284,2.4711466823402293,-1.793680585210538,1.788950257199935,-0.8247040419849685,-1.6633846631294527,-1.8590666651945897,2.354487468026687,-1.3442563820917441
5500,1700,-1.4632929146006322,-1.5110902143508307,-1.4305839529033264,1.7146143699047913,-1.6807306553009493,2.0950400081453746,-1.7793482309971758,1.67198765554023,-1.3459606732266869,-1.9509467331253787,-1.5264917978755226,1.9344982070955135,-1.3542681824481286
5500,1800,-1.8621217708291071,-1.3767968431487476,-1.3516608227179954,1.9033868351660388,-1.1764026041949833,1.735936977808163,-1.7149485685561598,1.5072190944605917,-1.430380789158104,-1.9995874041020465,-1.2700504152405374,1.5960375001389777,-1.211138613852334
5500,1900,-1.8081127618939161,-1.4079319781762047,-1.0654996829772005,1.480682224293916,-1.661360451754426,1.4239113708099433,-1.1620747058730587,1.982472025035379,-2.3307196698679395,-1.404854783427353,-2.1161452790681454,1.5101341593867934,-1.3132885767638298
5500,2000,-1.7638199020848428,-1.9683272370208553,-1.0166552483540234,0.6889478026924586,-1.2547933843686243,1.2401606983272047,-1.298439121707535,1.4576808769297087,-0.8204494218554732,-1.0153521684683304,-2.1033609480778344,1.4312698208387633,-1.6285981228008028
5500,2100,-1.9746165274729874,-0.9751049112365208,-1.4406744700545429,1.5319401917203608,-1.3569380744318382,1.1452193941918845,-1.5370266611051673,1.845275703743581,-1.2845971572366437,-0.5396682644253599,-1.1062624273949675,1.3876144166394502,-1.802034277120396
5500,2200,-1.7933820199324244,-1.270250773184155,-1.2182372438910185,-0.05218035525845574,-1.5256384883568896,0.9099080361793247,-1.7186874725669479,1.357590661096516,-0.8666824998652072,-0.7072102341597979,-1.5408044381693136,1.7977508576147483,-1.310406660359542
5500,2300,-1.0592075024328296,-0.8537429266640849,-1.498315505255875,-0.5764142070690691,-0.831907094800024,-0.8920893413887684,-1.1093189655601965,1.0740048626982421,-0.8137741439182746,-0.7912742430082705,-0.6640994123519897,0.3748279600061715,-0.5996168828073593
5500,2400,0.5085332625854581,0.31850234596853927,-0.4751894362277691,-0.5552353047200499,0.13660189307896548,-0.805891941559168,1.2531437854786756,-0.48856886456009946,0.1576357482574144,0.5958887485796245,0.9258752915295814,-0.15372428897753154,-0.013513350965992217
5500,2500,0.7500536891654596,-0.8069996468278725,-0.30907413197977635,-1.340834042005094,-0.45118344598432325,-1.312641493090421,0.4589228197626552,-0.4307218540758973,-0.23445275372399788,0.7561558683032357,1.0493391042400368,-1.4124093911394993,-0.395759632379745
5500,2600,-0.42056383624853755,-0.38421070900088655,-0.586556219262957,-1.123153458938481,0.030558301616026743,-0.14394766927646896,-0.4721118514408845,-0.4658746236498706,-0.4477573431530876,-0.37454945030674125,0.6565594867344862,-1.0489010958965161,-0.34743020408712466
5500,2700,-0.28485721312276585,-0.5443542896413719,-0.898235540716695,-0.7202160984892519,-0.5121475139364459,0.560663632548588,0.5226000443047703,0.7092622217128478,-1.3090929769220259,-0.9783451203424928,0.04961816070092998,0.4282783758183416,-0.39458077592296104
5500,2800,-1.171175610859255,-0.7045700625377569,-0.8002385652574361,0.7961997976877808,-0.9910079469848491,-0.03989582839382239,-0.9562081164146679,0.8450120862092596,-0.6428987268863245,-0.6599727264307791,-0.9340315746883073,-1.242418685448879,-0.5724860405665548
5500,2900,-0.7237427943898311,-0.3157188920652716,-1.0537317179171304,0.8303661670854127,-0.8787981810303239,-0.2920280842822111,-0.7301547496671864,0.13875297813986476,-1.325331088729992,0.005943361391773421,-1.0701527355236256,-0.111867226641838,-1.3248667934446088
5500,3000,-0.760291390649351,-0.48166215548807406,-0.15773646032641445,1.4334488298641321,-0.0839332046193463,0.23925119581999252,-0.8380488788454729,1.8042660111539153,-1.509496768657251,-0.7475222238792013,-0.8533477537801334,-0.2460884418159017,-1.1985440979891349
5500,3100,-1.196472604298253,-1.6009007792669125,-1.5208321478079765,0.9750804591045587,-1.9830254211927072,1.273864508675483,-1.7159752900503515,0.9991197120420933,-1.0679445655412396,-0.8214076237067202,-1.4453689938566545,-1.0836123991404178,-1.47755657007277
5500,3200,-1.362631610180605,-1.7077712682780841,-0.9312597647172658,1.7771327645948503,-1.187147782921044,0.6878240176957625,-1.544172571274496,1.216401966521369,-0.26498255208839305,0.5616565366254731,-1.4063593857710346,-0.16449631172731466,-0.9650371079857427
5500,3300,-0.2852357289826011,-0.7483151911374465,-0.8160726825950029,0.9230512589017598,-0.7110475448960715,0.2251493671701646,-0.4206385861269459,-0.05975337897860487,1.0001524566674769,0.7357448995945608,-0.029449813943760485,-0.3411828207566096,-0.7726171001727513
5500,3400,0.3266495228611912,-0.31770864665993537,-0.5504232052951372,0.8669011641224098,-0.05175608360683913,0.21395191151189874,0.33370101730614404,-0.2501033442953749,1.2378911416276197,0.33627975015047823,0.5973591428899164,-0.6192530642042637,-0.39327954797231507
5500,3500,-0.49406407543880454,-0.4235867674645191,-0.8088636208453474,0.9571350749304616,-0.37172027383650613,-0.8046028957379758,-0.24682898464667205,1.367154488877745,0.7352121112005294,-1.374846422769749,-0.9537184192431066,-0.5082114948823527,-0.8795856449087338
5500,3600,-0.7315142599223892,-1.748850266378721,-0.10609359003058214,1.3430947435784295,-0.48792345863307196,-0.6448939565717446,-0.8513777786171048,1.4769241364114971,0.8324613336830062,-0.9499411956814767,-0.7807501134776983,-0.20563662381826772,-0.6117992870332438
5500,3700,-0.8289099760607194,-0.6147441493777452,-0.26966573016829287,1.0316508492899235,-0.3716321820234387,-0.8671158196701035,-0.47725829860134944,0.8058490003270229,0.7546730243700359,-0.9313858398687467,-0.9100502516717952,-0.07993293184348699,-1.6523413741957729
5500,3800,0.20572360397940945,-0.833157584633352,-1.3243095213156977,1.141429327156698,-0.7964272650717722,-0.6077486683241374,-0.47931230397468705,0.6626596935785719,0.5988363103358203,-1.2430056009188404,0.19040775943638769,-1.0463438814115438,-0.7652825203368865
5500,3900,0.44506298583044407,-0.3141111103286767,0.716438371173931,0.7935108696922784,-0.4705665192993611,-0.1632508142489982,0.2488515994759102,-0.10078765893581143,-0.17013319468118768,-0.2717673417821176,-0.43333313940371776,-0.39765093453417927,-0.5816718514604781
5500,4000,-0.38986932735224683,-0.506378036944519,-0.6880825671723428,0.8428573057923768,-0.7654444554163842,0.24478351519788707,-0.6323421391853482,-0.04705564504876779,0.2464868003163854,-0.6982027874105997,-0.4057473018013001,-0.976931116444385,-1.6209167538238736
5500,4100,-0.48246436340801535,-0.5930354563515023,0.3112456008699501,0.03569803737547847,0.25816437093661815,0.3694215915387386,-0.6047084209713683,-0.18030971047501337,-0.1082294858986996,-0.03464406444262426,-0.4290209997251151,-0.6472908126580779,-0.16213209503610648
5500,4200,1.5554674669476438,0.3095466262980224,0.7345248801795271,0.7138883298018984,0.4058601304350807,-0.35724203497417156,1.1525981619748626,-0.6051589411941477,0.222970015639114,0.7212015252028747,1.0393464816431768,-1.2695832216720546,-1.5208218708834196
5500,4300,1.1723808236317967,0.757238737034557,1.6222554063911145,-0.2742848477732947,0.09941925472235874,-0.2769259501635356,0.8923537024130703,-1.3297253103679798,1.296965872447574,0.14711246562548724,1.3750593353252731,-1.9147372724722866,0.9183948605743729
5500,4400,1.1210645188824135,1.7475392923502977,1.3084082577381224,-0.5002363082373905,0.10943818334359941,-0.5274225863593793,1.7996524445447202,-1.1469648625629374,0.7749080793326293,0.3467240708303614,1.6979786169207207,-0.6795523861459087,0.7401097510039704
5500,4500,1.8559737370923817,1.9346430818519842,2.0266770146685427,-0.9650879914536263,0.7875158008073082,-0.2106022034311447,1.8577931884886045,-2.1510413662009165,-0.1832053570893037,1.0189331037479237,0.719753642101551,-0.6115633180674124,1.1601372271096158
5500,4600,0.3271413363565733,0.8826614846883423,1.6681831179782112,-0.5390149814248013,0.8329381629786391,-0.961785791507847,0.8786642156474215,-1.1885371450390336,0.2183853127070074,1.072823234379383,1.2181125313054593,-1.2465856643612199,1.2559148674654672
5500,4700,0.3729630073305046,-1.3238813966185516,1.2821961995568854,-0.8648651169524423,0.9207891068766554,0.2882856986160419,0.8649117644664686,-0.6187000116228417,-0.1095038449863392,0.5551033149065764,0.7533329878705796,-0.6659351544109804,0.9314166602068153
5500,4800,-0.13308304502664134,-0.26282244201116267,1.258668890581405,-0.479880713363057,0.33102645746351916,0.5844746160938855,-0.4105581737560108,0.18640625804640013,-0.1304222899528759,0.31062815790994136,-0.7346586652430793,-0.3252622026992479,-0.5324576849391927
5500,4900,0.6040628691748732,-0.5457897985728973,0.5510577705802305,-0.42141176282978743,0.28647969932780015,0.1796077601032817,0.11944824362127725,-0.5523106194115133,0.1139402888888466,-0.1725842953625582,0.5544147261056492,-0.05870690774334218,-0.792677427353273
5500,5000,0.17930194069455996,0.3927340636896807,0.0008074685241466859,-0.4484178891450884,0.9314788995053638,1.3361359016913321,-0.0009346031733543352,-0.05856975354372872,-0.7224107078413634,0.2369465791372913,-0.22753576607837106,0.6654723517595188,-0.18662940306726997
5500,5100,0.3974054545820119,0.20133031948363544,0.3460975912474092,-0.1764068389983118,0.8439287862377225,0.13377594311114874,0.4005832909451984,-0.7270680806199632,-0.15224658820090753,0.3012753998705244,0.8390533927044214,0.4221377235513556,0.08326931651634001
5500,5200,0.06606051383445949,0.46254753031923007,1.3917664971546724,0.10624974672016133,0.4987289239340308,0.5099720348950085,-0.11055931801358378,-0.5365906726185299,-0.40375059159531296,0.13849687726121837,-0.46607063794822245,0.49009050436343216,-0.9404871009669731
5500,5300,-0.9145445993966691,0.25369933734560624,0.14691401529353892,0.06698949299833934,-0.016523212424594803,0.6069340857458064,-1.160119060709865,0.6513008095886553,-1.0160168668148264,-0.012719687797228676,0.015875716209938804,-0.6627382285412703,-0.28401423777742935
5500,5400,0.47094472566733275,0.881605697823183,-0.04344410519997036,1.370308329631307,-0.1706514024707589,-0.02226843480501733,0.43667673322712114,-0.005062405962932918,-0.549788064759938,-0.08810022073708126,0.040734598346469204,-0.536026586930589,-0.822117756002699
5500,5500,0.6041336612370919,0.7192307321556065,-0.3106362531313403,0.21855639926591527,0.030378410224796745,-0.27274850645011317,0.2488344501559796,0.6953731230036987,-1.3232298788082915,0.996288753093661,-0.12208334817484681,-0.5396453436739758,-0.6586208225718044
5500,5600,-0.04949747727000563,-0.17989769274116782,-0.09634944261887506,0.42617248871475,-0.396107862137612,0.4805066678204032,-0.36648214567297793,-0.5419913516514102,-1.1781302365398894,0.07745448620091842,-0.6646209120601251,-0.08750014384527847,-0.4769702138489302
5500,5700,-0.3264122006469981,-1.0207816910069119,-0.5681817455188861,1.0684230361569877,-0.292102229663248,-0.884694627513834,-0.3402079240405937,0.9841917017107147,-0.49896732210791717,0.7279648386985639,-0.07649025680134243,0.5068681125415571,-0.27557194093876286
5500,5800,-1.1259297394434291,-0.7402701955243102,-0.5360682763203222,1.815337184557755,-1.373558504359637,-0.7208715020230826,-0.29472370461336184,-0.7624501018385904,-1.1107924675568481,1.086179233294511,-1.2024058760825738,0.2531843030174536,-0.703408754542737
5500,5900,-0.42180553972190304,-0.5478927117456054,-0.34113400582629855,0.3832957659435809,-0.06482401889615333,-0.40447242180339016,-1.4458051973713122,-1.0616869484258293,-0.11284603474678369,0.5230795396943311,-0.6041563863737641,-0.28827773025422737,0.19630722647880952
5500,6000,-0.9002723551778864,-1.0753909603193972,-0.15260018956041502,-0.7119911352695528,-0.06983873747932508,-0.27707358794098075,-0.2941802258215874,-0.25165144128323375,0.19210498902965029,1.2755686082864133,-0.03488639316497999,-0.4706213943539325,-0.5414245693973836
5500,6100,-0.7729431331890693,-0.8335848395405955,-0.5301319088956522,-0.9082094566251802,-1.0041884976156152,-0.218624584791409,-0.5937462527143765,-0.48395120456508345,0.4086925011367118,1.5925558109802656,-0.5824183243377042,0.2300920724739523,-0.4492925907050331
5500,6200,-1.3848998762682645,-1.0081017477540637,-0.9812232744369426,-1.0816618780423906,-0.10176183849981409,0.559146930781916,-0.5839663156602454,-0.40404548138278307,-0.25334411512573646,1.620838900540324,-1.4274111356134256,1.063887473595655,-1.0357877576420627
5500,6300,-0.34653783872450755,-0.9317629803781979,-0.8325361784409019,-1.1221660609073292,-1.0976459509050451,0.04312367215998117,-1.179753810879113,0.7861033950547465,0.44156295263827866,1.9823929911409064,-0.9533720267718353,0.9354583316359135,-0.08948608436674865
5500,6400,-0.7511075052412715,-0.39083414586330456,-1.2534566655068797,-0.7926451239659916,-2.033628991986831,0.13904269837917207,-0.09330357699202217,0.5968124300636648,0.9320497397448835,1.7171713108354052,-0.49408750609598195,1.1755332995985555,-0.18974320355033006
5500,6500,0.1269377476706769,-0.7199756842058664,-0.7965819711136614,-0.0805258048695895,-1.54406508653372,0.11012030744938527,0.12610682816423965,-0.8778512090444411,1.3773166381130089,1.314049167718593,-0.5400095244488031,0.8202777488241344,-0.3461535768521751
5500,6600,0.4487479041944456,-0.6791322127520507,-0.769927591240713,-0.26195748993499873,-0.8504434483606962,0.08058838578848307,-0.143259432702627,-0.8178981969162389,0.6787559850923888,1.4620873217519756,0.18880650537687207,0.8481834437089035,-1.1315621164505005
5500,6700,0.13387993440046575,-0.30399328471607584,-0.46487995584556085,-0.7557781382470701,0.15077553488319864,0.7443636013663517,-1.349567489387934,-0.2653920568735761,0.7171633784355154,1.4134909014872024,-0.5606079538523315,0.994360772419271,-0.2891918471609507
5500,6800,-0.43899862334095097,-1.1506769360904037,-0.9372622453914903,-1.232246882495672,-0.755938133080717,0.1828553611831086,-0.6277887662921606,0.6476424811433207,1.2780915381803988,0.9838810311096899,-0.9760483757031851,0.7020476493224159,-0.4925865280551059
5500,6900,-0.8221864307893159,-0.8315467610684228,-0.6280686858570568,-1.0380541994929617,-0.07710933250862327,0.02006409090408932,-0.9378078327002441,-0.7125444061986332,1.5122550515906124,1.3934436799067518,-0.38385915811346055,1.7071753384186747,-0.8526995726726097
5500,7000,-0.6391792957627991,-0.43663874682384557,-1.116464929158718,-0.16613155881224353,-0.5694955779843482,-0.7582492783259174,-0.7730564550735927,-0.019277936188810595,1.879963830985914,1.19606390749807,-0.6653516041123422,0.6547907790577482,0.3179478772780419
5500,7100,0.14945715491119219,0.33642200219032586,-1.2644285779501518,-0.3052746151159297,-0.7167158309038917,-0.7375881686698208,-0.059589120908294484,-1.0622453187089687,1.1093830175935155,0.3488668584619015,-0.28430858321894675,-0.035480097960845496,1.0782863640510132
5500,7200,-0.574965446675747,0.7996335284630504,-0.9114518511529756,1.3004217861235545,-0.3512541350131887,-0.9994985172427714,-0.47487574644805325,-1.2486210565827882,0.7105277086804563,1.1700260177846649,-0.8551865007015589,1.6212351440219663,-0.6642607455244063
5500,7300,-0.29182238044365794,0.4609238555515163,-1.1279718610333953,1.6911532444489543,-0.7091611282425208,-0.7361071659143161,0.614264643163194,-0.5697535740814279,0.5788371994016146,0.8745452563699802,0.07387527352775543,1.006061015243098,-0.9868044430923593
5500,7400,-0.1338682239657598,0.43114199558269767,0.033678498336742635,0.7466496015435278,-0.4126011917846602,-0.997500642128869,-0.323406430906239,-0.8230359757121151,1.1444378169557932,0.9831175483587083,-0.34449473457885676,0.6105335303252597,-0.9127606800295489
5500,7500,0.23659793066739188,-0.20203318274880386,0.5843118227292933,0.4588644844944559,0.7378621371938631,-0.24615768676324964,-0.26169456388624507,-0.9392433933254795,0.7245099483226894,1.4367593434503116,0.23662222412663583,-0.20354746662569242,-0.9894529719197456
5500,7600,-0.3465254378134982,0.46552766854834265,0.794285342127152,-0.4118051820853796,-0.28568133293137316,-0.022078068142717257,0.5828849337956847,-0.02385304026306785,0.9592490205260592,1.2058665774500272,0.11445590255983629,-0.9307495609002013,-0.3992208161919585
5500,7700,0.7340411712265267,0.9520075314564282,0.2602365340656652,-0.23964760676719304,-0.4756836447089444,-0.0906109730424535,0.867154788613966,-0.15403946013606742,1.3489669520101923,1.0505523185281718,0.246189809845603,-1.5675987329038106,0.43862432879690916
5500,7800,1.5812515010164632,0.9199280439216041,-0.10083980084568797,-0.2534427542341487,1.5304498347214095,-0.577502266426018,1.1407226755755109,-1.342354668577299,1.02038409556533,1.1780599342675926,1.1223039054625938,-1.400938631844627,0.6964491925546248
5500,7900,2.0510405612920946,1.6714019452213311,0.9152996356894088,1.03322640987795,0.3175491752127476,-1.371991175312201,2.5697520932233817,-1.4194410401246935,1.193024346676335,2.012722353993653,0.8693353543281316,-1.2278811660977142,0.5088386589313849
5500,8000,1.1131964663781124,1.6273739598663237,-0.22047983845021193,0.8826567936261313,-0.5208094975058564,-1.192900436128381,1.9620510754454321,-0.7773321486984508,1.1433441218377363,2.0231142319183992,1.0033464113997788,-1.465576184959422,0.5446958775910148
5500,8100,1.2142997973747742,1.4297045692924142,0.8461246237714618,0.391072845251827,0.38477542439085577,-1.5682995690945634,0.18144504527321934,-1.2411436752525629,1.4803863424350936,1.5528467382496964,1.0581432103402584,-0.9333706819906916,1.3380121121290622
5500,8200,1.0763494078933709,2.008148489169884,0.555681444417347,-0.11730089141310747,1.3917414000490047,-1.7397404883832563,1.1658984417755505,-1.2263576557190274,1.3546897693831281,1.4185885887313965,0.912030925012074,-0.12214254890981256,0.9551860152485758
5500,8300,1.4692495902130445,1.84327743352534,-0.17042217346356178,-0.39675650880445723,1.128897390589395,-0.9479082714460124,1.138606474596418,-1.1446080594414443,1.4701348966486079,1.5657805987880178,2.0219942160924305,0.6952506135737079,1.735135960232305
5500,8400,1.7616224739111446,1.6058924983572551,1.5004026081225132,-1.436900792721876,1.0875440426482477,-1.2869064007219073,1.0485047268794787,-0.7225372424167642,1.2705430474540989,2.029175621950303,1.6952502671501943,1.454909439964734,1.0901804109528113
5500,8500,1.347002734444129,1.2824929658823534,1.0005109980991007,-0.7034271993281215,1.611245621243796,-0.4294114236196671,1.4923963151153337,-0.5846341765066221,0.99159385223759,1.837131903792705,1.4541776493181098,1.3520001201478058,0.9031145500943468
5500,8600,0.27928837895575215,0.555884996978252,-0.07562420487868922,-0.9021179470668145,1.4072748113459452,-0.4849019607073466,0.07005549902144582,-0.5015533481595065,0.5215681373832489,0.6943556726960801,-0.1656733666723451,0.5429598610331218,0.8677805330786678
5500,8700,-0.22522721027709558,0.9081218423973576,0.7139412583929129,-1.132133687582919,0.9747758729683003,-0.38097072734144544,-0.12897140690130332,-0.4746122754348923,-1.2712368865582129,1.627050735960858,0.09759321005223587,-0.314641994578353,0.9134574602326319
5500,8800,-0.6312923902861919,0.012610626630726273,-0.12438285552169755,-1.0530885633118152,0.3543503573707098,0.630205439024707,0.02061813841558526,0.07513469695688779,-0.898444890745419,1.1235221402338023,-0.46448256304177693,0.06611798888026955,0.7121171047991677
5500,8900,-0.6066337569552197,0.02449138917447709,0.32700247730663873,-0.43016816196306806,-0.141093990559378,0.13540000887391943,-0.3351171955195084,0.2537876980496322,-0.917865601202107,-0.22717675097367304,-0.4109325115031616,0.010473093174096776,-0.4600549610161362
5500,9000,0.22681735767018416,0.830986999739725,-0.11710551574660248,-0.13434156459166705,0.17894155997880995,0.6394040455019051,-0.13428442169441535,-0.21813965593806067,-0.3460143371687929,0.5018811067507566,0.6221059096800148,-0.7830926888718152,1.0245667241264562
5500,9100,-0.1515051444566845,0.515012748738376,0.16799498084684703,-0.6865842426781239,0.9994428359294527,0.33557767202779054,0.09583466222118059,-0.25883474597682715,-0.5673993649583154,0.2870305003906748,0.37828385674397513,-0.5540997116546724,0.8033311687565561
5500,9200,0.8896949672043547,0.6625025891478488,0.14249120468525553,-0.8127614396192766,0.6308679467558567,0.10993420222595703,0.378874831548462,-1.2228775790320088,0.7900541178989748,0.45642190755839174,0.7264153894707437,-1.2917076742234659,1.7137458861645174
5500,9300,0.8783684259031,-0.10918664551253622,0.911232510696891,-1.0208375325770425,1.930625267460224,-0.3674102582333579,0.12093463444416087,-0.7756813128608975,0.8300844557797844,0.7581139143156979,0.3139713559958798,-1.348745373189763,0.788957902829738
5500,9400,0.3842150724020696,1.1777557916689942,1.0765273065646341,-0.6197962850848806,1.7006288676186008,-0.697761397087185,0.3983719119384853,-0.48529571031554486,0.7352987167190264,1.0778265250757941,0.6390499075663527,-1.8600658687630767,1.442530494748858
5500,9500,-0.06415167625948351,-0.1451058411970683,1.5734669209294168,-0.44875375501197706,0.4558215915320412,-1.3233511444357273,0.9758439731083176,-0.8922656267836458,0.7185779801641412,0.3580141228981741,0.9522062185624733,-1.2608683456917713,1.2507106641063235
5500,9600,0.361095727192123,0.7323746824490428,1.6223766491489857,-0.5504794192078467,1.1447274949164095,-0.9366970546206332,0.6277232240019069,-0.7081997277101143,1.5076625290832137,-0.12302197161537874,1.4491220596834302,-1.462742053371781,0.9473064230238554
5500,9700,0.35436682863974367,0.7397299280165449,1.8722032305805363,-0.8756989979412645,0.9088064140849504,-0.329473525019318,1.2787295151576616,-1.6419957072305422,0.9657299223385487,0.5433817133617994,0.28746138603088917,-0.654977274244642,2.0431769593078677
5500,9800,0.9105918317119883,0.7973167878064926,1.6259506998806272,-1.130005900175357,0.6491886186827224,-0.889032429605141,1.6060375906338837,-0.9278095042433997,0.9401855105078214,-0.09901652418913703,1.132405440084208,-0.08307272946430273,1.5892326120056657
5500,9900,1.032295120298299,0.43829067796043225,2.040379756447102,-1.5160084374637994,1.0279754464084507,-1.6810245400131074,1.650883533077892,-0.820309667526032,1.7215144929004507,0.3232483376183511,1.4175266029616844,-1.2429045658221307,1.57970939467676
5600,0,-0.6434525327206777,-0.9677836354063556,-1.1244521897456392,-0.7805284835583706,-0.30040388317624683,-1.1869651668654921,-0.21347852104010462,1.4887112074620457,0.410646423803282,-0.6929228815256573,-0.41260793448866084,1.3278879490979203,-0.6162880957401603
5600,100,-0.3455206939428696,-1.0175477328058211,-1.7119313186696543,-0.5262961724273294,-0.48534122194866663,-0.4486529237328197,-0.6353919008060332,0.7382316464304068,-1.2183619425174272,-0.251281539656432,-0.726189152105958,1.8604166364764485,-0.2746856363959239
5600,200,-0.7592101335150727,-1.2382532381968265,-0.8189086251634518,-0.23313304177916763,-1.0633091756166224,0.35438854151539645,-1.3697981370729848,1.1268536669225233,-1.3937564824956215,-0.9426394831817542,-0.9026995035022667,1.2165527261426197,-1.3582449570767743
5600,300,-1.4469337089911758,-1.4842206795172888,-0.6352801411676648,0.7280549448758458,-1.3106550040722598,0.0663609770354656,-1.6433003604541827,2.05854186628263,-1.634251841538696,-1.647986021771053,-1.2805616469173322,1.7562490058374947,-1.1110110581119108
5600,400,-1.8242887454304426,-1.4773065200602635,-1.2903524602750835,1.3877842297603062,-1.2199700195178467,-0.22988557665800563,-1.4566165999966736,2.0140252151760443,-1.8671870498266299,-0.8371420034935467,-1.8021129863044394,2.017737613225694,-1.314062191047583
5600,500,-1.5408177512129089,-1.6305573806099907,-1.453125719546287,1.5712383880642211,-1.3387311259385588,0.9938249419456049,-1.272630559903004,1.553319797287509,-1.252761778340313,-1.0872708632933172,-0.6600040692965614,1.9668948032980043,-1.4770311184296514
5600,600,-1.4202687903327473,-1.7594174282025752,-1.1718182824209595,1.892326201941047,-1.8022277778223847,1.397962803517195,-2.0217167940021556,1.63988730772139,-1.5811755725787018,-2.1074801429463483,-2.2208565694886646,1.289547571979127,-1.582118509162813
5600,700,-1.122247040618888,-1.3907476417394067,-0.7591843949892996,0.5525810520829832,-1.1772876026582217,0.9483631013964127,-1.2494480358992537,1.2946524091887475,-1.2668642630233586,-0.769259583946768,-1.2486198563676707,1.8912183213816776,-1.7476472374952294
5600,800,-2.090726952453779,-1.1695184841708395,-0.7165584536485333,1.7314088666884544,-1.826325868654017,0.14098945265071067,-1.3170007250880411,1.8600846188753015,-1.154247047781756,-1.6107637156281367,-1.1158173312227337,1.182850182562468,-1.0941638205564037
5600,900,-1.9844048788321236,-1.6013730821036296,-0.9084023986454397,1.4521502914513058,-1.867246614522363,1.4292964946693996,-0.9898508634364016,1.4342700409409648,-1.1767126689720369,-1.4822765545735452,-1.3463790594698608,2.2439238280135942,-1.8044331222383039
5600,1000,-0.9396893927546692,-1.7878799728460981,-1.0192358705082731,0.85444457753368,-1.0402691290838009,1.7626300906710541,-1.2725699078448987,1.9502046377991407,-2.027142890589364,-1.2846325361312778,-1.0913559993536508,2.033297677069448,-1.3385373802322036
5600,1100,-1.8433476559934308,-1.3830376113412053,-1.5936958140865296,1.3394329098013977,-1.844098294301066,1.760878605565416,-1.458942565591895,1.337162156988256,-0.7877803341354915,-1.5867397110401218,-1.0709743074891422,1.958117852727435,-1.4386354368943242
5600,1200,-2.0376832528882196,-1.9698433399612392,-1.8394993342318724,1.4571255044461928,-0.9658240892017192,2.0046294446819917,-1.3814882142091987,1.2602449940917186,-1.025034200958554,-1.4588336626340808,-1.1382552998359967,1.4353817947740382,-1.0452270598550453
5600,1300,-2.1699890221555664,-0.7650025666469462,-1.582478278661302,1.7135756998689535,-1.0767407452066309,1.8856718105508457,-0.7701618180848737,1.6031079443014749,-1.691185297392047,-0.9727591225337445,-1.9918918147857962,1.6359607906569098,-1.210030525364155
5600,1400,-1.2828214422186435,-1.85161929546142,-1.664698215205447,1.4838773487411214,-1.2311020757720865,1.903467753665573,-1.823399065535589,1.978638691496563,-1.4916800494200997,-1.2806925148475052,-2.2321777941821663,1.618225299344973,-1.6384273752862692
5600,1500,-0.9697307017483373,-1.5672204415406084,-1.0484052806168425,1.8674928567740654,-1.6403443682007162,2.347531017020738,-2.001623023396228,1.3432312214987614,-1.7683775645783726,-0.8377057718082518,-1.614749404658181,2.3886278126734544,-1.5644394989325257
5600,1600,-1.1780861533014892,-1.3272543476918641,-1.5346748238213428,1.900129053577041,-0.7169714636191593,1.9017885206053027,-1.1329893076624133,2.2016270217586458,-1.7366875189244195,-1.903129474763294,-1.4724941315772355,1.8346129151561161,-1.346021636488781
5600,1700,-1.3424296740038635,-1.2554227674999108,-1.6779843984388079,1.9047077889005621,-1.5561171015661377,1.8881828791100033,-1.743865972639369,2.032673532786772,-1.4792756305130612,-2.181686079828097,-1.5231636541006113,1.9975933854183874,-1.8689148219289515
5600,1800,-1.9646509764196303,-1.1289582638877083,-1.390931569675242,1.9380074982529092,-1.5917491564116446,2.308642189910564,-1.1472559605004826,1.8825601842806794,-1.712152397733123,-1.2228558750641452,-1.300033150680559,2.0153817377149483,-1.1946543534772234
5600,1900,-1.1171239956967158,-2.4101999320199434,-1.4793663695587431,1.6098518518532996,-1.2902985414362973,1.699868527546333,-1.470694774284899,1.4444132581723093,-1.4265530461124152,-1.6048280551013983,-1.313804823106356,1.925517940497851,-1.4203127211855517
5600,2000,-1.9425327050675731,-1.367209575986912,-0.937510992833851,0.6627787529966865,-1.136509422988887,1.6154838305203323,-1.3243989739731765,1.6447690503427017,-1.2892577111446961,-0.3378986520078242,-1.0426981071286274,1.7626327416349443,-1.5470861184066056
5600,2100,-1.7101475090354048,-1.358832340603345,-1.5017407182641958,1.2885754536944856,-1.0634681327249205,1.3475013312846935,-1.8997897148051706,0.9913666204491771,-1.6377486877359224,-0.9670240741929989,-1.8185330669010766,1.157242192510144,-1.357164700936414
5600,2200,-2.1613882718393738,-1.673864432486457,-1.2797931536870288,-0.18394198380595017,-0.8862765104383133,1.060554776289926,-1.104908874094173,1.4524873607321254,-1.03133625539318,-0.28981747075287806,-1.0170738197458289,1.0291830299472513,-1.184821317921156
5600,2300,-0.7156388759958363,-0.7233312526994717,-1.162661788620522,-0.7492817220565496,-0.4326323323898729,0.31518042858640916,-0.13905324985857262,0.31506410435627696,-0.772161990310793,1.3607349136242568,-1.303940462343163,0.3982979734183205,-0.6823389284595948
5600,2400,1.206278614793848,-0.2318348023970802,-1.0576032355311964,-0.8186243726901584,0.16319527582584384,-1.1365733708293853,-0.0417950049990894,0.043072566291539494,-0.016572226522500455,0.6635398970834945,0.566212505344154,-0.23219565942388018,-0.538089886499037
5600,2500,1.0484941846046145,-0.0557458029589527,0.32653037006808355,-1.2609403461784234,-0.24547346867206968,-0.19566929201108926,-0.4377443190695172,-0.385639569010442,-0.4738342663211396,-0.08486530638051785,0.6232950864275097,-1.1191043678120243,-0.7460730881531444
5600,2600,0.8565907475466223,0.5533471943560065,-0.8110867094401679,-0.9759991643273448,0.896401916416002,-0.4024371491643695,0.6807144374954475,0.5623420774934209,0.02017152603671571,-1.1610402461944844,0.4868020178528277,-1.265474995600383,-0.6678837358514425
5600,2700,-0.5608841221450922,-0.9572159986381882,-1.217748173791588,-0.6780975939859063,-0.3623953321249193,0.8207619459701846,-0.46880383515646146,1.035254421090969,-0.6994081734676217,0.48721521766421305,-0.023624731583483227,0.048082514942302285,0.12392694825306548
5600,2800,-1.196757691970106,-1.745280850977871,-1.1294551977514204,0.5987846629539799,-1.4749227494859178,-0.27896706057101844,-1.1911210704653816,1.4782481759196962,-1.5919649304574621,-0.6752860564360994,-0.35722754412025376,-0.8407804397144635,-0.986656684208236
5600,2900,-1.0261456882062678,-1.211939150254034,-1.1015807991440378,1.6470240996333338,-1.2494689170657372,0.29327544176760717,-0.5980482270276986,-0.7732356110423984,-0.9331336185558162,-0.6620961215616558,-1.5160875217812761,0.12170800007143127,-1.0884392689578655
5600,3000,-0.8642192733641981,-0.8112834922627129,-1.0115842056665236,0.820411824130689,-0.955487870993639,1.3391395671404742,-1.0129743372186522,1.1559029208592007,-1.3073838270634575,-1.394643831050577,-0.745778171366813,-1.2377656673600597,-1.1729395355141405
5600,3100,-1.0991380347040887,-1.2684681371246933,-0.8085176681082953,1.514509839245435,-1.4740799180836308,0.9608258071875123,-2.077443909652324,1.844150203581889,-0.17041500564997034,-0.24873320971253526,-0.9188485574783848,-0.5968405499897675,-0.7894525069487967
5600,3200,-0.9482311090338201,-1.3166580242833568,-1.113964602396797,1.1072021940170516,-0.8242208100671929,0.7576391550465756,-0.7959921446688624,1.539236975611469,0.2712911873780272,0.4757509041013416,-0.9181306618065784,0.07228869411502924,-0.6988500776630135
5600,3300,-0.559978094497522,-0.6518806427712598,-0.7194313807778953,0.5900210625146707,-0.9236179264626085,0.20470202399832899,-0.5249531483366199,0.7557939679095417,1.1665492061139084,0.029497649429362626,-0.82429195528326,-0.3202031161515062,-0.34986278825438955
5600,3400,0.3793295323522167,0.30200216208642505,-0.4589031321201734,1.320090414300184,-1.1134934745608835,0.9068835799655456,0.0966946726210747,0.11770471821602048,0.798572097167443,-0.1370109216559318,0.0993375264531224,-0.4894033713066538,-0.15107090461726133
5600,3500,-0.19899903081160775,-1.184771781993764,-0.09048708930399842,1.6414010816012583,0.031706021537270694,-0.9353135147915772,-0.12945678083239429,-0.20993725874435043,0.76356287732426,-0.7154761020003266,-0.9635772012787397,-0.5900483286217663,-0.630065288621578
5600,3600,-0.08005906691984785,-1.2967661880955241,0.23995695465999217,1.2953030124336735,-0.24009703794001566,-0.25399479738731,-0.62006251104908,1.1754938099929986,0.6966408392671821,-0.8321435750807453,0.07400166940365517,-0.28277136240051554,-0.8760927815499567
5600,3700,-0.47243060388817726,-0.5656185715886042,0.3001880022510013,1.6286413399015314,-0.5071728499780278,-0.09744269923980248,-0.8281779868443537,0.797838795271598,-0.009925465709017681,-1.1517684341471783,-0.6604703271269077,-0.5489111919079401,-1.4550003743288906
5600,3800,-1.2407013141630128,-0.9052724408474906,-0.32820833270486544,1.0634656765150452,-0.5200357660095698,-0.5559834680162579,-0.26707455471216807,0.3779116019703413,-0.6245591402944651,-1.487965469278045,-1.0772971138987908,-0.19542509264267424,-0.9147884198153771
5600,3900,-0.17339930336892512,-1.0399703170075976,0.0639869659822194,0.6192002612241398,0.3185093680949484,-0.4437538487528533,-0.045934615318917724,0.2634991763930035,0.33617914190828035,-0.7138054178131462,-0.3693597967376154,0.12529783707938794,-0.9333381728709064
5600,4000,-0.2687386287127562,-0.4849021932325872,0.4432905952521915,0.9444959062749264,-0.8590192959364515,-0.6159177361455597,-0.4678890373922575,-0.9907692012768293,0.2968119237722222,-1.1976525441535597,-0.4869066918489038,0.6241610177847958,-0.8169114208393757
5600,4100,-0.011272368725579896,-0.323222659974027,-0.44571413097217266,0.6624026800477946,0.293341747102924,-0.26115893031908893,-0.31422107002614663,-0.32593736463368195,0.48158485812899926,-0.17244579107018007,-0.10114748520658152,-0.2715221306637334,0.0926564081101536
5600,4200,0.8386894611341569,0.38792676666174797,1.2867095317974893,0.23926025833057107,0.7087878104186882,-0.5845848541613824,1.344197897423596,-1.2586576599610133,-0.6893545081757897,0.14894797770523663,0.7670042861763421,-1.1760494778323436,-0.6595290784760459
5600,4300,1.5685386569396162,0.9913096934110698,1.6355215269520782,-0.2910698265498951,1.3350505604044216,-0.7831344571794314,1.3694364855073629,-1.7229534328610494,0.40840562602510716,0.24632350970293793,1.6569577319015747,-0.475369087400978,1.0436524236146096
5600,4400,1.8516296743531622,0.3719101195198404,1.9504645069860636,-1.0575297201442642,0.29348297845281707,-0.14178571023894485,1.100038794831589,-1.6634093651265498,0.7456545487928465,0.05548681712452602,1.4860205034056666,-0.877020228566634,1.213976028689839
5600,4500,1.5602257375335118,1.8149281414673932,0.89350385674035,-0.5342757611295817,1.0711840923382008,-0.147517915914717,1.792051413812256,-1.5426684486861604,0.2389816972383995,1.41066200425533,1.2264686647752376,0.06494740770063141,1.23650602704992
5600,4600,0.801352750893142,0.5116383373968432,1.9153215390706866,-0.6889443661190484,1.0019412044712621,-0.3130201720086234,1.8313840815541143,-1.0854116497748578,-0.2690235053621999,1.4251754210853431,1.1844507490266563,-1.1477391125379108,1.0143707492342964
5600,4700,0.9379584978653698,-0.10732354939642737,1.8244097740538536,-0.928909508148889,1.1070500343565628,0.020257505720814334,0.8617587518558062,-0.31407540288483576,0.6682389431694452,0.7329999753439432,1.0851900681690418,-0.4099564519992763,1.3949065594250154
5600,4800,0.5666905435087893,-1.3606439998824487,1.6523139022638729,-0.3500633980499547,0.34969418232733646,0.2933691215730008,0.20184588188045513,-0.15102615692602786,-0.7531335032720525,0.6162759010275173,0.4365273093075373,-0.4936101854655288,-0.5067154258055434
5600,4900,0.5126467798100556,0.18670660178885065,1.0217049724660683,-1.0301790877810257,0.6357217576340821,0.3547299717576762,-0.2909146853975489,-0.4561370450273814,-0.14560173125978015,0.9376324145422918,0.14374536029818644,-0.32627378621121633,-0.06380954830873276
5600,5000,0.2868517372865226,0.2608530519825915,-0.32127443499611924,-0.30887886805924775,0.9256395591931749,0.389457670246383,-0.2569709706796423,-0.6381624488216019,-0.8862698395885018,-0.9735848002183397,0.04481145772503614,1.1714753348124853,-0.487300708730569
5600,5100,0.08207788002573121,-0.5053235779861933,0.2164574407985867,-0.42687781860036655,0.7207866558887357,0.6122069277957262,0.42855250468916173,-0.3705940462000194,0.35969849465411186,0.24422515451230298,-0.6816926420404174,0.5121443270950565,0.03371693849153996
5600,5200,-0.10211992934559568,0.30037736631395595,0.9216894655764636,0.3955258993485601,-0.22285639154373926,0.9407650891168421,-0.5074606129129017,0.035726480591685636,-0.6308082394321455,-0.8484973315484582,-0.6298769652387735,0.44598266034886563,-0.6121697265555993
5600,5300,-0.015279329689625332,0.20085607697865715,-0.03184508603947259,-0.41827426296088244,0.13389175243157883,-0.10492460006144483,0.04199088773912894,0.2801040092689093,-0.767172638224454,-0.6740276270977624,0.5768011896686708,-0.3303276240564477,0.08917526168231817
5600,5400,0.46310602291865066,0.6461478497773582,-0.7686221799894938,0.6905935799860983,0.32293924412161773,-0.08501025468565465,0.42881575816123235,-0.2691814818069803,-1.0444309492744306,0.1624220421392177,-0.1240211127687068,-0.08262682262769915,-0.5483158302286657
5600,5500,0.3056250646502824,0.11802294514581407,-0.4631563529952775,1.2829146733312105,-0.21776506644481242,0.2774005854640385,-0.4443409286086396,0.04254197425019244,-1.1093058316011477,1.0970518356132357,-0.12931403648975853,-0.22791391287558033,-0.3218045170456817
5600,5600,-1.0336717868214933,-0.7478210905348968,-0.7085853550131268,-0.05368373636434596,-0.5034415142344247,0.24682047580255798,-0.43083681278051533,0.5740035815631247,-1.7538884928197864,-0.22010774311782721,-0.5912151451328345,0.6141214988121231,-0.2969868671098157
5600,5700,0.22626857347676596,-1.0510286460419975,-0.9126816228700244,1.1545525278556943,-0.56205710444476,-0.8805141453020293,-1.419764507020247,0.020429258055309527,-1.087995528913237,0.7234331068233963,-1.1674734509378029,0.7896304805742661,-0.6362142290463624
5600,5800,0.10701869134558716,-1.0948014573420644,-0.36159112437132873,0.5027015751586471,-1.0484807190458263,0.2405268274721815,-0.1929022745715071,-0.46513310076101066,-0.11133877227208136,0.16752818038446654,-0.6385035244167382,0.20829240894537504,0.14765562928522194
5600,5900,-0.4777703060261062,-1.7709677298890998,-0.06781417966244467,-0.33157692590319593,-0.35590615241652374,-0.9646924948677275,-0.7240656861850086,-0.7607284758834352,0.0750337038860521,0.060611898216171925,-0.43854016471172586,0.4872875303123121,-0.6866628324673091
5600,6000,-0.35777161124664586,-0.7945791800698917,-0.6312456946271515,-1.309550037761164,0.11088196796947022,-0.8199371800406062,-0.5744370419222049,0.19280232092310232,-0.10817133033316427,1.107140327403157,-0.9964255723206161,0.02930587495332925,-1.1294862371425134
5600,6100,-0.6449147826607522,-1.080829100661488,-0.2019356530700999,-0.4007747588794387,-1.124130504138423,0.042585100605931556,-0.7714245581991357,0.21200152105862285,0.11536827535084049,0.5101116168946404,-0.9812923412490885,0.6168949723251919,0.3284128295584094
5600,6200,-0.870030156716488,-0.6032749425399945,-1.5729624341612651,-1.0383640373902676,-0.9815853995468158,-0.16838641635072416,-0.49810463909974406,0.5373881678309383,-0.16391897257653604,1.7557451312067998,-1.1311394164813457,0.7965553540240675,-0.17793012086967155
5600,6300,-0.941352003881541,-0.8187712072032385,-0.5452823170310036,-1.3523966735575248,-0.854637256794157,-0.11612397822460367,-0.4169354086233247,0.343427712915416,-0.5709582698913641,1.56950731252886,-1.4085029111522798,1.5402364336950376,-0.6848516911105749
5600,6400,-0.16965888358529002,-0.5871977300170771,-1.0963132528418136,-0.5974014569334662,-0.7751457559941898,-0.5628596675268231,-0.2254712592945862,-0.06330477340304858,1.1020637460444929,1.8982420493779795,-0.7789049733885318,0.40355033121513606,0.059781655639904244
5600,6500,0.47066636450189375,-0.9665675011746754,-0.35132933374982245,-0.37384580182892674,0.1365617555326614,0.6870221004511474,0.04727366866840436,-0.5182564329509483,1.2731556543104066,0.8132507948848656,0.420735053882211,0.46652594944886455,-0.08883071562147064
5600,6600,0.9441977550003781,-1.0486131182905254,-0.832128439567973,-0.8744973004745571,-0.7849118162144726,-0.0846602685393512,0.6116090617647167,-0.9536940496516335,0.9745233125892186,1.243541076166093,0.036808233086925775,0.4141359934712283,-0.7047571012420968
5600,6700,0.8696936861036708,-0.26245452795350616,-1.1046957800488906,-1.9790606018242325,-0.10505599198550084,0.3909723870835344,0.039353267704359686,-1.396391955059076,1.2308307266484269,0.8569504352708743,-0.07052873121957991,0.6716639401189515,-0.4243272115327076
5600,6800,0.43950626988047464,-0.4190522370275114,-1.3104413601842595,-1.6682438617635167,0.2714659755572851,0.7806474668529338,-0.2345500374571294,0.16052510422249253,1.9258082024108738,1.2708485277379424,-0.7295926954029375,1.0271881182777236,-0.037007162871845196
5600,6900,-0.730605891043508,-0.24185130307912042,-1.28344666332904,-0.7588240194598942,-1.0742267986787406,-0.779371442936659,-0.020285296167206243,-0.46455003053935384,1.3615154639968552,1.5756001267241542,-0.7711044758834846,0.9147428963186173,-0.2959666635893835
5600,7000,-0.905978707766149,-0.5179429391788963,-1.6489334429032267,-0.9385784174804025,-1.1279003007534303,-0.5810093518297305,-0.1512073580472787,0.005219985890491607,1.213598277314453,1.397331274613266,-0.5217576301698714,0.7976628307667056,0.370746603820809
5600,7100,1.6249537367095144,0.6519451954829061,-1.0327473953915922,-0.23599553827335742,-0.7353895018939385,-0.7070043235625989,0.554602843645327,-0.7729870908698879,1.4870983489607288,1.4541819157746516,0.6485590484182352,0.3478246719037996,0.9123188128228565
5600,7200,0.1650413979944402,0.435815717665199,-0.963158309677409,0.4994561516908395,0.06097291593029865,-0.40352195423088183,0.11286754537912036,-0.7836310066175802,1.3558558367367135,1.7140103324346447,0.6563301814053027,0.6020393926578277,-0.7705365383158275
5600,7300,0.317220378879372,1.0667444079756805,0.047557331797747786,1.14876846075948,0.13215873225390487,-0.7863296840816786,1.3817904635866436,-0.09493811364946642,0.682191725549119,1.8564461662975744,0.08298397485419759,0.6986515194887833,-0.603432854922515
5600,7400,-0.019628667794524983,0.8476577586022906,0.10069905411305342,0.3362538353493388,-0.2424161703025751,-0.17142128309997826,0.5510190581334568,-0.5895729142171687,0.3520965310253701,1.3199069009935431,-0.33550121908105934,1.1531191078639913,-0.5935219735204242
5600,7500,0.021778429229494273,0.23434759112291612,0.6883583142476002,0.20591015409107846,0.8303812231947368,-0.4774286051750191,-0.5128355084226849,0.18490010453369424,0.7319780739508758,1.421634855876971,-0.436008884333952,-0.4101812130341209,-0.5919297414604933
5600,7600,0.6398865322488322,1.3450606165663839,0.6254503846204944,-0.5438294135302993,-0.008454410965365759,0.05426267167569674,0.012674003722049824,-0.03527130703535188,1.4879504885886283,1.4213296820549906,0.6720115486704614,-1.0298927598034844,-0.04468544479961571
5600,7700,0.8526984072210861,0.3077822082628273,-0.11351580941065617,-0.37856126341641183,-0.5248229897198964,0.3851750110794638,0.7996159288765995,-0.7378926765544042,1.1903524250363602,0.8936131693905468,0.9769440225399478,-1.2980405232846965,0.6149699886330322
5600,7800,1.0634067290969045,1.3540385341747374,-0.14767752826920807,-0.0797241106937681,0.9546901410350116,-0.9843941247114589,0.8808189756090542,-1.3082718011033283,0.7576043805767122,1.725705065999198,1.317883264290629,-1.5699785891405762,0.95632412789878
5600,7900,1.8305719897430286,1.9697470213089314,1.946965143917354,0.08145082526291919,0.32027929586551385,-1.3858328967699067,1.9286848283077465,-1.6350728292949392,1.076373810032839,1.4817336646091062,1.0952111410777847,-1.1401883385133522,0.7431135305152986
5600,8000,0.9965685782405767,1.5438282018379663,0.1163392238027465,0.5113993913698559,0.4084294825937835,-1.4642682696070728,1.5266146026187726,-0.6703558281801449,1.334561226917234,1.6376552397800048,1.2738872038969922,-0.8874132919579438,0.3851723531183538
5600,8100,0.797268782437978,1.542163941901307,0.9226767639148555,0.18259916755277614,1.4986955945590918,-1.1308097434432915,1.0440051605443408,-1.5553015402509618,2.345524320780561,2.047362553399111,1.0462011959290007,0.04679894372672843,1.1788965431690812
5600,8200,1.1952407209849432,1.5733318367039724,1.063860948215753,-0.840776421766902,1.272062816847489,-1.7774772810330584,1.6409448282382828,-0.775092197709854,1.636479946883077,1.6903673365959908,1.3870653977420955,0.041152050532118165,1.841481610500092
5600,8300,1.5009445969990813,1.6177667597113332,-0.28977324787902126,-0.1590563013342454,1.5009174573725528,-0.7518857077612802,1.8836544022081438,-0.9917114512729748,1.6056453837858502,1.8302541040037053,0.7934926031966292,0.20873187348313582,1.605833943592483
5600,8400,1.5276146120306258,1.2197086803408839,0.8508061624211021,0.1650022792350248,1.2828151799326215,-1.1991748381809053,1.9868317330369818,-0.958221917374144,1.8903906708886127,1.4864364407139141,1.6101116850053945,1.991359430233761,1.4194753014485813
5600,8500,1.4517275158634346,1.2297209778962788,1.6174816541011057,-0.9686701801571235,1.9212122945406815,-0.5693517965837611,1.0832618288995668,-1.3349721856870584,0.47055229768761153,1.717290426663596,1.1830705745495667,0.5660673255031576,1.0904751309065268
5600,8600,-0.17175925641825293,1.0839945633355168,0.705440929961944,-1.052753556965437,1.10231955426981,-0.5580858744369052,0.6437555535996743,-0.429212213840685,1.0117549780739106,0.9885625252980145,0.7625315510420645,0.6218120915589491,1.4334522052547216
5600,8700,0.6033566499808211,0.07133495422277902,0.0037100605374826966,-0.6919772703818248,0.4434412777092781,-0.6312543930954836,0.22071105875575553,-0.7350850113938512,-0.5245013583321235,1.4342507556206396,0.2285664614652473,0.2807506383204829,0.4917233719084936
5600,8800,-0.35087778494058924,-0.35837493554951083,0.04586227305417234,-0.7856339527977565,-0.406299491104289,1.2917526227864615,0.8161054684576599,0.29910275925143065,-0.5788169856967139,1.0172258660957556,0.38162333858766195,-0.3923281549476917,1.015227652640783
5600,8900,-0.8795189369050159,-0.30083041308331226,-0.37587668944146724,-0.43449166973707265,-0.0820519843697269,0.6583813324429312,-0.19907309723110678,-0.2446640861104664,-1.263986247173407,-0.32223008057336117,-0.09937935425338026,0.0076660009322539946,0.4252510671764749
5600,9000,-0.563229963129406,0.09667633729796414,0.5776316402970777,-0.8683708920752584,-0.8304619434203385,0.5598472299535701,-0.4638272255869964,-0.26842235022063515,-0.06190698252385693,0.7527598851515551,0.3167892650377462,-1.0868464630800279,1.2746397151459101
5600,9100,-0.516207346461575,0.08154271759332349,-0.2496008283616442,-0.01141909748538201,0.12128645545452883,0.28003917755730023,-0.30274269608917265,-0.7285200331197139,-0.22203793428694227,0.36584620965666287,-0.1032535977142805,-0.9592460760499788,0.4489441783458595
5600,9200,1.4025526788719342,0.29931120044235815,-0.18470339958177331,-0.1422978157425364,1.7046815362506627,-0.8102157908944965,0.7757530160865889,-0.9530205037438213,0.3935859333508893,0.5621974356745246,0.7623250997735885,-1.4674369388563655,1.2243160441724465
5600,9300,1.0998661644240058,0.9240947212966736,0.0278349985869063,-1.0203572066111413,1.4811455331281131,-0.8595883714081916,0.29504241385992047,-0.9165424486262886,0.617959347793375,0.9795799716166207,0.6961092608490552,-1.6567852179335258,1.504989056278772
5600,9400,0.6252656708774282,0.7368249580293548,0.4286447525982151,-0.4274095270527791,0.7650569702519191,-1.0550404728505256,0.7601506801390067,-1.6179607722284322,0.9172941393144748,-0.1342026641253224,1.3057206267716726,-1.5265363026861167,1.4364727387629013
5600,9500,0.7807237576193446,1.5925190309807518,1.3068364538765085,-1.1967587497828287,1.2148634638142153,-0.5252997428934858,0.8439540053407588,-0.9735105055532537,0.9038937504053965,0.5545581980352103,0.7096516027480468,-1.2412343511880135,2.1313058770580344
5600,9600,0.660551853775671,1.201634793099293,1.410638286412049,-0.05477021183822801,1.1699516197890227,-0.6135449349205615,0.6597407505672174,-0.5921264755586527,0.8573892194534379,-0.3919787856135662,1.3005438026467206,-1.3000259109999606,0.8632377314773342
5600,9700,0.04245447705184261,0.4143146527632616,1.6884053669827228,-0.08155850211514726,1.2847081545832224,-0.738734246512354,1.3848713916019675,-0.4540130765156873,1.6864179744897212,0.3745903689564609,0.23930535796518196,-0.5884865290336032,1.5691422722927508
5600,9800,0.40202708036982177,0.2788631339180139,2.0774762915027676,-0.9436284776163245,0.7897290024633244,-1.1973709245698445,1.3176332593262354,-0.8728123705064692,0.295406981356996,0.035277510198791016,1.0039884070727612,-0.17247774693862547,1.701852476512243
5600,9900,1.9650934386213383,1.408675872801715,1.87110174110595,-1.4726517605428282,1.3249711285492054,-1.0876895053941225,1.3191534449939237,-0.892057567663968,1.0588689200172767,0.6901100507973706,1.0486750427436922,-0.5703694273348917,0.932369789147861
5700,0,-0.22243248365175824,-0.5953774700780402,-0.571921731951227,-0.8222903847437799,-0.5213364145496806,-0.6121103594633827,0.047769048746255975,1.0286717318864822,-0.601673925239967,-0.3577615105299211,-0.31970733256339245,0.43279836725995763,-1.1968339159903434
5700,100,-0.49564556960526795,-0.866785508371777,-0.7945293176076396,0.17274352482276378,-0.087437443668762,-1.0316166434145135,-0.1907257259290208,1.223952606117105,-0.7510332351334629,0.27062360952836834,-0.3832508003749257,0.9189463240425034,-0.6653726138615611
5700,200,-0.7638519796877958,-1.4362526684164714,-1.3359478338610076,-0.44589015009477456,-1.1005454768009595,-0.2896391272115363,-0.9423376275708074,1.6303588312642956,-1.5540470531256827,-0.5466504886651706,-0.5905966486002074,0.8077989690596041,-0.9538606592307234
5700,300,-1.365571037614193,-1.5421450739664821,-0.7442966022027349,0.9287855401029587,-1.0721652427008883,-0.4723995801727759,-1.3405715246955414,1.436411424410144,-1.7504519221054202,-0.6571163637928822,-1.1900310559268426,1.9489726185945344,-1.6448219597661526
5700,400,-1.520386590570405,-1.8640028353619593,-1.205401548113705,1.188964899607164,-0.9824092448946963,-0.37413732193346416,-1.2757391402316762,1.2662732659663216,-1.5610419247892062,-0.4955375860829665,-1.3837979830727853,2.062703860805577,-0.9074779392077837
5700,500,-1.421206521014349,-0.8508827867232809,-0.8761079909054397,1.8694053966936073,-1.8641390783311746,1.1481791804599184,-1.6284469401817674,1.239472718463263,-1.343482382502392,-1.0432797089534598,-1.232397459335215,1.7655428053611932,-1.2241434887057565
5700,600,-1.1644678048321069,-1.7289985457091055,-1.042074440541375,2.0498383871024037,-1.0165056856534327,0.23195610248074874,-1.3262749738211734,1.7792211768487247,-1.5721801261488797,-0.9971591994801273,-1.7746939068363725,1.3490561488486992,-0.9676827521654868
5700,700,-0.9775833647084328,-1.2383510744909492,-0.7020422147865881,1.2032146905079197,-0.8526664509144287,0.7708622709938553,-1.2979604314699944,1.0283971239600238,-1.4130119543622295,-1.6398219013572772,-1.419706555964927,1.2566620737065897,-1.2756105783934428
5700,800,-1.353274344951653,-1.1341681537891346,-1.1453277508662911,1.87038740620468,-1.5707612397949624,1.0674675020335005,-0.7646709991080753,1.68418234205844,-1.4993146778818423,-0.9489895813545021,-1.2145988221210917,1.7830180508166724,-1.0734941752711953
5700,900,-0.93857164105804,-1.7247325433067822,-0.7795213547650561,1.4975823067644243,-1.7542746386994157,1.7702321598117399,-0.5178287105367251,1.763628552800241,-1.5719484916875455,-1.051962933649031,-1.332633022531696,2.2379334690184227,-1.5427406850179683
5700,1000,-1.0805648671073296,-1.2833455722225247,-1.1694576803548824,0.7129852424595867,-1.6663105547988477,2.030102184221377,-1.3077716550669205,1.8231078696190235,-0.9844727763660737,-1.9190224464033603,-1.204839529250687,1.5556797056398746,-1.7069995099102955
5700,1100,-1.9710202083207586,-1.2591786902277218,-1.8005612082624216,0.050818623679188935,-1.4887143278457655,1.465935156551975,-1.4493714136394558,2.052042181436158,-1.49927297234067,-1.6278615983171703,-1.4256867242436762,1.74020386846317,-1.4006663464399356
5700,1200,-2.071377813932502,-1.239813870824282,-1.2556015779316725,1.7193623968396374,-1.357139816197408,1.5460500589141353,-1.622868648437338,1.5806480061919073,-1.813420961280201,-1.5801135328281442,-1.2516229699571046,1.4088118877268063,-1.0030375002191438
5700,1300,-1.795064238363926,-1.6297217270415763,-1.5712209345676658,1.278912848722721,-1.606873220440219,2.380211510914615,-1.9644697359733796,1.7428382402081144,-1.3650759654933418,-1.2997945577619705,-1.1785280118904238,2.1777801723701353,-1.082460960843292
5700,1400,-1.325722438775526,-1.1066808722978876,-1.9623783401673125,1.3156371013376364,-0.6246119939230018,2.138494634019425,-1.2750632004251534,1.8876983320078224,-1.376377685555751,-0.8724489114358476,-1.9971726217022168,1.5035839255734804,-1.6647914960071415
5700,1500,-1.941673886919861,-1.6750296481563378,-1.345696102474682,1.813851390432871,-1.4523353259902256,2.0797660665271764,-1.9908875845233815,1.5193197912278122,-1.5301385252526765,-1.6650405282154814,-1.3912692212818891,1.8221303069233632,-1.4244166045488311
5700,1600,-1.5610822618024651,-1.8739872616232363,-1.1240098038046287,1.9984590700237788,-1.5081910783641834,1.3952084188440053,-1.986560327489265,1.988370348436426,-1.8873714315517656,-1.4336709063259176,-1.451063304642863,1.905332122737614,-1.4868522370129529
5700,1700,-1.7437258112153642,-1.584908077649437,-1.0775787647424115,1.51281526451668,-1.6693197725135118,2.0027170096237086,-1.5060711888483607,1.6591432577600858,-0.8974874954948701,-1.118640215861489,-1.499658803899872,1.6734190359475942,-1.4129774920701264
5700,1800,-1.2952474731826604,-1.393124586607069,-1.3435823687991988,1.416461805610536,-1.4837955889664765,2.3399670338154004,-1.784658620076614,1.3408107908712406,-1.391602054647616,-1.0468597123181025,-2.1132805971236723,1.943478424842698,-1.314844978696562
5700,1900,-1.5055535089420056,-1.1198066745906556,-1.2980108883493582,0.143230298816546,-1.5970620824671866,1.5647321796860336,-1.555231373692466,1.8200263186084014,-1.2134445207951343,-1.001232447027018,-1.1951246514002418,1.8702957388390047,-1.4507052123922677
5700,2000,-1.79318992701814,-1.9510454486437223,-1.4496546156469667,-0.2425305625180754,-1.249384493185101,1.7623639233707542,-1.0005439608157873,2.027208371339361,-1.688882794878093,-0.30103123073764687,-0.5744578880450837,1.348869967951385,-1.4240992377720945
5700,2100,-1.661945120785553,-1.1393788782325638,-1.4289747093137497,1.7837371433221156,-1.360295402883153,1.4927239115730677,-1.5199963428936187,1.4919262262138735,-1.143511106878113,-0.5751519487195653,-1.7691968932425195,1.4805792387879462,-1.2103023833050943
5700,2200,-1.4031001682604287,-1.429455751741474,-1.6753529393990612,-0.3519040865512733,-0.7502630794763229,1.1153091381562552,-2.242630310459619,1.5842130233593557,-0.9612489039607851,0.4144986709429428,-1.0497223060098078,0.8093326974077837,-1.1130676383627405
5700,2300,-0.38260018496058906,-0.7588786130646965,-0.8650723501513611,-1.3115637886292082,-0.7467911817253243,-0.14564167959602933,-0.23565413894425347,0.8626111068505977,-1.6119513628157434,0.35020143691861694,-0.5388585724782181,0.19364071998816254,-1.0063284785898234
5700,2400,0.47849753482862883,0.16394402112616038,-0.6914718104110543,-1.1729767184827573,-0.4765718346165609,-0.37059943162100234,0.2988210605249742,0.3770662538590631,-0.49635112712033036,0.2563683352138214,0.029248714548375753,0.10505892504079105,-0.3995320531010521
5700,2500,0.4947315839759013,-0.8837604642914687,-0.43040935162634725,-1.4133593117740457,-0.18049143231336184,-0.09945406333629664,-0.3942533359872981,-0.015336874506956717,0.37309374505586934,0.3635839894961232,0.3739507716850192,-1.820360651093011,-0.11764586321798906
5700,2600,0.30814151959900016,-0.23675393853005297,-0.9543503751502964,-1.0921198215415884,-0.5293597501622544,0.3421165764695912,-0.2556730829327295,-0.32433652036282656,0.07843353971543719,-0.9204780393978299,0.9778365856009915,-0.6457737182794753,0.032512680203539666
5700,2700,0.30036752922518206,-1.2549040110139378,-1.1713441227237291,-0.33339479440347297,-0.5721695933976344,0.7609443946162636,-0.4756265561104992,0.28572441219723965,0.03593273059368418,-0.420642744891366,0.23649998340032968,0.12597461928526804,-0.7307036958532654
5700,2800,-1.0087784524039654,-1.5297763888485174,-0.9709895320708838,1.2157527677304951,-1.0787520030942175,0.5467864180302169,-1.495984605858853,0.377061895314145,-1.4701291056539878,-1.1404531735487897,-1.8097976745737,-0.6132016360477255,-0.811742121829342
5700,2900,-1.5090020411316722,-1.3955551542998121,-0.7323222958535642,0.4631100832864166,-1.7675155032353285,1.1842388639839083,-0.7640502505884236,0.2239938004480724,-1.3560067857075007,-0.5732700127166582,-0.8741226486639024,-0.03407562177994984,-0.3261804815431722
5700,3000,-0.3747956735547172,-1.4870825949570814,-0.2575785961212001,0.873358040661753,-1.567688552022572,1.6082587623187095,-1.1522504535468663,0.6799378912403681,-1.179455613663919,-0.9162027577410102,-1.4153591606535365,-0.9106531218894631,-1.368336845422609
5700,3100,-1.8962519056868392,-1.4825214928786055,-0.6914012624716868,1.6257191595807585,-1.1424142850277603,1.343477703541588,-1.6986336894158485,0.5250877176391778,-0.5356009052046227,-0.6401298372648513,-1.3224958055478637,0.11399020724130159,-0.8156975442364326
5700,3200,-1.3907396069735978,-1.1121884534831556,-0.9485573553783239,1.2678312358973727,-0.6860219035990192,1.3884467238446518,-1.1228007789061434,0.9468775967608745,0.4005705143866459,-0.05730275681010306,-0.8715457547384889,0.6267993929143167,0.015859042290146896
5700,3300,-0.6426877810140597,-0.1897804018518381,-0.707147677815636,1.1474746183569593,-0.31659225677589486,-0.8683544821264357,-0.8105276039639974,0.6273780655259863,1.1087809652325276,-0.39723137443309636,-0.8276955712985196,-0.4788172571904283,-0.06238950319966361
5700,3400,0.21314602497123536,-0.5977420159107292,-0.2037201076830095,1.7508964201589952,-0.3020929551809949,0.4317618498432301,-0.1746956195060658,0.022968374862172264,1.007796156007694,0.3369645221550912,-0.08742083214919968,-0.18201973213701633,-0.6003434790810986
5700,3500,-0.6614841677707468,-0.8532150264803084,-0.5413408401311236,1.0207302441149129,-1.3862723993578736,-0.3474179203924645,-0.8063379086497703,0.02582178578038678,1.2631520226070438,0.20105632987916416,-0.6169855411199239,-0.5251205531140971,-0.914749175291891
5700,3600,-0.05360955661782934,-1.3858453552358585,0.6850793140063282,1.4433852424268063,0.2178856751009728,0.24357961586418173,-0.7427771175219605,0.7950381501371571,0.2686928607636978,-1.011629383278534,-0.43716646227094996,-0.5815642147471173,-1.0448043276738381
5700,3700,-1.0334286507987387,-0.11184521872230722,0.11026306680114195,0.9617129379621367,-0.6837226841533168,-0.6600374817313116,-1.5636592289744164,1.702398538309203,-0.29208648228006406,-1.0820889953918817,-0.35965594610435264,-0.0026064991932285265,-0.8486338601971679
5700,3800,-0.6057645274037697,-0.8316674865433071,-0.6545150468217669,0.5680172372960239,-0.5076751874234999,-0.16923124434615225,-0.4662729561807347,-0.2881753502171526,0.3822674586456854,-1.6315088254998302,-1.3561742258177822,0.2192432775640302,-0.412919463652351
5700,3900,-1.074835502486088,-0.8108254136450211,0.10669305093247519,0.6366115240070568,-0.1673428860023967,-0.5933209485626372,-1.0981064148580786,0.08381798051508378,0.7569065084438663,-0.6861665104873561,-0.7003056387956249,-0.3468624992454439,-1.3022220056790117
5700,4000,-0.3461405006867959,-0.40325176876027113,-0.7140231831904519,0.9841663363922435,0.4928121236900889,0.26571382140510896,-0.505480864375327,0.08622165382900537,-0.05454567270866921,-0.2793323325166739,-0.7212632880404054,-0.29750402414289173,-0.43152970816213354
5700,4100,0.623355709787308,-0.8604818267646324,-0.16225663570010482,-0.26420549534709187,0.1811792549725588,0.06967821821643853,0.5384518670813382,-0.6236700705501779,0.1996325932687028,-0.6427798123657688,0.5235198254269708,-0.6703780333127844,-0.286733067174404
5700,4200,0.9995140341705673,0.694246547249483,1.3831152912094502,0.22580687135789898,0.3379616944428737,-0.6517271539025594,1.0155778593355955,-1.1967963629413496,0.5484285315233659,0.8373175915989775,1.3603310334468939,-1.349393881954349,-0.5148877575705847
5700,4300,1.4526112524920092,0.8718466235658624,1.566866179693356,-0.9825218059265856,1.0196324916331905,-0.6037595043605001,2.0995104362082455,-1.5337005029955266,0.20692595302616293,-0.3645639793637342,1.5748961236742232,-1.359232161106204,1.350397712832797
5700,4400,1.3781801836738035,1.1954224639564484,1.8647855588863633,0.26633495777092303,-0.4734799819580803,-0.17552187856705367,1.6497226590201917,-0.9675750241955495,-0.04137409582655255,0.5861073769283768,2.0063184253735127,-1.1527602647976403,0.7117944397404823
5700,4500,1.7586064967016568,1.4662797780243948,1.5319231685865626,-0.5665454597800619,0.249649529741531,-0.16272025332189174,1.6468057500718936,-1.5551642601758227,-0.07251304823297296,1.3440007955442361,1.7339347666682499,-0.7067331514508055,1.5306102104434183
5700,4600,1.8890648843125866,0.751946076533109,1.2156315972243603,-0.5210175135075913,1.3278532200648083,-0.461003841800213,1.6276804740204676,-1.412636353889125,-0.4828625591862056,0.5412245159901633,1.3096409469221024,-0.20805827435472407,0.7072355890884542
5700,4700,1.152649158879249,0.1718664320451426,1.8871624268348057,-0.3300350179920493,1.2705229960329365,0.30965457424905407,1.0222608501861072,-1.1196884651876893,0.24004454026707553,0.4034802536719767,0.7846366338060645,0.519905483503693,1.4308972323081826
5700,4800,0.9881014071276967,0.23985956127760288,1.5747672329316282,-0.9346969600533812,1.0117808955114376,-0.20831570260145624,0.3176138588360485,-0.7592077271755688,-0.5364366553996756,-0.0403816589330095,-0.11943790279857464,-0.6924890586059781,0.41630943458825687
5700,4900,0.7368488171028328,-0.17166033835107028,0.6209108027186696,-0.1431446074692164,1.461018613167842,0.01821498956743395,0.5060746893518524,-0.630533499783833,-0.5895628797542211,0.45693660473669284,0.5949481414977291,1.1176879869085021,0.4486814447520684
5700,5000,-0.33832085774535225,0.29795917858664234,0.3231940922892608,-0.6043756317832636,1.4674141326213883,0.29599279645753174,-0.17618724735730754,0.19427369365549618,0.03313171881762441,-0.6068597485281569,-0.3053860889725643,1.4110019812213948,0.6651986456153494
5700,5100,0.3037716616981975,0.04336012973445965,0.841848337803658,-0.2771795456074578,0.5871188749239863,-0.2568229639697773,-0.024097628195500268,0.06175063854987102,0.44231827065977547,-0.9061557447115071,0.37828013184971154,0.8127800108720374,-0.2841645003319574
5700,5200,0.5814079998075922,0.2999612145352145,1.0917387202502267,0.3756657268063463,0.055099091761001556,0.011293401615879705,1.1490775347769822,0.3020007438438748,-0.7502533205959242,-0.46719958608234524,0.374464900795686,0.4991325899253768,-0.886694740073989
5700,5300,1.1191965702144329,1.1490115732175703,0.06046917567194333,0.8705731866614421,-0.1256793501060998,0.20286539837594197,-0.02312742811547766,-0.10418452970990337,0.5100364539128778,-0.7169403659238701,0.09912754371236887,-0.9978231356581699,-0.4301630592899053
5700,5400,0.06511711488638451,0.3284145404017982,-0.3440271010338143,0.03893188533885244,0.10756664811902428,-0.2600816695423834,0.22608319039052635,-0.06328436638463569,-0.9986582069317077,1.007328334312845,0.1326831921263087,-1.2951029514409167,-0.35746460815435255
5700,5500,0.3048683473286637,-0.39298302228255594,-0.7297248125884479,0.5475924515432085,0.05684842496679319,-0.7139030662132118,-0.9546605115537269,0.6543689237916557,-1.3312733200946687,0.5493153847266081,-0.5611900112999474,-0.6592572446646562,-1.8634709661567859
5700,5600,-1.8132391848728138,-0.922748409022491,-1.1018026068251157,0.4612392380561827,-0.6497325752142674,-0.015438472537496665,-1.3893281364759347,0.15066803309934115,-1.352191308545552,0.06903686194414055,-1.2822599042028073,0.44982391705565183,-0.8125181373726084
5700,5700,-0.9257906473699752,-1.8185425509053426,-0.4238450012117995,-0.43371066522326335,-0.43546966407784715,-0.5203949421318246,-0.328188099904875,0.47004549039319393,-1.069112639397183,0.5895575829650818,-0.6701487774494065,0.7221855341988306,-0.7088772089984628
5700,5800,-0.6816916373179192,-0.94246502262766,-0.5559569417771939,0.6277071182080605,-0.7034903662470906,-0.49998635909609146,-1.2637250304205714,0.1786269306409935,-0.30710047190130596,0.4999486926757994,0.11232584943642347,0.9467046566098882,0.26486100190699186
5700,5900,0.020860575005319407,-0.9492445596139095,-0.1438057982909486,-0.1998715002334,-1.08076773599187,-0.34078378064343007,-0.47884151812551673,-0.8258764343615824,-0.6873325169158501,-0.1199139929873389,-0.5831037959768773,1.4548234324259497,-0.01682180717709379
5700,6000,-0.2799794642855128,-0.8346228722068393,-0.4751371344231921,-1.3872384014323542,0.31989153524617875,0.12934160481983728,-0.8942447174982826,-0.19431056360209414,0.6663275768895377,0.9529978216837176,-0.1426741386986296,0.39867953299209513,-0.9730110901582892
5700,6100,-0.7334381515655666,-1.2088655537008586,-0.5212422137794119,0.09154112594476575,-1.0805941427271895,0.39927707423969233,-0.7828587955091668,-0.3316463634472659,0.2608471762100243,1.0343159771781378,-1.4157516567639299,0.5141018401035545,0.011071725156909257
5700,6200,-0.6345743668623094,-0.7610198620086551,-1.1839971323393235,-0.5822583363584299,-1.2418985961127316,0.4781100872013127,-0.9185528703088361,0.5152660295269708,0.11832472501188974,1.586174391443891,-1.2311616288109426,1.706291461412658,0.16259094377612784
5700,6300,-0.7414958902838339,-0.469582253939508,-0.8774645979637254,-0.8556280632855744,0.17781683224724282,-0.26493349596618715,-0.6119926385386532,0.8353715931487212,0.10659919880089902,1.0495231124059954,-1.1309606593727144,0.577187318271995,0.07574385285733268
5700,6400,-0.3683438231782687,-0.6513942357781474,-0.1686437073022357,-0.4273482378239771,-0.5617344781584822,0.03844434116746963,-0.4582919872959321,0.40517743157261155,0.25141973373080573,1.9708463112465837,-0.6326309506902543,0.0455481898190079,0.0820608126829447
5700,6500,0.12719119669412024,-1.2792813971249637,0.051073892807562304,-0.3249815299822823,-0.498934506176492,-0.17613270968115532,0.01078387984981793,-0.6568021735400698,0.779767766574134,1.6098330588593395,-0.06520637540038401,0.1919132922217225,0.1190949922776902
5700,6600,-0.24362264494722813,-0.9762997700569521,-0.15294213247872238,-0.9185005910009518,0.94011869439808,-0.40452090146814396,0.45815561472913335,-0.8881258261252315,1.0666596901427128,1.7694863784261683,1.062889396213593,1.3553563362976457,-0.5828324109405197
5700,6700,0.008478159219439776,-0.8078579568055478,-1.1139981335122704,-0.957778175396552,0.8762308567746894,-0.26923141201914735,-0.24997739788665457,-0.7668156687216503,1.5181006333152391,1.3321950933814244,0.388857378426483,0.40033202420498853,0.014184418000425834
5700,6800,0.23129215029525535,0.38755087363031315,-1.1998038781862588,-0.9191808254518465,-0.31689144750068476,-0.2863138823750376,0.4856775838673833,-1.1534920501678783,1.6883717080241936,1.2655703863494079,-0.36933122794229745,0.5868824942834046,0.20280543882705038
5700,6900,-0.4006700028528687,0.11138064195551076,-1.0638315476584455,-0.49610971934263315,0.005648205804747498,-0.7530160625028921,-0.19607414644747467,-0.44138000982418063,1.5034582480031744,1.8647195591370451,-0.5868820886408614,1.2905632249883021,0.19062359328906064
5700,7000,-0.11848220959533616,0.4242753080333651,-1.1382199122017986,-0.46350756983009817,-0.9805495606545003,-0.5174081327402097,-0.11906530782521109,0.15664200288519828,1.253993222277239,1.804319886710041,-0.07733766762130653,-0.2169754721795117,0.5261841080948513
5700,7100,1.5984155705984813,1.0593028895877008,-0.021398812933294833,-0.7030275679246001,-0.009086998547645317,-1.6409680360755352,0.9981884031178333,-0.9129781252690463,1.2794389978489589,1.5168325950698411,0.9490880340398414,0.11771966738837718,0.6329279337330996
5700,7200,0.6151814891318104,0.5538101242493074,-0.15244613782120534,0.30311932873413744,-0.6746552170973669,-1.6928573404820348,0.2941399299845137,-0.4832101338566606,1.1145187317324032,0.9866229420722937,0.14600896210533437,-0.8411902769927081,-0.5851132199789657
5700,7300,0.5166733972921284,0.5211683602940094,0.12110292646757367,1.1426683883145115,-0.58058302324,-0.2669075470112059,0.05511438175209807,-0.3815050730723567,0.913813017384264,1.0910183250595962,0.8385423204336967,0.9151983962087791,-0.44200170342769096
5700,7400,-0.17894420607637065,0.41414239568501754,0.0011057260468157408,0.6199769990500148,0.6112583972067603,0.4306937180774176,0.939315618235969,-0.42110762330183216,1.2839002084722864,1.3210889583836098,0.4399891562590002,1.2032714859517417,-0.629687708031492
5700,7500,0.3273583804260032,-0.08424366362241083,0.7655292338522472,-0.49771442998680054,0.13607493550598895,-1.2035910791399607,0.23764290046314174,-0.46880380709026725,-0.038635740630595446,0.6793618038297351,-0.19139244065737937,-0.10888210425668751,-0.478091861996654
5700,7600,1.2460568912082706,1.0092711716736213,1.7672452762582007,-0.3964317286483567,0.30958531252883237,0.2713955076065538,0.825524318428958,0.18020718105601916,1.0749575583773665,1.0487535762084472,1.9176222394201468,-0.9718379653497646,0.03901042457070212
5700,7700,0.8609091403441246,1.0098961851658466,0.7369534306999952,-0.36088011813890014,-0.3708644796710022,-0.7180738794356071,0.8819427638940787,-0.8579749412203284,1.3006633691796947,1.3163830483557368,0.9009435820780842,-1.7044278069142744,-0.22865377816904378
5700,7800,1.1112222156528808,1.2280197833675721,-0.19556095074615984,-0.19659698775375523,0.6406162157989048,0.41522242014607214,0.8999081936208944,-1.4351339736879638,1.8338354731985473,1.4466109665398823,1.2995137823434872,-1.1988334639943914,1.4878834929926974
5700,7900,1.901741372557904,1.314083310226393,0.42514259465210447,0.3368521999037497,1.2843177405491288,-0.62904397961368,1.2922632006007058,-0.9342185234391637,1.2539580577424623,2.0131386821937016,2.032172359117889,-1.344134464135738,0.9861878116027978
5700,8000,0.8811823717849291,1.4826201125972847,0.46487607412025567,0.9898000891178422,0.41006503742280287,-1.8158112843390828,1.7495499522244378,-1.6623438569129436,1.2257107426376153,1.5132028443217618,1.0428950734337221,-1.3522609210355945,0.5128986801167734
5700,8100,1.7481680772755663,1.9696435528989271,0.6402265035527904,-0.28257102721021504,0.7613944975554857,-1.337998496195164,1.5090980255600688,-1.4935608690936,1.8461854210898048,1.2707024741781063,1.3911737645405178,-0.8792759513472844,0.5990058187551125
5700,8200,1.3090406374307224,1.5682835013027312,0.18309534379091177,-0.3867758853648477,0.6658679162397667,-1.4310593010355876,1.2339773841512465,-1.4647033278254817,1.0734713343956048,2.0486672584543455,1.9121895179559192,0.28410299547896095,1.0388711717496564
5700,8300,0.7661805400443755,1.5637922261450472,0.13343154593690276,-0.3674739341019938,0.6917315941750555,-1.1906374379072435,1.9577859765305987,-1.3635242235610054,0.8788866730784135,1.7912698671966094,1.6174793151596631,1.1799521334908412,0.8705139587181582
5700,8400,1.2559865128665397,1.5884536182475872,0.1948462819451086,-0.007794295193553081,1.0367811341446282,-0.36204107981483324,1.0247267551346642,-0.44744041340984464,0.920098579399375,1.5197106365831006,1.3011669546203082,1.3759264493643637,1.3789425812698697
5700,8500,1.3912762295997512,1.733389288927669,0.4651127697033857,-0.9281325664929595,1.5281596456006095,-0.2815986677539018,1.4378215180054457,-0.49943614591418584,2.0102492964725918,1.5846426173486194,1.8111392577038077,0.6255402299245915,1.0906553443998654
5700,8600,0.17563246430470403,0.5288414241552643,0.14789882141612973,-0.5971622078868956,1.6284785288995027,-0.7660755226029069,0.049113516678600797,0.0869911135514995,0.7152909115659049,1.733009505395391,0.5739445374950198,1.184095457478476,1.6715131036474606
5700,8700,0.3387666355190292,0.029594483571719413,-0.06508512848230928,-0.3536741193900147,0.35742001360290954,-0.47737548868938895,0.33571347014844505,0.055994355339947656,-1.193478054049939,0.9792211560156704,-0.15723527682496924,0.5157864847776003,0.5299565007813855
5700,8800,0.13914381734788114,0.23250376485232688,0.07427204416140408,-0.8746175263737682,-0.5674254024825792,0.9156434916024119,-0.08934343279427777,0.08565522812155696,-0.7051587608828074,0.6977520762497192,-0.35032764324492494,0.31742905810933564,-0.3301546028296617
5700,8900,-0.4057398125536994,-0.5021463001410118,-0.14470448945860925,0.02744604541849885,0.09240366420105912,0.7422360064587109,0.4114565147863661,-0.18083959401938574,-1.1122217706934243,0.7451538712850149,-0.7720775892529658,-1.0623827754728405,0.25641700686041197
5700,9000,-1.0982181271040232,-0.17793772780526165,-0.21664374751391488,-0.7839702727537451,0.5737081500619239,0.41259841855188195,-0.45278189964170446,0.05604468662885073,-0.2683067531142405,1.0456077444380123,-0.7633577407896489,-1.0110421145751562,-0.049271446894168076
5700,9100,-0.25803059153414454,0.4204965265390086,0.2358183351823365,0.12138053782212953,-0.023577718088255404,0.23342509074664164,0.20912416251749985,-0.10369245979844703,-0.33035337725377933,0.48158044877479284,0.19789523610111318,-1.228481113758897,0.4160963736422325
5700,9200,0.3057101856169635,-0.04695356093383286,0.7096069274108352,-0.18754546295489025,0.8459897094388673,-0.7272384772279253,1.1423375993122675,-0.9278796005409126,-0.28375621182595606,1.906273816338196,0.7473958047367913,-0.9702102437495678,0.7342215571019476
5700,9300,0.7628933036550698,0.31363464237612687,0.6248154992442959,-0.6596985486361749,1.0331406330323492,-1.3471142891700696,1.0040971235883218,-1.6858035369252873,0.6017957843563333,-0.09213640688555899,0.669636349112694,-1.7151930611004589,0.648266439008908
5700,9400,0.9710404840838105,0.5393690160080163,1.0381097165020152,-0.6579195395316731,0.9312504811700651,-0.9605974283118589,1.0065849345846816,-0.9158844135538525,0.7298500612176536,0.21790462613063888,0.969468122690499,-2.2501081271548884,1.0825794502785848
5700,9500,1.4084387786862407,1.2389965851950762,0.7674788618468544,-1.353694913409548,1.2407428397116325,-0.8840659741198726,1.5919512478617373,-1.0754593729548594,0.2863773126771326,0.06610175228077243,1.5835416783374485,-1.4142097742865078,1.556510926287256
5700,9600,0.4906624166742074,0.998054333979061,2.106782264962206,-0.3309007451854548,1.4899866947084532,-1.5326435561167064,0.6611465276163753,-0.58910054572144,0.8114430954380353,-0.37952030966714545,1.0599403431150558,-1.070694759152629,0.6068431710917485
5700,9700,0.7967616479643939,0.9918357145431316,1.328922052620519,-0.17378210630290478,1.4205442649945474,-0.8911746309112323,0.8348413585519455,-0.8504105078295154,0.8213904061347648,-1.0129016894767566,0.5063994744882059,-0.14231854770701352,0.8634514380102127
5700,9800,1.1629265843210848,0.8036350631243141,1.9026785996413087,-1.0152586851176388,1.1272314609456513,-1.0533037244748062,1.0958712862898807,-0.42951260634547733,0.8852149528282192,0.3241317538009788,0.7193287276489124,-0.30729394357081913,1.9887512509047949
5700,9900,1.5102585074895143,0.7893294534082752,1.8294924966490598,-1.7393778196174499,1.1591986752136012,-1.5000191592889713,1.4116639212372502,-0.7284702153675878,1.7522912740431722,0.45464713223561537,1.2720449208145688,-1.3758426048979024,0.8689755717999863
5800,0,-0.09886328855594033,-1.0327683447851237,-1.0391987967460101,-1.4806187103047512,-0.3484169695046874,-1.2484790961006687,0.19351452646430073,0.6724872084313772,-0.2159151712828419,-0.736571721180399,-0.4852561544821013,0.5408638042157079,-1.1110095398776405
5800,100,-1.2085693691238448,-1.1057063479091003,-1.0647908640825,-0.15652598818063326,-1.2226887167913973,-0.769463277768999,-0.23388522681765717,1.6747855078123128,-0.9200199621218706,0.3491306092607508,-0.8258527124465269,1.9084165942858642,-0.7577170987263812
5800,200,-1.1475437762287628,-0.8003640784617541,-0.9387104987234104,-0.23597750319701227,-1.2805572293785386,0.20051001176111422,-0.5764900639581985,2.071622759542272,-1.371886166076235,-0.8421069542351155,-0.7076002807769923,1.2319710552448992,-0.11542404203008083
5800,300,-1.615970473447927,-1.066288644353115,-0.8879083971419686,0.9538396321837979,-0.8650378539424514,0.3835158761776229,-1.4126739445280116,1.4455260621926191,-1.2759212217069797,-0.7587679695870706,-1.0939213492253612,2.208721258976999,-1.0696378593373326
5800,400,-1.5371473253037382,-1.23920683299184,-0.5975864669402908,1.7489811749463702,-1.357645866518283,0.9088001094848108,-1.8273603370680336,1.2607525318745285,-1.5476385905770096,-1.095659763240322,-1.0388312344622226,1.8670629678780382,-1.6116389026363531
5800,500,-1.423663128430986,-1.5696154135450096,-0.46523636819625214,1.4750966980737732,-1.6487724862914797,0.9060360407161905,-1.6113733759453237,1.8423410014700259,-1.1698501536504928,-0.7102052154394216,-1.4072460757032383,1.155965887493321,-1.586632494125208
5800,600,-1.2498092847481284,-0.9761690918991046,-0.950513538613587,1.69450182332063,-1.7884716528432667,1.2270762726105815,-1.4872925924938283,1.3091985644448114,-1.2194204325522764,-1.0515913186803543,-1.574769677812501,1.5686006946307411,-1.8597416115020615
5800,700,-1.1094706556127392,-1.8203925795071132,-0.9986332560262144,1.6550607134151198,-0.8978710178438124,1.8925251689527223,-0.6433671487754664,1.789825826406607,-1.0795653350537524,-0.8407039984225614,-1.734223980169978,1.8936850030035546,-1.4522604199756906
5800,800,-1.6887669701532921,-2.0385251459861373,-0.46608294015366075,0.8095119170022745,-1.5561488250796414,1.7880670723151308,-1.2884312146618326,1.1820688950749942,-1.672294730586292,-1.810136785719733,-1.6543153263752894,1.9023795997353974,-1.189573139294566
5800,900,-1.3876120764584863,-1.804187304837895,-1.3607214046338867,1.9738256679467512,-1.6169888068423939,1.2495643046403322,-1.1144609144625621,1.7370886197684337,-0.6921578422620086,-1.5290256887096734,-1.463063107460122,1.385771354015594,-0.5368931565746754
5800,1000,-1.4346661961737084,-1.563895740467066,-1.8390942820821385,0.8126688778183423,-1.8859500132238654,1.7970975245821632,-1.1257156504255694,1.6582754200061633,-1.6378703896477047,-1.255165019748963,-1.3657402919239081,1.6550397454601087,-1.5218973868230115
5800,1100,-1.7238398393079717,-1.164844521289267,-1.5948405215332448,1.617264650234224,-0.8028633242340358,1.6407253933566266,-1.464444498439419,1.9614451383190392,-1.3804880998411087,-0.9419962499553346,-1.2269022009229573,1.880568539446237,-1.8422144883437641
5800,1200,-1.8180719178805267,-1.4483590081705642,-0.9698254274705267,1.3111768535765502,-0.8193005562032242,2.1447322545374017,-1.2473954846116513,1.5440746527980913,-1.3725364997903187,-1.4074909488406528,-1.5927901934821864,2.1311131767214544,-2.067794823974298
5800,1300,-1.7481889705075684,-1.7152468945039874,-1.5815256180958999,1.3011521761546254,-1.2923715879032363,1.1453371082250765,-1.023051605876555,2.0511488058298633,-1.7689828214321113,-1.7379089617644172,-1.4291066945364137,2.029746051684901,-1.3897894969004547
5800,1400,-2.26355153777832,-1.0443767994035582,-0.841435270291897,1.3737993488389908,-1.3743088290842151,1.8231054545171408,-1.3285628807190912,0.9422220111298487,-1.0831155346950203,-1.7867131388485777,-1.3530216943975895,1.502850248166703,-1.5294772255984295
5800,1500,-1.7166446321727258,-1.4629770934398054,-1.4528442166893138,1.6002710434413248,-1.8961899873487713,2.1900263824698754,-1.5993073072157649,1.294994270929016,-1.6969693720534482,-1.029682867556468,-1.1189910399737995,1.957743557312225,-1.437228932951317
5800,1600,-1.9596662591584675,-1.576149182786316,-1.6387649226193404,1.2592036866861926,-1.8855826397580917,2.0137346390882986,-1.361819847638373,1.4586639002059476,-1.2515405731544726,-1.4441846120179904,-1.0114304821613314,1.5383830843694184,-1.334171515072835
5800,1700,-2.3147946207670476,-1.4619603262469762,-1.4289065957016567,1.3984363220740799,-1.5250275888521552,2.195250493945953,-1.3534823253806907,2.2461053469669943,-1.3526068367625905,-1.6974370089036779,-1.219060001310002,1.8352603269264938,-1.4776178626113963
5800,1800,-1.7508695489920854,-1.5899677599301139,-1.4888339717698666,1.7392997398288865,-1.431224173327931,2.593800383505373,-1.2349085865530154,1.3881498036344835,-1.5632554914842514,-1.2254648593451285,-1.7612855294493615,1.695644214373649,-1.617215339975454
5800,1900,-1.9559495347504061,-2.3626750842547315,-1.6846972944930678,0.7889995303352496,-1.7982938877654846,1.7200058599147583,-1.9630307869492927,2.0177142312592795,-2.027822743767989,-0.8388531808542308,-1.6715531701997175,1.3969043105875605,-1.2823035241792107
5800,2000,-0.7687378696077813,-1.7848443739512985,-1.2125275548127679,0.46035792871210623,-1.2639587488795696,1.6213216442738587,-1.6819581997381228,2.430933595476199,-1.1218040428476923,-0.11532863400921968,-1.301185162138403,1.5255960400332482,-1.4399539789163718
5800,2100,-1.9668362470561687,-1.0444785865174269,-1.770747239928918,0.3413856816394816,-1.4299798662556495,1.8138057259888005,-1.3876010086796842,1.8963058687586152,-1.0015128330735312,-0.5445343200073456,-1.4404267630017755,1.1672847026840154,-1.492757051847389
5800,2200,-0.942073403979317,-1.5024939373078687,-1.587388872804972,0.03524469391548452,-1.7997040200496048,1.052010751639649,-0.8950991206494653,1.6391654378912004,-0.9803302340800024,-0.261288693238578,-1.248020826187662,1.5154180327653461,-1.3565966255820192
5800,2300,0.8420202843593941,-0.9259825300249431,-1.0577158700621674,-1.0682751204595127,-1.4008981737871111,0.555762977203732,-0.2608495374582233,0.902953761935222,-1.0889946800391466,1.3759864316963966,-0.9602178240611456,0.6349844231538987,-1.1406549752692232
5800,2400,-0.3238478707713689,-0.514559425684026,-1.1040622446329569,-1.0929012668270344,-0.8149285297715051,-0.7753212058889773,-0.1849875459383651,0.2937789460030142,-0.5385541417485725,1.3621081046884598,-0.16415216526925605,-0.6678489945962441,-0.3500743759093156
5800,2500,0.518702931773643,-0.0011188621900666594,-1.0766073729276544,-0.6717138054172744,-1.0237206866212676,-0.34857319705140466,-0.4774629763758127,-0.15091042604153504,-0.3916541855011062,1.0760572352127087,-0.06967244217149708,-1.2790973593765989,-0.7670040836547125
5800,2600,0.3365344144289615,-0.07760000002673965,-0.8571841270852818,-1.2810310292269047,-0.559547679245454,1.3050698475920017,-0.16378835355540552,0.7540716544338802,0.6227344576690234,-0.33178367685074356,0.22248552618607886,-0.9020402537682936,-1.1192644125582016
5800,2700,-0.7826207693371515,-1.0340708309521427,-1.004089700346745,0.1556917549264555,-1.0260174643014677,1.0492173260054245,-1.408858017707399,0.34321011586868844,-0.37336622212358844,0.3811766361126114,-0.324149133457659,-0.3336299946991326,-1.2074320107253884
5800,2800,-1.288229076310822,-0.9902687001456971,-1.3122420629984668,1.1760855330935094,-1.460218315624556,1.6277999246359867,-0.786404204305888,0.7727260152412202,-1.2364397031477135,-0.5144439950239219,-0.8936796118993419,-0.1906449732932617,-1.5736964680136245
5800,2900,-1.3981560449913133,-1.2397223808509679,-1.2505186611276384,0.8235960351142817,-1.1799385570723688,1.6170005492950126,-1.1194726127778196,0.5304785125994668,-1.5856960129932787,-1.2004745412049982,-1.3500501228214594,0.4900741901840457,-1.318808376931093
5800,3000,-0.7975868396320418,-0.9883051287073101,-1.3517611515869257,0.8365489067936329,-1.327351684880519,1.7980446679616204,-1.0494473625671905,0.782589740406327,-0.2839254737046806,-1.1234803564941167,-0.845447986316253,-0.31632905084282087,-0.03722409773300452
5800,3100,-1.2268429445500582,-1.8602040708175118,-0.43141633720034317,1.2311384042300655,-0.4848633420337593,1.2563882401323307,-1.2398416823599079,1.7117091501881445,-0.8875412295562263,0.10963149868453616,-1.3450204315701828,0.6575211921587599,-1.0188056678656556
5800,3200,-1.2594723566626067,-1.224986003788043,-1.2327404776926103,0.6066942363586493,-1.3327509630688943,1.1312596605716143,-1.599307891952761,0.9650226602328313,-0.24569606661443358,-0.6043905533243622,-1.0314133350868195,-0.2559024542744151,-0.30331947029846695
5800,3300,0.06957822546186904,-0.4838246393395397,-0.3258628526109935,1.0367572299115704,-1.0434082551744415,0.17417621882930118,-0.6573512426669558,0.04730404528024027,0.2742654319215076,0.12079800432500234,-0.5055327737351551,-0.44414613958303617,0.4790645342944835
5800,3400,-0.27386507335579113,0.8421844229249232,-0.529971177946337,1.5982523885971596,-0.8676967020966507,1.3758690613408617,0.046306783311243195,-0.26509446208368936,0.1782720920743587,-1.2215213744009585,-0.19593761389852163,-0.7520238413500413,-0.5168426214928402
5800,3500,-0.5697469025941128,0.14088927637656912,-1.063413590293039,1.718194750136574,-0.4759196812845258,-0.6536453305388131,-0.58247382359504,0.5921500435476919,0.9889638061967847,-0.8677990329245985,-1.0970193149885066,0.05202380277982661,-1.0359695242699396
5800,3600,-0.7325087595140017,-0.9622342878421835,-0.28783128974568845,1.0575243414630862,0.2040383428322611,-0.41593403357868125,-1.1795875092727037,0.8642531905618036,0.7080653903728105,-0.8110686109609249,-0.8365502265578878,-0.5207282905083628,-0.5365068447662606
5800,3700,-0.9873458578491895,-0.337324221532931,-0.830494771312599,0.5275004198630846,0.7233982377161826,-0.08102429292839952,-1.3748652691994154,1.4232986824522629,-0.07712793047968164,-0.8759138051733462,-1.0029674839951075,-0.0002815652402345616,-1.2713871742334013
5800,3800,-0.4766161388993533,-0.3629408016582371,0.5516717394334366,0.2770987045734877,-0.7091416247849178,0.27375577966219905,-0.8096886962094537,0.6671325052305613,0.8446269601981385,-1.7880584604305385,-1.3391885135681847,0.6302274788703596,-1.177524513368773
5800,3900,-0.5554525118260808,-0.6689086710570346,0.44370580364764134,0.706899541189661,-0.7169414754571004,1.022054978350893,-0.9062753914810939,-0.2581613386922213,-0.7401137144190555,-1.182587561517469,-1.0065044678013082,-0.6473269275346375,-1.1314883424857594
5800,4000,-0.586241171432417,-0.3321845205139493,0.31196267753672147,1.242193917720466,-0.11771279552101936,-0.01671227420071162,-0.9849052607556609,0.13458905730072515,0.0245752083182772,-0.8938636234015238,-0.041990614627568,-0.6973709362471588,-0.8973541431292896
5800,4100,-1.1438425490771613,-0.21370975709332488,-0.6130239146081644,-0.1780852869402062,0.7128587583195914,0.8355091425830692,-0.4169168093408399,0.00889968123481139,0.6019419035507645,-0.32750253548014047,0.9338778801432824,-0.7287494715279639,-0.11201036653370554
5800,4200,1.714976430881382,0.5476591012423271,-0.18447022455067275,-0.36542048856149484,0.9538446021039393,-0.5689951772022248,0.8872231387964588,-0.34845053475010423,0.272578885104111,0.24822434405476196,0.7310810145345686,-0.4855703205146149,-0.34756351326042045
5800,4300,1.135602760713135,1.3568553399363295,1.7596665972334422,-1.3210162470534665,0.9105957134282308,-0.08450029414827841,1.2617765321338303,-1.1903163962434424,0.5328658932722277,-0.6401219529093385,0.3278636641582591,-0.810106235851811,1.3095291532486208
5800,4400,1.0367234404394092,0.6513303751413478,1.1105565709610938,0.49816562274752985,0.011407457050565745,-1.378648566935636,1.8957370830318423,-0.9844117552708717,-0.5070830548406299,-0.21710404555789098,1.4473217545511514,-0.0848735771687609,0.5088583961322035
5800,4500,1.6341859149242388,0.9064015288354249,1.2089675672079372,-0.2740146070927384,0.6043291776892031,-0.5860714782563936,1.5394473034674085,-1.0988019644394447,0.7119688415194826,1.0758225875190115,1.1680864239411992,-0.27313607393377504,0.7147883766048841
5800,4600,1.8383810553079483,0.32848585343170855,1.5761109526721973,-0.3009211888330872,0.2332043773259947,-0.8157725759465023,2.006751585447886,-1.2482576630013933,0.9661824061602886,1.2219257366679694,1.663659578597911,-0.7713205800798513,0.5074387265413893
5800,4700,1.1992463288531456,-0.6938021641585538,0.8223220169921674,-1.132121335403275,0.6117766278608702,0.2951075131395623,0.6707353095669434,-1.535983814816711,0.44559341537057434,0.17031346920523918,1.084185420163214,0.13539164847853485,1.2946515295573944
5800,4800,1.0328480746476223,0.4722904776861956,1.2515448735374102,-0.7175708073836902,0.9517255623297639,-0.4340256972980127,0.736210352052751,-1.3593366578952935,-0.4269507083034441,-0.6603730027699812,0.9124659090673963,-0.313835178792985,0.2171393007451969
5800,4900,0.673846143999097,-0.4242034781990807,1.0945928813554864,0.29300696479978144,0.8981645411343651,-0.2922096341707816,0.44742534845677884,-0.0818980790848364,0.0995484007683994,-0.2325901406110919,0.3896290923311511,1.2032964822086745,-0.02876053416019738
5800,5000,0.3452868318374968,0.15356764793873934,0.09937877978145601,-0.7089214863809421,0.41669164464451347,-0.6858086973551198,0.4993022693435371,-0.37768654945444663,-0.11488548182835834,0.7057047077022434,0.028511218279401337,1.0288529319972926,-0.16031735103184214
5800,5100,0.8521961827579781,-0.18589466670514404,0.2673073443371002,0.558766684360534,0.7070887882880807,-0.44603195363397047,0.4810240279414706,-0.610681396690091,1.1159890552021836,-0.933815638883253,0.5815980461781496,1.1924321129101543,0.47408175533406316
5800,5200,0.7829360305960041,-0.0766877729333062,0.6243165804696266,0.9440574498947039,-0.2078616881510186,0.5652025414173752,1.1712063917914106,-0.36846807415707244,-0.641593086629859,0.3643186204717021,0.307824263951561,0.20090126785571946,0.023026598928383914
5800,5300,-0.036427991677149454,0.5480273131953599,-0.3194148815555592,0.41677519804744473,-0.37887146363164137,0.814078848984428,-0.5509386839133665,0.4058896172037387,-0.7376328508009223,-0.5367540218557189,0.2967511121153388,-0.8861711342411532,-0.5760757513348238
5800,5400,1.185483753914286,1.0095861647553372,0.09333233064401417,0.9511560268865273,0.5352374462253249,0.45133376350477067,0.7853088880668845,0.4225776139249992,-1.093760403443571,0.10223618592352994,0.19571942694173405,-1.0428779531353796,-0.6228979521882476
5800,5500,-0.510614105249345,-0.22487803475038193,-0.8255640165894134,1.0798693529729484,-0.9280088218184587,0.37284241866386486,-0.1993146140661039,-0.10031822443040844,-1.7552990758851885,1.42244102460762,-0.9577802861301539,0.8273692752752082,-1.0799127914942357
5800,5600,-0.6284473152491005,-0.1368335310581033,-1.0846717772665153,-0.8948855901864463,-0.6839738358182921,0.3843764854771001,-1.108666454895647,0.6746584448621195,-1.1500951451714894,0.7792445324438042,-0.4747533242043544,0.4459568590888166,-0.33782875750450136
5800,5700,-1.8271187149334276,-1.2662643060698915,-0.8318624976500378,0.5262450741429562,-1.4186191970636286,-0.5513938442451026,-1.157172832243703,0.9134624432762045,-0.7434506084320383,0.12383796184595366,-0.9106023136127193,1.0793991742007183,-1.2391830951939287
5800,5800,-0.5298400618770007,-0.5080540032741903,-0.6183870200010158,0.006624121938717816,-0.910758855156696,-0.5753842028860663,-0.7265350504716085,-0.35854379161644256,-0.4294718671931134,0.7271159362059297,-0.6232682591369062,1.0003199563244751,0.48615502677324585
5800,5900,-0.4996925963765759,-2.0536798759622608,-0.6895341011229995,-0.30687120356596004,-1.375902435509169,-0.31929190258495477,-0.8831920939444745,-0.6390873667739786,-0.18492445480332834,0.4950956806500553,-0.774952683804404,1.8198322536099556,0.6449754342673746
5800,6000,-0.4246387700605724,-0.4409778457445015,0.15406917188167107,-0.49175857526523015,-0.1303695616707753,-0.1008067659452112,-0.6048341522081051,0.2645163569321145,0.38711041431877574,1.7036316721772768,0.16638015914288623,-0.08082937342353988,-0.2478519191445607
5800,6100,-0.013087129355726833,-1.2850254037171729,-0.9062501511190652,-0.3017229159276362,-0.3663794943795024,-0.5059206100792244,0.6182965091057662,0.4329973936404217,0.6184839157548719,0.959838625804885,-0.5782227447830112,-0.4929798458984645,-0.25452120015522295
5800,6200,-1.78289973306765,-0.49587934984834287,-0.5544768583236162,-1.2822058476762705,-1.4161309438264915,-1.0201656951099967,-0.1936532100686667,0.7079153618807565,0.05279853620924281,1.9078352443179518,-0.3843920988620296,1.063298285564666,0.01780690512971396
5800,6300,-0.9802912337683627,-0.2134917993821967,-0.8817905304681946,-0.7403725415817624,-0.26309815207678483,-0.5123091431620571,-0.6032443734857219,0.113209303981181,-0.16642702547890803,1.0844860690542453,-0.9468163969873847,0.39477187738862746,-0.24311013748894772
5800,6400,-0.0913957151709353,-1.401283200645149,0.2920189720539838,-1.2308560253310965,-0.6041435698161104,0.34594596664361815,-0.8769124732961584,0.6039273554892365,1.0803577806653142,1.7895823528852401,-0.7576433774200123,-0.13707293802621812,0.4724384255629047
5800,6500,-0.7670118252472057,-0.667131622855661,-0.6338404340692232,-1.0647965763953222,0.29965004969218983,-0.258792827456589,-0.034921647136091416,-1.1939382744296465,0.843204857207677,1.2368226134154423,0.17511820510143322,0.4805005212724154,-0.18496059606456314
5800,6600,0.7903504082502234,-0.9841959997591895,-0.9090715701649709,-1.585180639434637,0.5672383539768009,-1.136902734429947,0.6475271413851877,-0.6158227649697475,1.4849833182208567,1.2132682591300452,0.3663411983543209,0.8504541464833025,0.3668399427126861
5800,6700,1.7288088742814363,-0.6724769212799352,-1.0733224147566853,-0.8975989664175962,0.72034070269004,-0.4958360895583277,1.353446619975566,-1.3371772232625538,0.8133591389637342,0.9086874415072249,1.3399021077321553,0.07754887790544501,0.41869754915643226
5800,6800,0.03155930829110055,-0.9404670204779922,-0.5586660469397772,-0.3707457449959167,0.45410233245683396,-0.9448485163172515,0.5423214964418346,-0.8958475489021799,1.1460391116349193,1.405180902808899,0.20109162362254782,0.3318535093250024,-0.057817475383963875
5800,6900,1.155407085116987,0.2727054429603749,-1.2029304834637482,-0.7886846798588315,-0.2950248860299069,-0.15726895050717,0.4802431089826051,-0.39133675091242803,1.4983024765291524,1.5472674688185493,1.209920415096543,0.5637717848269466,-0.05991544646417379
5800,7000,0.48789961314000757,-0.19400483651058656,-0.41004039149004096,-0.5271781243797167,-0.47418275614079836,-0.2735885519371256,0.9876393005436347,-0.3133766967264775,1.0879771583864246,1.1824370588539028,-0.1271466250684051,-0.4035682538954837,0.2863385403089531
5800,7100,1.6693578040796997,0.5914226762525349,-0.4168991726412428,-0.6721320635838082,-0.215390877465305,-0.8577400295875819,1.0487501936114891,-1.6290646906238069,1.7818166377147093,0.8367600520066332,1.0840827137758198,-1.0427062588191467,0.7343177656855173
5800,7200,0.6464797210683154,0.6470097758609061,-0.5608336228912154,0.9990542041755306,-0.45199125696674536,-1.744010105691219,0.17302472454423434,-1.5688087009701956,1.9411588350767655,1.2951774240341316,0.47201397577850357,-0.19553801784104913,-1.0731799833041344
5800,7300,-0.5952463422733503,0.7262040354516559,0.40336976416534664,1.0756686303998313,0.6853935794179942,-1.2486230475410864,-0.24004492375847744,-1.090880330682155,1.7451924290913834,1.7005501736156314,-0.5537515861598657,0.2670785783454201,-1.1345456424952813
5800,7400,0.6367777874621703,1.144398139958454,0.17581604034836523,0.9947379816524862,1.0788530157893086,0.28496559170389796,0.3313604869884496,-0.9949594865588673,0.8858662660990843,1.7074539116837149,-0.30869934961253126,1.0562331137960528,-0.5038296579181039
5800,7500,0.12453773792502242,0.567370879579739,0.7505554333609076,-0.7336573294689072,0.5270864580399964,-0.3317436465416698,0.6356866090611628,0.3090980976187841,0.4679748358681879,1.1323393845513439,0.0816255807409966,0.3379180568340896,-0.1884927763852895
5800,7600,0.7375105166776154,1.350759883541015,0.8225790039657027,-0.583980544339287,0.8073810628543235,0.4255413571259574,1.1000856792139033,0.1979827845099073,1.631135404089807,0.9078151130061122,0.5158135788626849,-0.29507447785423035,0.38473957316587787
5800,7700,0.6020493192461701,0.7415299849674638,0.5256247605009845,-0.8556702998478809,-0.3175049793257413,-0.551315280614465,0.9190409749796054,-1.3442407926625717,0.3990412585908125,1.4657222367943732,0.7821846975421658,-1.1016336925468115,-0.38946751048348976
5800,7800,1.3656288882314502,1.287630151691541,0.6661202357649907,-0.21067604759099542,0.8677430979488432,-0.6410742443316355,1.433272048609925,-1.6432240373057174,0.8595785656234725,1.484546906442995,1.066632625532629,-1.4023571746241068,1.0401521703132455
5800,7900,1.2147354814594202,1.089680420639216,1.723668663549348,-0.11226193915324001,0.7789154326912714,-1.2153467980459751,1.3015724476651322,-0.9881972299249792,1.0464293505990645,1.337371535251878,1.5736951814800286,-1.585429755054583,0.5249479500294788
5800,8000,1.4428727268710988,2.1327724264433523,1.1583731886391064,0.9853149960997181,0.7025833718988125,-1.6267643001463818,1.151839607833821,-0.9238415315708696,1.6515084398404498,2.673807175143692,0.9731008940256389,-0.7625251340900736,0.09986877428238478
5800,8100,1.6722159396463936,1.6885752581137377,0.8274551577839835,0.015996031581355454,0.8263437755433511,-0.7806194614350493,0.7501064338918841,-1.8936485934093679,1.6138722891717336,1.673709336913144,1.0537541454606538,-0.5468429101746093,0.9468850306770792
5800,8200,1.2665708806774703,2.090312492655244,0.9272735205003801,0.9610924594418944,0.4810583675023387,-1.735255911763587,1.7996833047896736,-0.9447834600109498,1.9485765104299146,1.6356842642574265,2.099776916658513,-0.2244448914587148,1.5645740702905364
5800,8300,1.6512490234211348,1.100973679256971,0.9930065359773114,0.09675354040901701,0.5016575720159133,-0.9249555270556032,1.0219668303587854,-0.7806287294001829,1.082570410435635,2.0604243103582824,1.225132015746647,0.7566447575675498,0.6052155232767812
5800,8400,0.5665415846888319,2.1801153613348654,0.05718309210634266,-0.29197025526077075,0.9666758612097417,-0.1874721644988314,0.9053289134987323,-1.0348916031424746,1.0493378439942533,1.8665618135049187,1.6620555070979834,2.429297074253599,1.031589061822825
5800,8500,-0.07145388441109694,0.8212535653694197,0.5622356930234879,-0.46630934890019793,1.1042439316712043,-0.5836911997957257,-0.35034861362012765,-0.5338796918348021,0.0895752145903608,1.334368041853455,0.5762007417767483,1.3698448229254627,0.907655581551949
5800,8600,0.23681516277166645,-0.027923024951593833,1.0266307423244185,-0.7058039119181214,1.7883219441346456,0.04926620747209469,-0.25839127463089945,0.275100477900055,-0.4535164019206139,0.6168307517816419,0.07798544349099276,1.541697701137305,1.4085904995891734
5800,8700,0.21188427928920456,0.233709514225292,-0.08147516614568527,-0.09320036346262928,0.9506456771209683,-0.7498738212453047,0.313730380003653,-0.28472705690949607,-0.35079527641974084,0.9874977011482258,-0.4538514266425017,0.7103085348543395,0.3376259722347965
5800,8800,0.28124552636325323,-0.5362393101990575,0.1835324770689904,-0.31715665086929806,0.6658398640800186,1.0028954319779615,0.5115305474938002,-0.013478278629531668,-0.9004182691419577,0.561909891105867,-0.504201924659246,0.9299744648281075,0.046285154968298506
5800,8900,-1.0394554829882579,-0.7347258113070675,-0.1244161300144338,-0.286922306925704,0.14610114065723104,0.9649995095787115,-0.4309238269172001,-0.14146685119923957,-0.7614517571493402,0.8964575320185715,-0.8146041270159254,-0.40006234842946126,-0.09882086290570069
5800,9000,-0.42051298101066664,-0.3032197665008837,0.8826622971136902,-0.16878154129208542,0.3742531951073705,0.8045296583633352,-0.691654923833634,-0.34013692250646926,-0.6151001035506543,0.32749580724691657,-0.21356652604707213,-1.0112404517653346,-0.1259241702523251
5800,9100,0.24669376535715015,0.4457325891837404,-0.20388613904321554,-0.05474648465021206,-0.239961469230698,-0.4328754987726245,-0.5368431361763226,-0.8304341555620404,0.042905152351323764,0.7484921981886895,0.9047646140816312,-0.7878048947595463,0.7407606557825471
5800,9200,0.267806641893675,0.6314693937781148,0.5813675290663133,0.0012870757537862742,0.5778761124027549,0.31796055416806646,0.614332292608978,-0.4611709060320976,0.3616916857777764,1.2926955195571106,0.7898100385064909,-1.5750878785002957,-0.02893108099601962
5800,9300,0.6207403859451609,0.23258860187677527,2.220636062305136,-0.5298273767409042,1.1389252104709904,-1.320682196795937,0.7830723179294845,-1.2424862904789271,0.10069195586346535,0.20208636019215362,0.816892784102587,-1.5319340642394186,0.5521508681959865
5800,9400,1.1913650445575437,1.2689333135742689,1.6306003914319602,-0.6513771906957089,0.7561097089958546,-1.4724586642396453,0.1178566719587602,-0.7641535046186616,0.8146696414199192,0.47096012604129844,0.7742237813451733,-1.7410091373058825,0.5425303171887932
5800,9500,0.9845033904542025,1.1972297385724566,1.8493284379397954,-1.2218597189945108,1.326165096155462,-1.3431216350346098,0.9374296171275074,-0.7905842373784959,0.33186051236086317,0.5424159915455623,1.2637552714249156,-1.3534800297444327,1.2228683200991954
5800,9600,0.6713307961372346,0.9882943105298289,1.5358092488078094,-0.8261543699444537,2.153208702509009,-1.5073868468893683,0.9432829666493127,-0.9446249134678966,1.026398543016703,0.335444567089353,1.1587723912153542,-1.16502727784606,1.624917715569343
5800,9700,-0.5535350992605493,0.5384634868120314,1.6557720715677702,-0.8212132711323761,1.1077998385939691,-1.5414755088436953,0.6061544880401579,-0.17023779589539928,1.149832607391581,-0.34360949583934325,0.548971802726747,-0.340666143531796,1.548272383731499
5800,9800,1.29632394313819,1.3570078454174697,1.7935324124683663,-0.7514946621903633,1.3832237165139263,-1.3842442708885079,1.518489362972305,-0.9893192730106035,0.8741724970645429,-0.09008976689557578,1.7989920978721936,-0.03611842191043706,1.1500170553290567
5800,9900,0.9528419749110277,0.9921916220183347,1.6614703556329449,-1.4763517230684426,1.2554680118047195,-1.134879834478418,1.6467622693891384,-1.7110665808721555,1.5612625211539823,-0.5348016113035566,0.5253636515528841,-1.0222327761639147,1.6482677225965672
5900,0,0.4771163033897655,-0.6486317293791879,-1.0647244928128592,-0.8817643736457059,-0.4136043607890977,-1.0001357019411194,-0.7077064831479616,0.38339941328324506,-0.06083928841504447,-0.41192195257924036,-0.0868477509632045,1.002482261578663,-1.3961459151888473
5900,100,-1.4250713860375972,-1.4026799939598014,-0.7010766254907312,-0.03509556646717875,-0.8788337174448315,-0.7487686374798059,-1.0469376829183492,1.0198595413377842,-0.4514206257570551,-0.2805355580538249,-0.8390656065703579,1.0633856347392385,-1.2534512122379062
5900,200,-0.839521530991531,-0.9877931552084183,-0.7925157585698894,0.16070711811950428,-1.21041009011045,-0.0499060177717777,-1.2629176114106755,1.1933923236874706,-1.0931567486380434,-0.43497866474161034,-1.1326952411906248,1.6019650398685918,-1.0294522339607524
5900,300,-1.336378825229701,-1.090066299710083,-1.002469246828337,1.1719029177183735,-1.4269138354889297,0.1174760753009946,-1.5655357197849806,2.169694690674001,-1.3429592433527247,-1.0855080752105708,-1.5873763273733774,1.6538482988229082,-0.7219369816257092
5900,400,-1.987340765818076,-1.3776102873946423,-1.3525401172330629,0.7472579560505566,-1.6928323066732782,0.2654674897511012,-1.334284021519473,1.801490090872716,-1.2482348672328727,-0.8049268719079125,-1.7306352243892356,1.659377590330874,-1.5830507432451368
5900,500,-1.5965463738926522,-1.7789870640020273,-1.0184610049704343,1.2875919040936346,-1.335291503545989,1.0003535466141786,-1.6603656891520049,1.6867816978526227,-0.9155937176322131,-0.9560629374470906,-1.1415260088603845,1.1462413030215388,-1.494497639752194
5900,600,-1.1081948053925679,-1.07663808771325,-0.29815090921626664,2.374223242227901,-1.3745965200044479,0.6702682479293453,-0.5692683615763018,2.421719855845105,-0.546278137333403,-0.9218407768288309,-0.9209962145027767,1.811658712840905,-1.924891299921873
5900,700,-0.7170512929942618,-1.0914596234786604,-0.3923092582674739,1.8765891116520184,-1.7629811671235491,0.9928427651920518,-1.27238907675604,1.2946970987672886,-1.4593927850286954,-1.405737456974517,-1.3818452661232392,1.9437818311383055,-1.3726313533233594
5900,800,-1.0889989987787696,-1.7902587397709289,0.10336398234604584,1.9328366554676508,-1.030509896619984,1.1878397693515288,-1.5627405671233532,1.6046494626176373,-0.6553950441795623,-1.8074783178574927,-1.471090820103218,1.4247464493083373,-1.0200122619490635
5900,900,-1.3692166652227349,-1.5170851382733759,-1.052138654852285,2.0383506212187186,-1.9999631827177293,1.299291291461465,-0.7054498368756128,1.5670438991676712,-1.4260634983020284,-1.9465021660667718,-0.7096695025216451,1.7505767909139045,-1.5045530218540575
5900,1000,-1.182451115889383,-1.1077491494671947,-0.7146012111841704,1.1843464057970834,-1.2851692409755222,2.061623204975158,-1.4203319408875328,1.9890940993553774,-1.1014560643595679,-2.1901522237072095,-1.8628134535391272,1.806674378903083,-1.1436146041311572
5900,1100,-2.187913914637024,-1.0887307618447257,-1.3276593548166058,0.7377843154263047,-1.719031702618086,1.424248969301101,-1.2878090012766839,1.6459223897309512,-1.4185020958586272,-0.9975341398035887,-1.442475557407896,1.4236036919954633,-2.119794616459336
5900,1200,-1.7028778362072992,-1.9151948627570505,-0.9693338147804746,1.884119905275177,-1.5574284595287757,1.7142865818887998,-1.7964519962631709,2.1159481459569784,-1.3677804713018182,-1.1272954130984478,-1.6391088065531398,1.39319361417076,-1.537790706358062
5900,1300,-0.9960079978022208,-1.303129270180782,-1.994680614750061,0.9739841648909261,-1.0949977242472215,1.776628876039627,-1.371552876210727,1.6667223001757183,-1.3131748805681636,-1.246746363474814,-1.2022279271947283,2.330317875956419,-1.16698563773438
5900,1400,-1.6865876715990082,-2.193303474690908,-1.2019381912041176,0.8678721005608182,-1.9690997965562034,1.2707940688835664,-1.2696191237720975,1.4024522192261686,-0.7968204810866802,-1.1158782436156744,-1.6660576491089274,1.561934356071673,-1.3108771722481802
5900,1500,-1.7649762466059526,-1.6430824010246181,-1.399051765839038,1.2016638966440396,-1.7261543781667117,1.9382134693605977,-1.6320914687168706,1.9797130793411482,-1.6097920389485574,-1.6217626325492065,-1.044830309178105,1.7686341546649391,-1.5165656935330656
5900,1600,-1.4221570018022294,-0.7655661245010472,-1.0163789775300967,1.1527074783765938,-0.9516613166365616,2.118767432205768,-2.0364128917518864,1.7736081415572047,-1.854881406107963,-1.7375777310965441,-1.5448632590065,2.137006304253432,-1.2443431550339281
5900,1700,-1.4400269539347756,-1.0291880224234435,-2.121287510975156,1.3717327083740711,-1.453935160112926,1.4771786762067143,-1.049675195162305,2.046376808243145,-1.374452841285301,-1.237614144328703,-1.5107993723127955,1.3678743376546438,-1.0631914685043138
5900,1800,-1.5094123111728153,-0.8126372966200751,-1.755602019402817,1.5971394460224846,-1.4022006093097368,2.2167160174405276,-1.6187815525286027,1.7653848878281269,-1.6037208202392566,-1.3862988886249317,-1.5735737164643842,1.2049348246775506,-1.291888904238724
5900,1900,-1.6893370358743882,-1.9040251323214812,-1.5936312466070506,1.0350139321630025,-1.6071871341914148,2.0752907050395084,-1.6349448843135939,1.4213967052325915,-1.197453014378264,-0.639435289052899,-0.9924180603565766,1.4149716301668223,-2.0564340926296323
5900,2000,-0.7710392256194696,-1.833566583834992,-2.156251804371037,0.03475698968013837,-1.6318277531452958,1.567360917544965,-1.129081040341734,1.7565061211279203,-1.6966089168357106,-0.16866391136956607,-1.3581613460173931,1.0132317351633422,-1.4757095907655622
5900,2100,-1.7710520174541478,-0.7161111925468688,-1.5284365961190525,0.5057961596475967,-1.3377699078381504,1.7835874300030568,-1.4436631145208687,1.2204183349949727,-1.2627125328241362,-0.5059170060661906,-1.5030025058703271,1.1240884441792727,-1.602539558034026
5900,2200,-1.6811673048090312,-2.0925318840025584,-1.0800680178636568,0.21674161551160273,-1.4323784908048913,0.6329858386371162,-1.2897241031042395,1.6136910361259473,-1.4682571906869983,0.2645108755191144,-0.6301574785918715,1.9342990845449717,-1.3291079597000235
5900,2300,-0.14661804962822722,-1.852863169504813,-0.3393768809204731,-1.46800803348689,-1.276462365887697,-0.5637701593664274,-0.9634614615629391,1.3641729371993172,-0.4335396020342622,0.38058849656001836,-0.812240315943123,0.18410507234406812,-0.734632329412049
5900,2400,-0.12879943324822646,-0.26839752301764974,-1.5055000305325688,-1.443491191675902,-0.5876350416611863,-0.9053792319961529,-0.332461660909496,-0.024244470783850197,-0.3754304996748984,0.7568559126962264,-0.22264329842387978,-0.36889115252541393,0.04575844470259217
5900,2500,0.0810759207824689,0.08343003992980057,-0.9534305237483877,-1.3856375557672318,-0.7126047802816985,-0.6884260839466754,-0.29525367976410694,1.1869523172910421,-0.6741667283108594,0.7649952386244008,-0.08299366200065972,-0.9948783343822574,-0.8532354954227819
5900,2600,-0.2802511485688544,-0.7152443804792045,-0.41629804921766955,-1.1991138675445738,-1.1559373727361928,1.5420259870231998,-0.6204328787859745,1.2438949045888545,-0.020393410928039354,0.10253894898918513,-0.001819710968732854,-1.143612640726553,-1.0425552723929974
5900,2700,-0.6057740653814151,-1.0760903142310192,-2.0564515475264193,-0.7184324422696625,-1.6231648946700037,0.4401335682586155,-1.1953100815904565,0.8528042145267161,0.0704071507541396,0.05978608887656855,-0.7347913015406408,-0.4506175701149672,-0.2231864523108739
5900,2800,-1.1758390944719699,-1.5852415085739744,-1.4031705238584198,0.18692836686090158,-1.1064879352005226,1.4235933098842355,-1.567740253190724,0.9530761533236248,-1.1123242842100727,-0.3590825164528852,-1.6979038296075062,-0.14468640787489165,-1.3248300242889897
5900,2900,-1.6824277875579712,-0.9736257474888877,-1.815048721135495,1.121983093128835,-1.3278558737566666,1.7909745266787676,-1.6461162364850301,0.8603011366980792,-0.9369855152381756,0.06772037642187123,-1.4474444863028726,0.9251888545360119,-1.3072931717412122
5900,3000,-0.8927483761990489,-1.0108206679551253,-1.451335322276575,0.8865284834920643,-0.8489502010662039,2.263618958959041,-1.1048049691316606,1.1539019300492355,-1.0219796444600786,-0.583792142884495,-1.1854423901267759,-0.14649515930009432,-1.0766872527592437
5900,3100,-1.6989042831926489,-1.1374007088700562,-1.1354157417386614,1.9415390607621752,-1.4173270029314224,1.7725748497736522,-1.3217216075162115,1.5806352468767206,-0.454788399305441,-0.7290909914961547,-2.159974184813633,0.7437785513564188,-0.8332265554289267
5900,3200,-0.3339716638019074,-1.3240321026487418,-1.2488676293242538,1.325469083933599,-0.7970464629763717,1.2613435751619313,-0.2826795445245921,0.428031877721382,0.41993950269157687,-0.37162057337417165,-0.8288556488657423,0.08332663502632345,-0.29195478972982686
5900,3300,-0.22743722559787613,-0.5851854811545011,-0.3759562929692625,0.6678978029159606,-0.9422617898894666,0.04652495411286207,-0.3924609339196925,0.9720393384251665,1.4228586408462949,-1.178219063368795,-0.28157797768311654,-0.8396348268387448,-1.0229571576690843
5900,3400,-0.3062259331047064,-0.23465065953960737,-1.2229199917399207,0.5842305692784348,-1.1433492901347961,1.2190616836891357,-0.14987218312848494,-0.09989136107281833,0.6516223350382246,-0.9217075880742277,-0.3522313043610414,-0.3904779715974007,-0.7016370820215097
5900,3500,-0.47091368493827995,0.6077534640580365,-0.5662459863514318,2.1805139336049604,-1.2207012138622173,-0.28877523866394933,-0.390951964694487,0.12751368753803063,0.059763645859433064,-1.1480015755085404,-0.5653889338779312,-0.2653144318759081,-0.6167413952414711
5900,3600,0.1677010323117118,-0.12141956687227416,0.1990524782839752,1.0639765310162743,-0.3341229072713825,-0.976389953403916,-0.5159289011027054,0.3286758170865343,0.32975492383538946,-1.4206070482649757,-0.990875857680904,-0.3782335922690728,-0.152393187424905
5900,3700,-1.1256799266838673,0.7259934348868884,-1.1499705764180237,0.9142559615692667,0.029557432636620928,-0.3156200747868614,-0.8768013077168841,0.577430454844352,0.4212740015223441,-1.3425541445245117,-0.15892244601529895,-0.41739823026856515,-1.2051893471684798
5900,3800,-0.7724281001516724,0.32214804429558475,0.13618203771991474,1.3237721027268299,-0.23576055632748383,0.8196301005191253,-1.1000823202096257,0.23810903002380454,1.1324449671956207,-1.0687134824976736,-0.7140316162495055,0.5258912926153755,-1.254777884497975
5900,3900,-1.0073137954467066,-0.6545977975140337,-0.725685219605411,-0.22187048493742287,-0.44010838877103875,1.3073488324865856,-0.8138819909204771,-0.42373724991599043,0.47655346160481243,-1.25795767816592,-0.6979848111497542,-0.27441266242825535,-1.491153931522356
5900,4000,-0.5361355164245085,-0.3479902817724222,-0.04956148484148183,0.3534681965706092,-0.06785668533509505,0.31635451852188007,-0.580653632510252,0.054780532528952736,-0.5442581274178118,-0.26478162959107177,-0.34663539692861406,0.28740077937818415,-1.4637553241273713
5900,4100,-0.8143897842941358,0.2765671318727048,-0.2576479922703547,-0.04257637902089454,0.4514020306430467,-0.4019148923277499,-0.033763758465203686,-0.7065642744684106,0.04339435829438516,-0.47720986392160164,-0.6109449109332216,-0.5880961445031037,-0.7267506939546311
5900,4200,0.31769101303295577,0.9512646464222604,0.03364876067406463,-0.3426865790261694,0.6770714476750662,-0.20079275547756018,0.9176777418164122,-0.6859722825233989,0.30092720322735617,-0.5026698064786054,1.1101006331394143,-1.4078034199449667,-0.2094170265127831
5900,4300,0.539927461069514,0.8078281774563177,0.936014188847827,-0.6724246801641564,0.663330721893031,-0.5106049987210396,1.4815521404916518,-1.478703832767637,0.48675620520019686,-0.7109309644052686,1.0032370247921392,-0.9243327672318981,1.3184386882794588
5900,4400,1.5943871622258425,0.5921051943271253,1.5279885106712776,-0.2854712971266009,1.2044795255638518,-0.3065898500946891,1.544597587971235,-1.2139057556746178,-0.39956609121302,-0.23754664104016418,1.706978234161034,-0.8990769993111484,-0.2619119102983716
5900,4500,0.6444782091501494,1.5111362750728983,1.508719014268575,-0.14136002687871288,0.4986760127898571,-0.08970127358036986,1.87848517096002,-1.1526284931853996,0.48228205130124496,0.5460528695845343,1.6101259109768031,-0.8857413830526121,0.37798418048668214
5900,4600,1.4995754107085981,1.5326478411721454,1.4150377757348482,-0.0466251606299971,0.4012838505076945,-1.0507698691458542,1.9734078723073238,-0.8688995639434355,0.7379312821443138,1.4675591317736656,1.4287651297917174,-0.5647801443143055,0.3280436980030825
5900,4700,0.6271137357670677,0.9309136413777387,1.8821388065818891,-0.7925867319672139,1.057105344946572,0.009998995382310421,1.4526981814901658,-1.6538338445742284,0.6786178736342324,0.5564441647836917,0.04015208015119159,0.31318594847448306,1.2644853791978397
5900,4800,0.6525916719376218,0.7840212120347082,0.8790394419335934,0.3314698505893854,0.8918849338492937,-0.6795468230062832,0.08351042928232467,-1.3447366997298735,0.5853628884301816,0.0025650856657326647,0.47247336697912945,1.503546346775405,0.5391716775160988
5900,4900,0.5021206564911082,-0.21644914457201778,1.54226322578534,-0.0038195669746719165,1.086493382022314,-0.6826378234158742,0.16379597337869484,-1.1777409467311315,0.3774501941473729,-1.3217186277051736,0.8572941323477983,0.9724572003900416,0.283230399349591
5900,5000,0.4710260214046938,0.14015140544504875,-0.08340359154423871,-0.4069310743601568,0.915411460988407,-0.9315054891753761,-0.058364501916419474,-0.8694764091923248,-0.21351394680847344,0.3505975465645433,0.3836127992426108,0.38617407729812714,0.1172242005204769
5900,5100,0.8081819076010767,-0.22621152229310673,0.029586170475277215,0.07733879060134766,0.9333593626797064,-0.643713924184526,1.5409828541110688,-0.2600867136557197,-0.5622616819806732,-0.576921568550158,1.622706138502386,-0.11799421267044545,-0.012980783401650268
5900,5200,0.15464541678723717,0.2812404091701582,0.06720468429911763,1.2427089471389723,-0.22382440766305425,-0.13821557100834134,1.075265956163371,-0.33424895664890986,-0.24252368273679978,-0.14256436733245367,0.7756044243953077,0.4071914603567225,-0.05296009535738701
5900,5300,0.4167098827492782,0.465302780495617,0.04129052730425945,0.9908438122030392,0.09771188641275762,-0.18180588739700723,0.34896815766232825,-0.1619926497185075,-0.6508978747398403,-0.4805464515300752,0.6894249534649723,-0.7279908039097802,0.4210007451667856
5900,5400,0.9644415588729381,0.3217286889997821,-0.1295872452376827,1.341967892301266,0.49379960769703696,-0.12951158838014226,0.2213185240348295,-0.0622289816808255,-1.2811053666970322,0.2630901920702773,0.41043119925370936,0.4108419123440397,0.3204311750435793
5900,5500,-0.6670485554711425,0.039407690152090766,-0.827515550990391,-0.07832287337492226,-0.4823265466248286,1.0729882216698075,-0.2937727134277045,0.43837129648280615,-1.069184240314529,0.6212195860654635,-1.0613512962225422,0.365122510657577,-1.400346391297598
5900,5600,-0.8778829195348863,-0.06886419923414433,-1.573782926408699,-1.0206060269624304,-1.2339544581897404,0.7783054699392409,-0.8706681948252822,0.8786659544279395,-1.3091643402447808,0.5606646661063334,-1.036958951283044,0.26166081662555407,-0.7020701420623046
5900,5700,-1.4252350715309297,-0.850559454894972,-1.2281589793369772,-0.46547476568965196,-1.3013445626876865,0.5655314582409383,-0.9866362549432197,0.9478202920797698,-0.9471608787426042,0.41523942257921637,-1.374175725421574,0.9761617992170607,-0.36306748635313724
5900,5800,-0.047823914159442656,-1.3166386378262582,-0.6795004769122913,0.5336990986350783,-0.5755617066582344,-0.37284082748825775,-0.677934713306024,-0.08897499132606886,-0.5052535967089905,0.07633842494348417,-0.18281487027218973,1.086883069632274,0.6613976506804616
5900,5900,-0.19710132753320003,-1.176589009262282,-0.5711503272863655,-0.6507831073138921,-0.6057436773469786,0.007927156731624968,-0.7461580383819953,-0.017115099823290302,-0.5773559363264984,-0.11145256188811634,-0.9089586255342993,0.9719912643666343,0.19669984468869672
5900,6000,0.615549646587104,-0.23964178996497984,-0.5856764189638345,-0.5421756446485021,-0.0918025954280287,-0.47648009597956037,-0.5788811775595476,0.24413337836130483,0.2826689483093721,1.7717272615699275,0.14601907451397497,1.6748185183744273,-0.6665068826888835
5900,6100,-0.1017463369519645,-1.015234560511438,-0.39409159599537075,-0.2902999859452283,-0.2834303031783959,0.565927822073222,-0.5799402556937505,1.042909258981162,0.48605116294385103,1.052980207316914,-0.7651030325852556,0.3121163879931404,-0.1988114290239959
5900,6200,-0.5145845313957792,-0.44679765613645916,-0.45980755786935157,-0.8894257536984895,-0.7822712986314783,-0.047130120967938255,-0.5313178446217827,0.2321573663255758,-0.785674872906751,1.3414795709558633,-1.1131323677295062,0.3156442682670361,-0.9066972713454104
5900,6300,-0.6569269436916455,-0.766362571958991,-0.9734731741130471,-1.0556570698087973,-0.24004021294484165,-0.6459087371045668,-0.3724300887384402,0.26016758680527663,0.3321175893033095,0.7827852026890462,-0.27944140536562434,-0.11544262018015473,-0.46634376010816
5900,6400,-1.2594839828837179,-0.932126861455566,-0.38165138563520223,-1.162880849740566,-0.31766922960077887,-0.5280963202040387,0.13831931786192111,0.7470427254086999,0.9445815745929897,1.7754818133070902,-0.6323929884912007,-0.062363788299362684,-0.11554638199664977
5900,6500,-0.24830174193084018,0.01369388520055717,0.05377316408198435,-1.3274693180627082,-0.07035702846645972,-1.2474308862191146,-0.34341293248961996,-0.2200579514996301,1.086479924300433,1.8161331520379635,0.15233285983190004,0.9312166271147103,0.6092160262165516
5900,6600,1.2857072184196894,-0.49726885303176505,-0.22347593722534922,-1.1773335278313217,0.9153112979375865,-1.3894788037470922,1.1621007091607019,-1.6959584646418062,1.4463707626345856,1.9208010305755843,1.3192735091219436,0.8986728806573049,-0.12833308482526792
5900,6700,1.090220205787501,-0.7538008841061402,-1.495005741192735,-1.0443126870825221,1.6398863680057498,-0.7450805120225231,1.2353868602166773,-0.6951599108195999,1.0056128578908694,1.360462352392297,0.707390128313934,-0.003755040995006766,0.7447247979133819
5900,6800,0.66129255216938,-0.35538267512767263,-0.5957494696733845,-1.1874092582578122,0.7017108693904245,-0.5681583017057349,0.41074385344034997,-0.5300216726867135,1.4389527994300761,1.87149266719106,0.9633231982258355,-0.7691320660563328,0.6022433443220665
5900,6900,0.6657416883155586,0.15264864360073013,-1.367844513143371,-0.0850838946825499,0.14178490249211645,-1.2997389675219417,0.8991457684733245,-0.9719716466251611,1.2526135519377586,1.699802434737507,1.2339838070926938,-0.436248343793731,0.2727586388775793
5900,7000,1.1282146975820804,1.17710246750622,0.7600102096586338,-0.824240066886906,0.34684781563527084,-0.9334633564964281,0.3422636383055765,-0.9988717727454891,1.244993910583868,1.4901178271605178,0.9257856483737956,-0.6115497146458678,1.048335075051068
5900,7100,1.5743237510257746,0.8998648430541017,-0.4274383116381692,-0.0813914637562188,0.8426094815943764,-1.1153872408040202,1.351263667793538,-0.45181742254881513,1.8258950779471717,1.6558918738362085,1.2852537380074953,-0.8772531483431792,0.7048170828349926
5900,7200,0.3552649241158421,0.1934693351763888,0.6227067392546688,0.43084204527180686,-0.2102103487151909,-1.3500021890602554,1.5260205072636932,-0.772826249459696,2.0627584029538077,1.827295091989984,0.6906482791293963,-0.9545643242349401,0.6327095773908906
5900,7300,0.712901998677706,0.24963727602745434,-0.03906204478945676,1.0518780341809284,0.306445923013442,-0.5442028141131887,0.634247350695672,-0.6561173950478159,1.1022640814757694,1.6196698421954119,0.9091691135787358,-0.319649032597117,0.10309885444275459
5900,7400,0.7039067307693551,1.1560305874138437,0.48856115623687757,0.5592185193821296,0.8819554586783472,-1.4625390741910311,1.1201623320692204,-0.4821961184388835,1.364441448925687,1.2236920901836124,0.0444153320281932,0.4568143969302911,0.38727158093484
5900,7500,0.1482473691578978,0.617246735752462,1.1911980256948906,-0.38234482193166663,0.5816693692273738,-0.9531850715311767,0.7029524142560595,-0.5585895644437532,0.13712672305811072,1.7745017808071086,0.24579641866403568,0.3337301379937614,0.04128390417536164
5900,7600,0.9275828614278928,1.5895407390268033,0.599757970170274,-0.6079516119484255,0.893723391849757,-0.6821327859324386,1.0665128875893841,-0.5603011224850191,1.6388772164152396,1.2939005743143774,1.053778484567194,-0.4976147728268677,-0.3292327035348229
5900,7700,0.454406726447698,0.6074918092041798,0.25067423665316724,-1.0033976724608176,0.8429061926375717,-1.1330399215895564,0.039103146776414216,-1.1580845266748214,1.011405908174602,1.0524299404510689,1.1485179274441477,-1.2271010405402853,0.08554520551798929
5900,7800,0.6503701920057697,0.8714219841690297,1.7419084986433149,-0.6980045515186468,0.29110193909194715,-1.1337606390465387,1.0149864029465772,-0.6091378127607464,1.3180642351157013,1.5514183317018957,1.074123142545081,-1.5406704606799941,1.4151142155899004
5900,7900,1.3631051506824061,1.3916912243441166,1.4071677551534427,-0.5816416376451683,0.32626156231652564,-0.16454054631644088,1.4541554906217176,-1.2426496786401309,1.829922596446907,1.4439844799152652,1.3568256118528372,-0.9395032776706065,0.9681281334452615
5900,8000,1.3373778964730445,1.300689777232837,0.601326350616271,-0.153712892498108,-0.14543571838730074,-1.225708411178971,1.2314926858190436,-1.288378854889786,1.1555993266846096,1.7183486706009627,1.231147564608718,-1.242071786624831,-0.26542827582935385
5900,8100,0.9583126845746953,0.9294462249010559,0.693642928791202,-0.12477885553477805,0.703602763137122,-0.3499162075021438,0.7068169122455145,-1.179845122703454,1.2026763368962605,1.898686922390858,0.41431547464384316,-0.5410965911273721,0.38867659170496266
5900,8200,1.701290500571953,1.6601348987360312,0.669602330106753,0.7153998606462647,0.44212921566954755,-1.2621111008460744,1.0795724131111317,-1.676032374558582,1.2200084617978442,1.7434419047602183,0.747304131367429,0.7248455753117059,1.0289969004815411
5900,8300,1.6925259017885883,1.684749310125839,0.05075275871025871,0.21371848969861654,0.6112726769050395,-1.5739592162009262,1.3973832918639664,-1.1359022225826476,1.100974666983519,1.2650383432856984,1.1260488374248203,0.27678210288534,1.2645872716215254
5900,8400,1.7562724749647287,1.400330007560662,0.15739985551798222,0.16918632408046796,0.4691759495287196,0.19245171702039576,0.6014917744402397,-0.9786190812752186,0.4228067549144881,0.988397482400211,1.0876225606876586,1.867775308467496,0.8739850949835603
5900,8500,0.8163301074154813,1.4112311744412427,1.401279674761103,-0.8505237278154462,1.5134310601982826,-0.06958772946209653,1.2494990626130025,0.02778019563064534,0.6746420387405673,1.4212878528067427,2.098032746208284,1.093355070535937,1.3096175975667401
5900,8600,-0.30420915969213286,0.4898894851153603,0.28318659246958,-0.8099295728199858,0.9112585867184076,0.5946070772296668,-0.08308730512396706,0.8616313588900623,0.572914578178467,0.7216458854745176,0.2165350538047821,1.5259066681596816,1.3568349345571524
5900,8700,-0.43374351348199025,-0.2518528926689839,-0.32834390936126023,-0.44944627083169475,0.09317927455445993,0.23646695937939144,0.004503995732764021,0.776395028998281,-0.8647209959028528,0.22791242492828093,-0.2496649355730813,0.6376548839912523,-0.3997203701406446
5900,8800,0.3366685449189371,-0.848372442302345,0.5159669484540432,-0.3125129844650983,-1.1603394985512367,1.404078536707854,-0.2782661676857805,1.0475579642086779,-1.0063551581999512,0.6172197563052754,-0.37263212109473165,0.47962565112393735,-0.9682191987198604
5900,8900,-0.8741655920169105,-0.26664076411119064,-0.1259117089878599,-0.13778686803629772,0.37567318758217855,1.266895370760176,-0.45374949392021197,0.07467768220113796,-0.3305674033295649,1.1437359101809526,-1.2954230636546153,0.2967698260046667,0.2143129693192913
5900,9000,-0.3648658505717812,0.03178404224951821,-0.6111289390286665,-0.4908240257279029,0.2722764680285419,1.226689223144571,-1.1923503211911777,-0.3947640798442247,-0.24568487067166025,1.1417562696519665,-0.27148219754231934,-0.6976847955715906,0.48304709441352567
5900,9100,-0.6148805751561818,-0.2081612175373524,-0.0022064447117396678,-0.34702302966373294,0.26876411640400494,0.08571883831389024,-0.7555826885273419,-0.5607289209660647,-0.6989142567611989,0.9775611627911787,0.5798309769361616,-0.9421522732521113,0.3152861670979128
5900,9200,0.5999092523218065,-0.1617453927975195,-0.5501984384133046,-0.4766774981447889,0.6524930825045716,-0.9544976936083448,0.4794294302068631,-1.1778314273929202,-0.6531540938486645,1.4785065938525757,-0.26842560964544476,-1.1658990920222554,-0.3493527698749584
5900,9300,0.8836891481634712,0.4740004848415432,0.9755401494630888,0.08841904497929383,0.4831044959117842,-1.9286063022204734,1.229601056064228,-0.5622801150151268,-0.4630848772996135,-0.22220731664394253,0.83031248276526,-0.9992768101188171,-0.709916612805102
5900,9400,0.4698658019602315,1.2911009359409615,2.229288487030827,-0.4364088810157965,0.7347533806330991,-0.9205744865708175,0.7346289192979911,-0.44948228667738466,-0.1589865042192399,0.8366257372044132,1.735195661673654,-1.6662453888722466,1.1487366719044356
5900,9500,1.2109802152984557,1.2552726850681748,1.1375620280414942,-0.6868002721628256,1.831187449381404,-1.515282353327479,0.7094104669989673,-0.8616009270302107,0.41778151766743965,0.24332875216419889,2.127745225075528,-1.4102984673724506,0.9554515372501121
5900,9600,0.8415085868021105,1.5104876751964889,1.814761181596629,-0.9860103396866049,1.5405369360355126,-0.7250633396684847,1.5263821159221174,-0.6528714194714481,-0.22607360544513713,0.5825044607025427,1.6250521233764135,-1.090313839737944,1.6491669406852183
5900,9700,-0.053262292812505115,0.6989389225012788,1.3135614595366523,-0.5863102459517994,0.6922541692109325,-0.9513003616746234,0.7276368429533401,-0.8508400975659363,0.29675669803130195,0.6774345600368592,0.5052824037576249,-0.7640305406828819,1.6120084412016165
5900,9800,1.3418524453720706,0.8971441833821294,2.1682671194932563,-1.394747465883558,2.0587219820844727,-0.5430226618293652,1.591533949321227,-0.7642769165863433,1.0689033423187,-0.1377443872513871,1.648789139420873,-0.7109586611739008,1.2377784130222094
5900,9900,1.9458663960880473,0.7881969560693971,1.5708022823130987,-0.8557959317274059,1.0968763148478786,-1.4332222782963395,1.343809815674456,-1.0714367278311567,1.706969917780728,0.014794439368716694,1.732324515864457,-0.13561783402000735,1.3192227442309485
6000,0,-0.38560600479628715,-1.0012297648039976,-1.0439081142537974,-1.2840662466781618,-0.8271286815363571,-0.6127652752516453,-0.5790116390687795,0.9090187716653926,-0.8902612783278234,-0.8262511426726561,-0.23738000833703893,1.2560658686584971,-1.2514603750090676
6000,100,-0.7956289627982772,-1.2349355285988672,-0.9108250269826291,-0.4566762186832135,-0.9005162783171264,0.6964030720510528,-0.12440453701459163,1.1230441107219455,-0.6472435849525672,-0.7095823349741702,-0.436822972240223,1.9248252925646026,-0.7624741100135607
6000,200,-1.4354408267450922,-1.3631478718452659,-0.2620292737876225,0.7279178121827956,-1.7049028041494179,0.8324288106687747,-1.2530193206293743,1.449275185238504,-1.1049892464197402,-1.3181454720657133,-1.064860476569847,1.321344342408978,-1.4360930191567183
6000,300,-1.6515373901198336,-1.0548944727494411,-0.9559401949723966,0.27475510555808197,-0.829695391657049,0.4966491550168466,-1.1545378522535026,2.013043910548531,-1.0950020062151489,-1.2544013996470365,-1.292135680030022,1.758375515920962,-1.1087495284900175
6000,400,-1.4142480799768746,-1.0959018342679674,-0.8053995792971824,1.0515495510241446,-1.42735844872494,-0.0983891221322743,-0.9630150917285272,1.6052380096032923,-1.2385888059214984,-1.1818281256079441,-1.4305185880586244,1.5517866534061513,-0.9115604861731783
6000,500,-0.42854748838459283,-1.4214480281890272,-0.9727762884280561,1.4455252567960868,-1.3969404855493395,2.0934262468086398,-0.7390745585301111,1.497480867689407,-1.3387627852299109,-1.7048085079404134,-1.3170615804198886,1.8643960588878048,-0.6729218697736603
6000,600,-0.7722330635842009,-1.2920897822746493,-0.7264916399156675,1.3450546820955342,-1.452671314346995,0.7278883486469753,-0.840045709784968,1.722960072155891,-1.3202598841467486,-1.549740340333252,-0.6490555475007167,1.548624532909996,-1.4896182591259155
6000,700,-0.7736829791304414,-1.8298461072359622,-0.5088846250841489,1.5168896026284862,-1.2620628594653456,1.1158591356455738,-0.94703440458457,1.271570533047178,-1.5223871947042635,-0.9472325295759875,-0.6700593436214629,1.8992297041573807,-1.3728105423968344
6000,800,-1.3397251408234094,-1.540689085575515,0.627733207720274,1.7246124513682914,-0.20432285923217525,0.32489656977249526,-0.8963460171300274,1.6514953822235636,-1.4014424734956366,-0.6483951448492816,-0.28260913718996034,1.4858347176558184,-1.2790950337002422
6000,900,-0.45916648960851325,-1.619629975401451,-0.40056387160627877,1.2677661478496105,-1.0636570709900213,1.6135041641130368,-1.2693187883338377,2.0806977843936294,-1.7424064462140134,-1.8688140044881352,-0.6378830024504776,1.5675017697463642,-1.3953903958260219
6000,1000,-0.7056081672744225,-1.762001631970273,-1.120987340684225,0.8231427425025021,-1.7578215324574382,1.575366619078035,-1.0870993474662682,1.3466909151829312,-1.1473199369410276,-1.2107626214270815,-1.379960391724135,1.5634415753890925,-0.9209457476612226
6000,1100,-1.3568609720791662,-1.3168564574445534,-0.9322565757296353,1.2591463604831,-1.2669322046796938,1.8456699839992974,-0.775410089428966,1.4513148444141788,-1.7350538682153591,-1.2109605082605963,-0.9796507526485911,1.146872291529738,-1.5394803890431408
6000,1200,-1.5827084056864458,-0.9582708408397145,-1.4955674435183013,1.862120062358277,-1.2280358490716963,1.6478151852192955,-1.4502479725512065,1.5455604029591554,-1.0218802102900597,-1.4882602150081155,-1.5103413488902357,1.4900864863755934,-1.523286426561411
6000,1300,-1.8941870412063024,-1.3326784779339063,-1.774384824931963,1.2678852435362593,-1.6259301699328559,1.76495338719718,-1.5345578923250196,1.4178827702960917,-1.2347130484254325,-0.8293399693353295,-1.5179576953029854,1.7908610771166589,-1.157254132793926
6000,1400,-1.50214728111764,-1.9056127262800167,-1.2686228824260792,0.8512936712751806,-1.8480667189293631,2.0747195384891244,-1.3932688391473038,1.3602287376072197,-1.447879169775649,-1.0935009908224718,-1.824990461381466,1.55221619832926,-1.0395743969357925
6000,1500,-1.9530354318618206,-1.8228143355489759,-0.7314603913592258,0.46894047831449936,-2.767428987034914,2.6950687269854345,-1.4325934297161047,1.2520503962882046,-0.6922844017044343,-1.6594284316790806,-1.2484191949349877,1.7941850923479687,-1.3815762561642029
6000,1600,-1.902749255765887,-1.7380835482969337,-1.2160759063310007,0.6496879761165731,-1.2497037000734295,2.450982836647597,-1.094441401214716,2.0567263418109705,-1.594692995899391,-1.8858578921429616,-1.1673689689558553,1.7711076496273723,-1.000945780469847
6000,1700,-2.0470930691526372,-1.428456564615012,-1.4571773961157335,0.5909556718768427,-1.4920221711224948,2.4292270332958568,-1.4946363679470396,1.6953926881379289,-1.3094382925969523,-0.7325783628178357,-1.2468317012933725,1.5954574031482038,-1.5987344739387506
6000,1800,-1.747928310860315,-1.0268165663993163,-1.1511937142309907,1.4157840108569113,-1.6050237623036865,1.9362552282228163,-0.9542297318387746,1.647562321020079,-1.8152144660401714,-1.0865710317041863,-1.620537929872126,1.3971723914680299,-1.3000004304067134
6000,1900,-1.702588258016844,-1.6385440182465982,-1.4797315226787322,0.6444832107618332,-1.1555045913009814,1.4436639931552255,-1.1112189137637463,1.2590393765859316,-2.125277447029913,-1.296686234287939,-1.2407586220418525,2.2262149120683277,-1.800383820371773
6000,2000,-1.4438337208202743,-1.581399917894261,-1.3576561477365199,0.3376749404054827,-1.670857523950828,0.9899310827611086,-1.2570309256269503,2.151220314108889,-1.1430873717295078,-0.49830513008342797,-1.827513672104841,0.9976069108766372,-1.6654643914874092
6000,2100,-1.616224512592974,-1.4749334261928968,-1.1175031815507288,0.09206586788952699,-1.3521349851016387,1.2452871306813116,-1.0007828326761625,2.0332483976066067,-1.7112910310766145,-0.400221057330637,-1.4253362398005518,1.5346788871983645,-0.9513135605290459
6000,2200,-1.5342537129173939,-1.6627597681913246,-1.5129148259783929,-0.46290014954107545,-1.39205307433728,0.8881840172348366,-1.1056335212405386,1.5303591924254178,-1.1065167563639726,-0.3013588348890234,-0.9279259230454128,1.6198773163977342,-1.1205826737908444
6000,2300,-1.364216887326526,-0.8505743888241858,-1.469405110259075,-0.8250538043514238,-0.7704426440509309,0.4193595417974673,-1.4898491142466312,0.9313555687793547,-0.9017512148230009,1.3939681089829705,-1.0241431034928368,0.4724088876192169,-0.9808637226682324
6000,2400,-0.6039582254401554,-1.079411609289891,-0.3904699987918732,-1.10467402426362,-0.6983405602760034,-0.89987811004356,-0.26192912803815355,0.6780507645636898,-1.632277903340026,1.4036124249604276,-1.1094581669174866,-0.5844410177562734,-0.17794940682134874
6000,2500,0.016425433768138296,-0.6511165527541443,-0.4793572429679153,-1.0018238746431056,-0.89438705176469,-0.5190942601447461,-0.2672200288352463,0.4530406139169941,-1.0792302478401903,0.3836673256351043,0.07736553827590421,-0.8142832624266491,-0.7703806669188603
6000,2600,-0.848202682864791,-1.130539940140797,-1.2820961676891656,-1.1472044727189767,-0.8587166851376422,0.33679111521858246,-1.3466109488466598,0.051561231265291274,0.34501454169842377,0.18513846334917017,-0.5710830610728607,0.4824796251811585,-0.6882715264145659
6000,2700,-0.7882657591083019,-1.0268449002765359,-1.831471053370159,-0.8067810359660935,-0.9468302352109965,0.9832492933395335,-0.5624657617336253,1.2408383475432094,-0.5890421579988402,-0.6391993621341896,-0.642541970612155,-0.43753094964512246,-0.530475914246055
6000,2800,-1.7841581706552496,-1.182329112499047,-1.54793779172521,0.47609910959592505,-1.1556305767654902,1.1937736600638453,-1.0733206103300197,1.83893718171567,-1.4316390031639257,-0.48783571689022465,-1.4178171981234315,0.9100834513390099,-0.5164939554722677
6000,2900,-1.666309906765803,-1.3032310474212994,-1.3554010042840043,0.9554202900470217,-1.5171175775970085,1.294552466679351,-1.8350234914420442,1.4554400754915944,-0.5481881859597385,-0.9348730097867758,-1.4036021126497105,0.45114164496610515,-1.0072904969945493
6000,3000,-1.7274617155138587,-0.8106438463387045,-1.570228822020403,1.4809990484434883,-0.928226668936745,1.507483746833897,-1.092842740896034,1.4098959674156168,0.1612843618480531,-0.608043654031563,-0.9691454917939216,-0.9239656907652923,-1.9537590040546797
6000,3100,-1.1716433155632542,-1.5813359165568748,-1.8853818483276188,1.0747642069321133,-0.7244511262315304,1.4102021613051163,-1.3944148562227643,1.0643831741850607,-0.48407868491400236,0.15317847431318016,-1.1438338148472569,0.2181679566624548,-1.49562712907708
6000,3200,-1.4146264593988949,-0.4445783939143446,-1.3574570131457189,1.7091380880515479,0.10829944449361684,0.8784978164917037,-0.6058788135158494,1.0007074908301041,0.4854562568379486,0.8880066738349349,-1.0387700592078801,0.029871267635450487,-0.46180992102583307
6000,3300,-0.7592739297718528,-0.6209984532540205,-1.2244107557288075,0.40625864298386277,-0.7449988036661758,0.17827760186915992,-1.1040813345359486,1.1623345922160873,1.3621360790864991,-0.17590639416430193,-0.9417661403059499,-0.8742023861032318,-0.2665908577983057
6000,3400,-0.7722071147540979,-0.1781428108158987,-0.5215596176858464,1.1346533115950668,-0.6600288908931883,0.21020937854936125,-0.9061476417911922,0.6984766977332041,1.30026535478874,-0.46781283744023716,-1.328640876118035,-1.3090976894626545,-0.516694402463845
6000,3500,-0.04823537251774758,0.8625727271422075,0.12719902015923013,1.0784443791562923,-0.7385879040263886,-0.49029708712306685,-0.1483724576069636,1.1935527522549405,0.482415879754165,-1.541165034367554,-0.38503514316537746,-0.5806121244127028,-1.119956317871938
6000,3600,0.18850638324324775,0.651895383550752,0.3121741598713482,1.726195590548544,-0.4430995381288316,-1.2431751232199142,0.027014952119741253,1.097298497587306,0.6737577904353874,-0.9920016696314005,-0.5360750680210419,-1.0890905115307248,-0.19748187816785387
6000,3700,-0.6332420850580048,-0.46833681227808444,-0.9976868992341308,1.3510885108705282,-0.47261813291513266,0.04469257533076252,-0.8004881116533432,0.24695289336333562,0.24805642523566557,-1.6752488849711555,-0.9683015207857721,-0.7159504534095404,-1.4001125667651955
6000,3800,-0.2542511790528506,-0.1331775901205318,-0.5453465008449846,0.8407614371329328,-0.9618257945720518,0.7262457389845202,-1.4704735468595218,0.33535716251795533,1.0097093933286052,-0.8019438444771817,-0.9013504683878558,0.014825746837873695,-1.3866334133881022
6000,3900,-0.8220222187091584,-0.11792976875109557,-0.5454909928726291,0.5345155247643611,-0.41740153213404746,0.16407011994274592,0.03635383147410587,0.5890394515107924,0.7689459974241969,-1.3448123585782843,-0.4639132785553178,0.40503837770369716,-1.2376498845467045
6000,4000,-0.8227150020727648,0.29377756582528797,-1.0505744507735264,0.9176566791988124,-1.0984639536515697,-0.5136838703387322,-0.46199612228704773,-1.106647595299955,0.16529205484063816,-1.326137719321619,-0.5819402025949175,0.7739084398892494,-1.2658522042964544
6000,4100,-0.06950456498140452,-0.05509781263952466,0.20522480460290043,-0.32052049089215634,0.06491846690937982,0.6573213558350122,-0.6169511548445259,-1.1347337191521025,-0.005893014164217204,-0.38915617491428295,0.20280328711856346,-0.5568905745870205,-0.7697030894209959
6000,4200,0.6494128781232252,0.41302137642750825,0.7764886969134792,-0.8324255660718849,0.6740744338560613,0.02107613087558203,0.6878892268645329,-0.3368416280907257,0.9254568869950948,-0.7016118223620432,0.6322947617135624,0.023078199135338533,-1.342124623475439
6000,4300,0.8436518312731605,0.6749018752847947,1.0427349473662781,-0.1444198914885143,1.6264984527109023,-0.8084971624682594,1.7198937192175232,-0.817790771381453,1.0948564786685164,-0.8449168392305055,1.4162162186566134,-1.1928159920738366,0.703622353334851
6000,4400,0.7330676355649309,0.7360902581453694,1.1151747987019913,0.0619141093684276,0.52887642408262,-0.5652896378600697,1.3595155491630935,-1.1978059220715844,0.9427704964369322,0.37426316570051,1.3958604776351111,-1.4691364191668586,0.26288767740110125
6000,4500,1.9641284418120721,1.3250705090221322,0.8235365555280947,-0.3123955346861093,-0.05036935907877433,-0.09111293451528064,1.0419870354290057,-1.0476743568063136,1.0566482668686934,0.4203423973197197,1.681131669401577,-0.5175097632777975,0.5927717148770604
6000,4600,1.3143857932039476,0.9963703491517554,1.50450178219339,-0.4831562948783155,-0.5295231559351272,-0.033986490176243445,0.8201992154131988,-0.3145683171112937,0.3946721934686485,0.9948895176192282,1.1247822730885286,-0.42128970179735853,0.37970036958040015
6000,4700,1.2206381826470392,1.1810711770801636,1.5362470137799549,-0.03842528237702814,0.17193155730153986,-0.05337966125654607,1.276916510710525,-1.0397740388100338,0.3093588414788748,0.7407429944343391,1.2080464218825364,-0.34817531252727985,1.3345213389477493
6000,4800,0.2425885805871815,0.329123238641701,1.5456849759800326,0.2800913587406814,0.5411379536717645,-0.2609575400289261,0.2947059294331534,-1.0025866497168505,0.3523225949510218,0.2002498368599837,-0.22902344082044435,1.6467681749505858,0.8242825594670271
6000,4900,0.5541550786954245,0.13668740578352587,0.47322073479537274,0.13046262330357994,1.0214411151558556,-0.30884282342648417,-0.4546519404391101,-0.6111245383597682,-0.1904040992032066,0.14326201735689895,-0.05355522229438826,1.3228527927291207,-0.5748592076514779
6000,5000,0.35834480915226685,-0.3174848759118193,0.09578903952458845,0.04112239958301145,0.0734803952906894,-0.5373058224166515,0.15607129795067165,-1.2840156656043002,0.396801451203254,-0.10298937108430754,0.6119325759346825,0.6383572869311839,0.624721306411288
6000,5100,1.0515669375045569,-0.44085796417251444,0.9219094020684677,0.1395023557940006,0.6875436850036617,-0.27661000579918277,0.8978008390908112,-1.4536989887783056,0.1764574583403041,-1.1318576496446195,1.1518815984263413,-0.008069246525954884,0.16953781891151404
6000,5200,0.6011321189205199,0.41039023663309876,0.07332449055903073,0.9776081476785581,-0.3902643893953297,-0.4515154312523171,-0.06595893969728685,0.01221990034309481,-0.6973937098519268,-0.8280824925540152,0.16236200857543728,0.6002889203906553,-0.9137850727205464
6000,5300,1.393136070144474,1.1375754355105538,0.5683888174169389,1.558124563241407,-0.5934390496417288,0.6213101766016543,0.5370266668958075,-0.25095001092002295,-0.10266623256021676,-0.1421995663334593,1.0406047393417763,-0.5661994098622016,0.8913473994301692
6000,5400,0.024051170005062135,0.4738939857352051,0.10265785720771706,0.40346777813014234,0.6166427361643718,-0.2708352756490048,0.5822391422384289,0.4253294639434369,-0.6490881690387862,0.0031247477020164747,-0.3746657403092143,-0.012518160811702917,-0.05847342293474981
6000,5500,-0.21125781873008131,-0.21700480451044413,-0.9018387500760906,1.1406229322247172,-0.219829135657613,1.3377239345307395,-0.5244236608037223,1.0766391781364042,-1.2748036429546739,1.0469444296251407,-0.7874368393143167,-0.11523150011371615,-1.244423983371537
6000,5600,-1.3848061441259163,-1.128944909436402,-0.8766613882674569,-1.1911838634616876,-0.8287997127176515,0.21102279702159693,-1.2063248662482515,1.1224922035983433,-1.122686563883971,0.4300444039238439,-1.2048724694547643,0.17142406277296626,-0.9962191105903447
6000,5700,-0.9047216695460525,-1.2907637733578128,-1.362426298862533,-0.28637827792409415,-0.5923126671247513,0.6145577364433753,-0.23456779246432985,1.024834260841731,-0.5198121164011208,0.27538414850255694,-0.5368724375259344,1.1859102973623448,-0.6518557132621047
6000,5800,-0.772136013314747,-0.9749842915379052,-0.4347387055103482,-0.19421916688426752,-0.8899554042032147,-0.17438944927542996,-0.34596411197906457,0.5292836025278626,-1.243195035675545,-0.33249256957986867,-0.6171795615711017,0.9005066115635175,0.2742828831436337
6000,5900,-0.5284953166971518,-1.144239072299166,-0.5539907317714491,-0.2309542151116067,-0.8074548235381829,0.0006435163724774966,-0.30656589914318516,0.21389260230460092,-0.30753617454704063,0.4147036740495057,-0.18913098393298497,0.9348428258892765,0.9251706470015497
6000,6000,-0.5055344781861213,-0.7995103459545405,-0.769832289798774,0.20547041807229963,-0.8186167273476499,-0.9153087762566183,-0.750422612573058,0.323593638127608,0.7676192676745691,1.215471507955317,0.18820641535292276,0.5005954592250591,0.10977167630708957
6000,6100,-0.3984291881411399,-0.44486793216453324,-0.16163538649296286,-0.23498984946584187,-0.6380750081612404,-0.39814289396268987,-0.4290313033321765,1.3857557113079537,0.921678397433763,1.1156202409759557,-0.8903745130314477,-0.4506087406219454,-0.36129751262263404
6000,6200,-0.5841840478914141,0.30618369375396004,-1.0491531775647445,-0.6381202099298772,-1.1688023431096313,-0.10935932479808153,-0.9114248333681269,0.30740129200645566,0.09547476615521286,0.7492085857571207,0.19885488538902654,-0.10505309390751708,-0.548415187076472
6000,6300,-0.4871219445176091,0.2709006987118812,-0.2884666858563272,-1.5775751366096018,-0.3147772141399482,-0.7234012844664772,0.08713171206277402,0.28926743434287555,1.1420082226872235,1.42534935900739,0.15592621948787697,-0.6922236626913582,0.037393760823223834
6000,6400,-0.9477641487660116,-0.4930027617036146,-1.134962595902973,-0.5622172047525134,0.6346842337584802,-0.024615396364540756,-0.9185952562244747,0.7936691206767974,1.5203422167018832,0.6276527104276554,-0.06146900226735508,0.7618627517596864,-0.21250142385804324
6000,6500,0.12465131831783553,-0.5433191408677212,0.10658655642396148,-1.0849431562000351,1.2651259210358898,-0.8127421132815396,-0.4493841587764379,-0.5175789458979695,0.6188072263131372,1.753786268666604,-0.18890946216396612,0.5198609621990351,0.53652989839907
6000,6600,0.6551978260901586,0.2521624054372639,-0.10410733564995549,-1.184216533004425,1.5315964735461234,-1.5159435448081773,1.0998904566658376,-1.1986282990286503,0.8407620354998019,1.5396085322531416,0.8354191891640195,0.503994321878987,0.9618758575860266
6000,6700,1.0121116800244854,-0.1677048143118238,-1.0756379231210191,-1.6908857243269966,1.2531001809443145,-0.7808293135861316,1.3679068535705818,-1.5157704532859049,0.4801221376748898,1.452926637725114,1.5059593143295469,-0.6090441423777919,0.7369382059151364
6000,6800,1.3661112563254407,-0.7990780288698957,-0.842168060443654,-0.9054440267354722,1.2292302056711641,-1.1917450034455195,0.9112754856497166,-1.276085370789806,1.4821388466770753,1.8469832298938753,0.8210956339645655,-1.0348061736943588,0.8572008230067946
6000,6900,1.1231737290786892,0.5400073700796472,-0.7000606168046646,-0.5542177692305981,0.03957098652968077,-1.6557851877375496,1.4429300484561747,-0.7525273602423975,1.3826251261356413,1.9799498145048247,1.2495377297253718,-0.5596385298233463,1.3727395320278304
6000,7000,1.8331974855267723,1.3013854588764757,0.1875546189965836,-0.31616744215599224,0.9340316521427451,-1.4078749438243163,1.231049822809443,-1.1414335423939737,1.831162915767283,2.036523449060119,1.4393550987520436,-0.7954522981115629,0.8842179540597149
6000,7100,1.735295174612882,0.7480876317047147,-0.26673691953696854,0.03646565685805663,0.3456216108316985,-1.102599404473027,1.5015322859149245,-1.9972728403239979,1.9501231346326129,1.5063770847541287,1.4852863025189371,-1.3194807217812237,0.8323168726245554
6000,7200,0.388133247196522,-1.1137195166406044,0.45538565342743403,-0.018646873162832735,-0.9817370498396698,-1.5411822227537375,1.0716769166840372,-0.9726850308689596,1.7375414425097895,2.393594130707729,1.1066848206821078,-0.6349637620425479,0.952424809577439
6000,7300,-0.19926784983813342,1.1052498112128288,0.26639868436597797,-0.15717610177520772,-0.69011049412444,-0.5659630498458522,0.9750947108476844,-0.5322347648461884,1.9142740951698796,1.7885112783042294,0.19148810259212132,-0.2882724186644696,-0.5772074018117759
6000,7400,0.08605916826095925,0.7154761108385014,0.23148280213325176,-0.28360141545453715,0.7501744244303273,-0.42124940217406853,0.3786917601981312,-0.8409858392895067,1.8623859192702323,1.7706316345996704,0.2332959043972545,-0.20925767848551083,0.13449304317909597
6000,7500,0.5284196563599746,0.6798281004558643,1.044214259779475,-0.5551748095317116,0.08582295125290555,-1.179332742852399,0.45307525226718537,-0.45167583124803123,1.051334414713877,1.2861932298710708,-0.13286579113933764,0.5149713398110285,0.3091895608667207
6000,7600,0.16802870343557907,1.336330246718902,0.7754032656865875,-0.4114591474025236,1.1573702614224048,-0.5216842579871833,1.0306047291815377,-0.38528155362031763,1.5305883545099652,1.8463279130284198,2.032546014501824,-0.4943043290418175,0.9993192400089157
6000,7700,1.0508730439905043,0.5250392857131982,-0.009388718192488049,-0.8103839164697283,1.245667035417602,-1.5180148316983515,0.8893847223322253,-1.2682807736492059,1.4083099556503984,1.7679060279556196,0.9506480651109073,-0.5573382821261428,0.5506139762692056
6000,7800,0.08025640706266611,0.7032881641758582,1.8604139761940655,-0.8055783645985577,0.23629439676999114,-1.4436444448452572,0.8161233219295403,-1.4306734484247483,1.379116734153441,1.5698156057408423,0.7961825498622329,-1.6238574149206284,0.3112009095362853
6000,7900,1.3889305071602767,1.3661201487865389,1.4030527702158802,-0.10268804187889989,0.2425308470059054,-0.8187925565213139,1.1309784867363863,-0.8387361563919449,0.688235464977698,1.7690965970397499,1.4027147012285341,-1.0488809449813865,0.6183636855364831
6000,8000,1.137329699018988,1.1505574009730979,1.2044099432934319,0.2999194189238714,0.3008751354325237,-0.45277186606926906,1.3334423520848007,-0.7390852572569999,1.3741759357682315,2.2840513256974146,0.8741865584017152,-0.7662135482625873,-0.06868220101460615
6000,8100,0.7847199490759751,0.7075820531166915,0.8570043154401419,-0.4275008310999901,0.5985188367011635,-0.7481390537842728,1.2992148929802736,-1.5291130752240565,1.6152709548560118,1.4290142331762208,0.7981708370051555,0.0725407625125463,0.9669146754136424
6000,8200,1.5443290164637826,1.330737250105564,0.7660055186990229,0.5104699772697661,-0.06904729283382742,-1.181354162285529,1.3728260392091953,-1.6475858953216929,1.5117216237106477,1.3497277543400499,1.4718221918998535,0.06936996033125095,0.7292322256029032
6000,8300,1.2866784542766407,0.900793938881828,0.9579830152925762,-0.5612330414666787,-0.32329425360953823,-0.924544910495942,1.7324534969337708,-0.6912422217391424,0.6887115421261344,1.1934639985190303,1.169975518886951,0.19871243001468789,0.24802674895672944
6000,8400,0.6700729373802731,0.8081451552313013,0.9495524769825526,0.6882092454734129,-0.4635788089919902,-0.677185033914492,0.691632289952996,-0.4652918194682992,0.39028566366619044,1.4950704743477188,0.26084530756132585,1.0987371874623955,0.5829811555363221
6000,8500,1.0627665778170117,1.7757229517391848,0.9991014027039449,-0.10298216863720681,1.3003790778411268,0.2890938449177292,0.31137231520895914,-0.34521305187402535,-0.4358495526381751,0.5354095842150675,0.2375028828607717,1.3365234473018317,0.6479665772212982
6000,8600,0.11028929013089461,0.4587584075165363,0.041966478175877696,0.06094381686449836,1.5268423197066718,0.48528801981779834,-0.09229955307087359,1.424102929853396,0.020144567559134963,0.7447638735479875,-0.05871955557119353,0.9164183264743366,-0.33694380584330513
6000,8700,-0.19536894101061014,-0.48614649600766524,-0.3904860674185169,-0.40013699056686614,-0.04078576918226115,0.4100423909323411,-0.6106792616295187,0.6888136555569556,-0.9583656099308899,0.2627597746549244,-1.0012784695582548,1.6538052515428603,-0.28372982478591796
6000,8800,-0.3198596272261154,-0.6196342021625761,0.15456877411898914,-0.1018707169513551,-1.3471674019635271,1.000236473781783,0.28253768311015215,-0.08506746884254776,-1.0013444344471965,0.7293343133555131,-0.08559410978247882,0.6863278839804449,-1.2560836222200644
6000,8900,-0.14592825169591253,-0.6924742897075336,0.049259570641655356,-1.1285245853274908,-0.43517796599623443,1.2915023206006493,-0.46201610593481585,0.29158448717512464,-1.1890209112281227,0.9756941957524099,-0.6921954588093079,0.09414354187545095,0.500021411991823
6000,9000,-0.1047509744384015,-0.40832857819447277,0.03967119789762389,-0.5976652783718844,-0.5318421119505122,0.8487073795001019,-0.6807853017428006,-1.1359490450217606,-1.1534916589517215,1.4559130639876603,-0.4843776722066484,-0.6635566041963636,0.6565312202320789
6000,9100,-0.3454520752436937,-0.861409136592987,-0.5659514647214526,-0.1712826902384482,0.19414050930966023,-0.7915948345621105,-0.1667129880689214,-0.6012139103106093,-0.2548589620747312,0.8709019121885964,-0.30978450318216616,-0.8094291297610366,-0.36516524461839733
6000,9200,0.6562038275024467,0.01927522391449874,-0.1457952190366952,-0.678346086663824,1.1362612765276616,-0.6157953085342948,0.29416342255675326,-0.14030782411938436,-0.390688495402904,1.5824563991852705,-0.34394408156637246,-1.3930033463741003,-0.2563317964558729
6000,9300,0.10905605355085024,0.11448712423482023,1.1988142418956858,0.14051706202365044,1.1633678907892004,-1.3922461359601153,1.203934451157327,-0.39548816365833644,0.19518860073177796,-0.4080565755771995,0.9754042240863309,-1.601615949373845,0.3058364318072539
6000,9400,0.5013391984779995,1.4788562916917207,1.1885765341704977,-0.4372824715933749,0.9975789692468627,-1.1376567352452174,0.046520246006372216,-0.4813213951454123,0.6973474879905018,0.8177439614926487,0.7590746089434441,-1.4607221356877735,1.6572989261845874
6000,9500,1.7802143316470465,1.5427913056428388,1.8931220263769728,-1.0188282440756569,1.6404104275061562,-0.6426876455143551,1.1003261237763073,-0.9134219466310352,-0.3869465094886436,0.035235914323175556,1.544014425130416,-1.6343884370823578,1.1232124746685583
6000,9600,1.4987872082463793,1.559478922371171,1.5067186642799018,-0.8195332198432942,1.6529631270621035,-0.4012266964725249,1.0428606255257016,-0.7643136578551755,-0.19156596821032063,0.7715457858109666,0.914144665874836,-0.814134563062654,1.7342144060735853
6000,9700,-0.24658311928415821,1.3595483314542132,1.0343476861439036,-0.9014128930398945,1.3287893392108558,-1.1382337902098953,0.5885727411777985,-0.73944030147122,0.20136322594380152,0.610414139818577,0.5694582523094489,-1.1035722371091579,1.7409482879049802
6000,9800,1.164412055983183,1.3216765651547713,1.6140041166384673,-1.0857056937701235,1.2442435273148267,-1.235633194383451,0.8888067819146903,-1.0334223986046087,1.1513130531663571,0.5625429757844298,1.3502019727051553,-0.7373434574962636,1.7548645832941883
6000,9900,1.156336134342755,1.1489674409485144,1.8297239444217235,-1.092466190482075,0.629105645386822,-1.1442468983529095,1.458677703228754,-1.5037352728784152,1.5578223258932855,0.3401780118742247,1.4680921817729604,-0.4491162239617607,1.609590098886017
6100,0,-0.7970740521088622,-0.7693329849357031,-0.23094327609977125,-0.7139959525688985,-1.3571771705891535,-1.0555556298697708,-0.5079701492090679,0.5627014717671996,-0.8016455935931992,-0.5845132331457588,-0.9897713032128014,1.318183281122954,-0.6723314752533431
6100,100,-0.9328342325067717,-1.1556950098111642,-0.5345064134880372,-0.7138887344479938,-1.5037090142143021,-0.33182418153353427,-0.40902374391607965,0.7796310933016672,-0.8621788684066136,0.18837742441247532,-1.0243246241985136,1.5568140709077174,-0.7613907466093377
6100,200,-1.5174969229488944,-1.3224302453588703,-0.9823540293275983,0.7664626740981125,-0.9460968724082127,0.34324931812028286,-1.606247276131781,1.9895323941393825,-0.7278364369226326,-0.3575899937990447,-1.2804575674117706,1.6799438938587472,-1.311021481245835
6100,300,-1.2434342973794061,-0.4418122749385553,-1.3443747142357139,0.6470349555144991,-1.0051417430008005,0.39132536571223164,-1.3654867033708746,1.173966889937058,-0.8179325854976658,-0.35818049491122766,-0.7078584604181134,1.9135401190324093,-1.1640620663542192
6100,400,-1.3421393908496926,-1.608740275508934,-1.2113485758875462,1.8931258842893337,-0.8724942228376451,-0.31977746623137704,-0.7717664672069726,1.5574283501742463,-1.6332901616503066,-0.4021821640284208,-0.7538883368251049,1.9336030588581725,-0.790991059965774
6100,500,-1.2114405244042419,-1.3687332667624212,-1.2801737082826632,1.0529123408276144,-0.9618072031044395,0.44541120485574964,-0.49607578444401523,1.2544249551282276,-1.179989385773218,-1.1290877814791798,-0.6171009416995507,1.33287014828916,-1.3712457428225087
6100,600,0.05217442099741173,-1.4010378147804532,0.2179912139132472,1.670194247386079,-1.1610323052094782,1.0196367993446667,-0.5036957103384089,1.7055943465398866,-1.2065709757477,-0.20613951652864856,-0.8269614793793522,1.4362490539040476,-1.1800598238946556
6100,700,-0.35971795827366115,-1.8334766024559195,0.17146469199466174,1.4539649784695388,-0.9206787209002512,0.22527448965387195,-0.8601942726277765,0.6533998127760997,-1.8209328063840453,-1.029853654434279,-0.42401342109011364,1.1925426887649269,-0.87633360244262
6100,800,-0.6652224707579034,-1.0324647756257732,0.7557672061442742,1.1811689275039345,-1.380301173448558,0.9075924459526046,-0.8972166533637003,1.3054579916099833,-1.8648742702179817,-1.411641246613166,-1.188175749840041,1.9599644121898792,-1.0213619120592927
6100,900,-1.0088778268888,-1.5342320649627752,-1.1240493328064736,1.0919552261375305,-1.734972667513339,2.1856402786374454,-1.9314099400604625,2.3366650462246605,-1.4725022341151133,-1.4326492743840564,-1.5963813833815934,1.8689409962848458,-0.8188933204170623
6100,1000,-1.467790882864402,-1.6472368193127542,-0.5871576483185234,1.0718490146657553,-0.9885189975698266,2.0738622501686894,-1.4250910587610541,1.2292774517049632,-1.3238748355804613,-0.9147820257721208,-1.0306474915113182,1.2518044731466735,-1.0469327282234897
6100,1100,-1.8658541511582514,-1.3187469650532369,-0.6154722338948294,0.437811559856083,-0.8428818643934947,1.9193698632588778,-0.9838785125741739,1.6123145258547813,-1.391192707232586,-1.6288396646409484,-1.7493879437870055,1.5260971042197857,-1.5034388277875605
6100,1200,-1.300317219585492,-2.034812401908777,-1.6953827689204297,0.46087693249527817,-1.0681290913916188,2.1117530693292865,-1.2851952732394807,1.7031142035049232,-1.767449316895531,-0.966595102482035,-1.3316862241091314,1.5304594046608515,-1.3566125266297155
6100,1300,-1.5831167382512628,-1.6087417531167454,-1.866251297744159,0.850232859007463,-0.9678109700085521,2.0101386541952095,-1.4245400745386738,1.829610864525871,-1.1893335479923521,-0.698037601793264,-0.9801707815785875,1.5968811742827693,-1.3232915077448497
6100,1400,-1.5210932521601555,-1.5508349659225282,-1.7376659445229183,1.6553614164880264,-1.6252366517611732,1.901871318460383,-0.8453122976882763,2.1606890162510823,-0.8077348486596396,-1.8602745786900061,-1.1658401748591019,1.3632265737679778,-2.05744074944568
6100,1500,-2.0643176469226288,-1.433950575998687,-1.5086283685320998,0.6806889340662841,-1.1662169901779216,1.636977128082485,-1.6975401546458542,1.7574026513095211,-1.1364298088719802,-1.5313487080042927,-1.9247760133131375,1.4912134893999192,-1.1971966586735476
6100,1600,-1.7947035549107968,-1.0096096924080464,-1.4948933119421126,0.5451082406035787,-1.7826070600460884,1.972634364221826,-1.547017175218301,0.9978248189480632,-1.361884464653723,-1.7800910368226102,-1.5022641973784399,1.3781428967027751,-1.7489044486665968
6100,1700,-2.2059549419305307,-1.5608357243507502,-1.909388294108782,0.9291095287785361,-1.3152744557793754,1.6901514902414383,-1.1675380603303138,1.4997295548536371,-2.171336580748188,-0.5084009202040863,-1.4168130585600804,1.701734809454876,-1.5728568587979572
6100,1800,-1.8383996418246802,-1.427268824354929,-1.1682188584164692,1.5765707334310668,-1.1874071571180502,1.5066635979302117,-1.9664438457323672,2.0250195277064056,-1.1980078632675684,-1.3295335662444108,-1.6306669541532703,1.8424819765480527,-1.246495675771818
6100,1900,-1.1418820010566701,-1.4912968020864008,-1.5141060441697207,0.7371002554091494,-1.8129367309282065,2.1619314697896956,-1.1308321767382778,1.7208760658510422,-1.5733577870174074,-1.5052409709168457,-1.1954036944717328,1.8477486636612714,-0.9784960223130272
6100,2000,-1.650215141050849,-1.7015165187985668,-0.9654018398318676,-0.693246947718186,-1.8468744118556466,0.7180723458441374,-1.3727874451216102,1.714131059746449,-1.4156495304187386,-0.6238604595944475,-1.3483339183227738,1.215238927459498,-1.3808007367845503
6100,2100,-1.3473255035038574,-0.7117785462244993,-1.5381279445154719,0.21389419764691786,-1.132932795472867,0.9065883608927453,-1.1318692121522076,1.9091556435039798,-1.6861842611805067,-0.7995038879764989,-1.2989536543143845,1.9316880053932535,-1.2799259279322612
6100,2200,-1.2794488966691702,-1.5882023336224182,-1.0112106999026003,-0.7010011616598291,-0.8791586060833428,-0.11220747230095705,-1.499357266088137,1.130749559281016,-0.808305667029646,-0.14226624503057964,-1.3453928797592467,1.7243422770723824,-0.8975781387369588
6100,2300,-0.5888217996238952,-1.2582483288176143,-0.7482583962495539,-0.7754200041688433,-1.153289885474101,-0.3101831148765444,-1.1028175451581175,1.595662184058456,-1.2324833746808042,1.0866474202737209,-1.138197935991014,0.5855698354553224,-0.8154390291340647
6100,2400,-0.29101371299674034,-0.49685165537471987,-0.8781726435312225,-1.7897977045332198,-0.8465942220792387,-1.0453377389623926,-0.24203433612393652,0.9287100172384132,-1.4278422210175075,0.9738450060236202,-0.8861226528005577,-0.352464498170479,-0.37192251448904395
6100,2500,-0.7960464404438128,-0.7524235571383914,-0.42939295649497783,-1.4982295353034019,-0.6615673479740716,-0.18304381378870863,-0.5009142467200158,0.45905208688393045,-0.19326145138111905,-0.43830517581294004,-0.036120044341934714,-0.6986922312313358,-0.8603200730888302
6100,2600,-0.7582419657834102,-0.775207869248649,-1.1686620556017244,-0.39140285985457046,-1.1622420234230968,0.5565549941243852,-0.8936373741616612,-0.18117179282515897,-0.26423621400940256,0.06089005113162537,-0.9399563432164055,0.015189121870546982,-0.7785329247510903
6100,2700,-1.3411375548991713,-1.273771248165838,-1.2208792691314834,-1.3346298730821418,-0.871385560463521,1.464003042630034,-0.6863433748764004,1.2589184180667619,-1.103396999041453,-0.6390544981242379,-0.4340778010744257,0.2004550037760827,-0.6822849969851289
6100,2800,-1.4917095443659965,-1.0139302387181346,-1.3574063076035252,1.070183561316753,-0.7829762521688669,1.79280217296482,-1.2709117594897248,1.4953514784350606,-1.3040994721987411,0.7135075072581742,-0.9425465016609309,0.42355852154510093,-0.810067044029237
6100,2900,-1.5232991006312993,-1.2541263795363862,-1.6495017702073507,-0.3238821872451784,-1.0561488680072872,1.3901239022278735,-1.274420885854771,1.9726755514817687,-0.19683408061914803,-0.1327255688661055,-1.809599336356966,-0.07335038690104473,-0.9579698609560561
6100,3000,-1.0971254674321287,-0.7693004219019738,-1.1606705570269555,1.3023128696298238,-0.6416765642960847,1.4392194561252698,-1.4185049212072067,1.5315140708020287,-1.1261111446367595,-0.5400171843025126,-1.3558665212566874,-0.08068684871556327,-1.3275265683229178
6100,3100,-1.4008909254882855,-1.7225594465257859,-1.7118317884951466,1.1361668716338258,-1.2293220989736797,1.9337540988991437,-1.217486516021828,1.5766171109185596,-1.1491996138668443,0.20886381881830055,-0.6201948620457208,0.21032565673707615,-1.6265671797942076
6100,3200,-0.38570393612197745,-1.3196701524708514,-1.7217791536317377,1.2142646509641744,0.26089037568290735,1.0820185748695272,-0.8433832238169455,0.5653279853067906,0.9183504512598928,-0.4231003505543037,-1.2014262707846446,-0.8312840874170141,-0.2525255309786194
6100,3300,-1.028642617732109,-0.7088477333633323,-1.031374534057698,1.10212449662563,-0.7508572885707298,1.0100602418330213,-0.8184485542891282,1.608477931471593,1.5336778728650133,-0.7588528845893002,-1.2508167001647617,-0.5349653554602043,-0.7290952163747545
6100,3400,-0.2923768773913113,-0.5637623694567601,-0.5583827265661804,0.8533702570507617,-0.6015946575665259,-0.19163465204143854,-0.34634115391779163,0.2742899095288121,0.8592117952773013,-0.5501224971527392,-0.7665610772127716,-0.32930147556952166,-1.1111597743947148
6100,3500,-0.5317607464542679,1.8026230357131845,0.44630130053853706,0.84069960721671,-0.8507976651571455,-0.4007740750028057,0.16112155186533927,0.7634031511424992,0.8614942883948177,-0.6192246937040233,-0.360072612527751,-0.06530788810815748,-0.9781663216530181
6100,3600,0.1321116777540122,0.6433503647191183,-0.29813311458643466,1.035708046207913,0.3096184119259905,-0.36369735922023416,0.07328840355421766,0.4757770994352013,1.347799505786368,-0.9368611541129904,0.15248910574994656,-0.8544003047918356,-0.7374916248251224
6100,3700,-1.5155592924675951,0.13900009426067217,-0.7390689612191974,1.4816249396873684,-0.1137850154879101,0.37154146923979897,-0.8763821807168557,0.6257900210743887,0.7528785168574162,-0.9184174401629591,-0.24444294230051156,-0.43147478601845685,-0.5738836508556688
6100,3800,-0.3135473762221359,-0.10292451191923435,-0.8549495075325193,1.8397278817578997,-0.7601658397805833,0.659854958669676,-0.5654317109869272,0.1696131227147824,1.1507549765621876,-1.3429760141569473,-1.0145154245268426,-0.16698018583840396,-1.0575973943222756
6100,3900,-1.0214365581846843,-0.6402832564858515,-0.7257285770713525,0.04272304576197603,0.26934391865696894,1.3183483115692671,-0.9758384430037269,-0.580065228401614,0.8829495918779262,-1.7814240060572708,-1.0175361516154802,0.44552695207895665,-1.0077633902577123
6100,4000,-1.5177502973854378,-0.5518647167341346,-0.41305158178994705,-0.8381565331916296,-0.3061483980716825,0.9133777757798933,-0.04799455554561432,0.025817485387517092,0.5852560029780951,-1.1932869065452094,-0.7279361191042424,0.45238355033157895,-0.943866686349256
6100,4100,-0.10654430078623314,-0.24450020400496186,0.4825671081542406,-0.018517912507286828,-0.02812921891931884,0.760901022461758,-0.32285396264130206,-0.4735357877298837,-0.07711829224107687,-1.016957962022104,-0.11957637063460357,-0.7727886927639223,-0.899825378291563
6100,4200,0.6337176642022141,-0.19602741339123347,0.4998916452992031,-0.38970572723093505,0.17970214996039718,0.11500528431396108,0.6723238618030329,-0.7417817579526091,0.48703868591854915,-0.42281617119791626,0.2817206306701126,-0.3925408703484232,-0.5917636296927503
6100,4300,0.5265771213486973,1.6314626837911674,0.39054071323115525,-0.6245406764635698,-0.018413582861212648,0.28935594941741666,1.3176503469950633,-1.2391005112305877,1.0777916657470714,-0.967360376510122,0.3108187496214113,-0.8144692958601488,0.5627158673173507
6100,4400,0.9063202987821172,1.0810567314855184,0.6553937681756464,0.589492528218651,-0.23836805818039036,0.13572184093977732,0.6016646191188714,-0.3126954618446451,0.3760572948515873,-0.3903363391125473,0.9714816376148988,-0.8546936952550599,0.7264328573488819
6100,4500,1.5872604536639003,1.0117615800340376,1.8098942661986586,0.1547685947109087,0.5992194174710014,-0.2660128633414262,1.0171918190870342,-1.430857415446763,0.9229065659917214,1.3011635682806142,1.167190615729728,-1.4150047838979172,0.6461401277350709
6100,4600,1.1208762380481125,1.2843489989089074,0.8094186184102103,-0.4594705505776893,-0.2026038130848375,-0.5094645741499649,1.2790901897490778,-0.7694510361538576,1.508763411776433,0.974829644067078,1.2949766162734417,-0.44970308252191843,0.08705306155816817
6100,4700,0.9696501021978534,1.6501245020532425,0.42316110654412253,0.26503094451674003,0.22148553193474105,-0.36101509047460073,1.2079173160445937,-0.3117564588440791,0.5578536963210557,0.859529897483576,1.4477795313711725,-0.6718967841698494,1.130181952782994
6100,4800,0.01706540983313475,0.5453910827163727,0.527783846990561,0.10787974233811586,1.0173481702088885,-0.33989661416636147,0.37238121386706785,-0.7607228935433961,0.21883954862355565,0.8337306263023264,-0.030956227813156278,1.1566249122549668,0.2074062533872973
6100,4900,0.4741295768083849,-0.22378015742903973,0.9481743461950988,0.6175782682395832,1.6161761581711451,-0.5039610798051223,-0.027725285811442645,-0.7555430791850947,0.4267371836858498,-0.14725225717710014,-0.2701937473289775,0.7333190463937792,-0.28259973550698686
6100,5000,0.8517961521908206,1.112936080978883,0.10254126818341741,0.5415562433660769,0.8645345210135879,-1.0525685268760694,0.8954552295758371,-0.6577903487999408,0.6025611140094094,0.04323725848961059,0.2776151616751452,0.41392632477492214,0.5211631205076773
6100,5100,0.8996599996157458,-0.14326327991671864,0.6063133816354829,0.27196391205875364,0.9397207844626306,0.18838471562341602,0.7328351737707779,-0.5907424802865197,0.6983366667705393,0.03616530578264016,1.4363183781643007,0.14713636903136532,0.8468400443650468
6100,5200,0.4202077895329727,-0.013903730199730187,1.1051706863767619,0.4212013921562172,-0.513747278206327,0.0746742364528628,1.095984769180461,-0.35388648985184507,0.2795597679206901,-0.8718867261946895,0.746997525644334,-0.16845996066413663,0.6454956388390487
6100,5300,1.6959234601151778,0.510860547859635,-0.16361318677739276,-0.1733598713669625,-0.5005845953525627,-0.7925177626702751,0.8047596800471541,-1.1212030463576086,-0.08005692700580472,-0.02624902774428529,1.3660498048799607,-0.4614024658019525,1.1039665991812375
6100,5400,0.16534918996675801,-0.705584879044014,-0.7126683116931728,0.7306067645082235,0.11254918205531039,0.5278033440399768,-0.6144282124098331,-0.5556474102491227,-0.5523051637720139,0.3242905807968139,-0.013325651012523646,-0.8042178887377651,-0.9109120958773517
6100,5500,-1.0721397999600606,-0.5845140285225751,-1.0269112803660694,0.9780487361470778,-0.6609049161016198,1.3682985119829592,-0.9380492154260806,1.1361821160251282,-1.5382253313235024,-0.4502336169658747,-1.0547528882100352,-0.2830450436265746,-1.4739881964996182
6100,5600,-0.7951326208968958,-0.7113479467806706,-1.0395410874484186,-0.18381402623636683,-0.6866404944468887,0.3671305170832046,-1.1731765909710672,0.865436781419817,-1.0263007428207598,0.37364413695810406,-0.9653927801876967,0.5288436063817626,-0.782995264978117
6100,5700,-0.7243402158701212,-1.4664693205564812,-1.0717645505463846,-0.49172880842313976,-1.578298606985521,1.1318497554035065,-1.0825397830937364,1.8408563632679027,-1.0277514118570765,0.4917117394648898,-0.3556657783881066,0.7307572889150147,-0.40664828337834913
6100,5800,-1.0212684672127628,-1.5460618237244077,-0.30406614145639127,-0.30107742947333405,-1.4150650482906153,0.2839529258288321,-0.6468334610090589,0.695237920322946,-1.1340952828759454,0.0746316794301667,-0.47234379831849505,1.499134357767561,0.2107508536621295
6100,5900,-0.3821546421119316,-0.9511619388727816,-0.37228915220680137,-0.2778180211348814,-0.368970877560232,0.048030064946185724,-0.2532476519675724,0.0038806075906977194,-1.026559427464842,-0.30217052277836237,0.006127142484452158,0.6807673482271259,0.18344244623387798
6100,6000,0.44363194736941913,-0.5962163211689062,-0.6396347971770145,-0.03612070891774759,0.5838534666608357,-0.764947490571923,-0.5127117595221579,-0.2696782273295356,1.3263788598953423,1.1093857014766317,-0.28292053519248767,1.0952401550782085,0.29716477839274225
6100,6100,-0.29098149831635217,-0.29004649957117506,-0.5311485281607253,0.07865884932885937,0.2282041950987335,-0.17537431390908442,-0.3495059099465555,0.9222814476802497,1.0598988187229115,0.3031233935138961,-1.556439390070863,-0.016409344159657564,-0.6766027640029503
6100,6200,-0.102914912498962,0.21206550923699874,-0.8041055871102087,-0.753923715184401,0.13775878057071556,0.07247573185051011,-0.3423549275678661,0.20766881875106546,0.34134695776339674,1.0471680047479184,0.2796774496514733,0.2719852881306677,-0.6874814797671267
6100,6300,0.8946184740252248,0.7431181826491186,-0.13324466566223309,-0.8485157023931984,0.6437525213444618,-0.38865650788485706,0.8003374186875916,-0.09768970043522604,1.398565181766779,0.6366530236203299,0.5444802925391486,-0.5805246440354502,0.17919006790397457
6100,6400,-0.4468075233410568,-0.5459572798013173,0.7216862144555138,-1.0482885713598131,0.9556991058817257,0.04912525146822357,-0.2245152832982126,0.2793703740090048,0.4695851278495066,1.4451002321291495,-0.572776385299312,-0.3070151284934384,-0.10960847705263187
6100,6500,0.6213852871733084,0.2976752083725448,-0.6486477378599194,-0.6213614654448798,0.6706946665469791,-0.8471443020954906,0.2711234374088823,-0.46613779950850864,1.562813720402084,0.6350821860246645,0.7845912639000369,-0.5031318902956015,1.3297272858345255
6100,6600,1.4109740236115926,0.32211646053385734,-0.3656033468208144,-0.7317690074145361,0.6623009549323734,-1.5741718147687298,1.8615507937421374,-1.189944531626441,1.057848936348461,1.1778465606941495,0.736807419622678,-1.0263573910538815,0.9118963097835943
6100,6700,1.3556437234033225,0.013787331777465661,-0.403211078530133,-1.0464947168112677,1.4559979993499845,-0.8115809926932107,0.685340007894392,-1.375705520459284,0.9713271949282326,1.6896373194654923,0.898670398589107,-0.950764419382313,1.8646984976961234
6100,6800,1.675164363783926,1.0393303219805,-0.923945345186949,-1.108471245883998,1.2116502482944342,-1.3254999395266953,1.7772323995523878,-1.0590991088512156,1.855203302615265,2.1173730062470266,1.1082715348975365,-1.8697911908197915,1.4615174046907402
6100,6900,1.6078322789499073,0.5973117636248815,-0.8210769986045057,-1.0709943826577624,0.9845245549989784,-1.1703923405243224,0.7975030629181845,-0.7420361435679648,1.413752046525888,1.3909565486331232,1.8303637099505559,-0.582375550361377,1.5783800450718797
6100,7000,1.0585160024702607,1.1627101003609661,0.48299191712140943,-0.713046353040455,0.24985261685642496,-1.1404049192313732,1.5926275788532582,-1.3219893215400498,1.0642843536539524,1.5531145352385036,0.670815817804418,-1.1001412054789805,0.8729015589081275
6100,7100,1.487905561374941,0.7711865708697041,-0.30087785479752005,-0.4222491310029355,-0.18743702810120677,-1.0978405364738972,1.4038321210833076,-1.220109136338789,1.6949572218739888,1.9019706364482996,1.662574220435361,-0.19399724158206402,1.8968585607737027
6100,7200,1.033168101936689,0.37736628035420555,0.7990051914872496,0.07351919762904421,-0.5660460635139947,-1.4956337237979556,1.0799911646119909,-1.0790692174949825,2.011601786394206,1.3174439093609827,1.4046273937509324,-0.4598428084208736,1.199753698534664
6100,7300,1.0074757149646505,0.7263816036201275,-0.22003519298968172,-0.320200278066661,-0.4734301469433441,-1.4003070932965018,0.5997532163810226,-0.6282513086265777,2.245059808088903,1.2365454115922376,0.07146132066937926,-0.09637972417552572,0.5877475906927048
6100,7400,0.5079635933235912,1.6111260386573603,-0.04627757045119112,-0.33594081944317983,0.5051086753782793,-1.0699478237872135,0.18396675988792272,-0.5554440898754908,1.8346460097681356,1.7402517600904241,0.40862339853130264,-1.3934476707109855,0.7976565803416344
6100,7500,1.1826210802511512,1.904067620078688,1.170530478097836,-0.681746488331201,0.7268849300688794,-1.4663119360399863,1.238325131903213,-0.8727460108692632,1.2900565351630557,2.177561122141254,1.162390642024809,-0.33539956380098856,0.9807329970609111
6100,7600,1.298418782434486,0.4184638564357142,0.8180869181300623,-0.5252289301152823,1.541929878018954,-1.404383345279041,1.2779174700973932,-0.41557539950671274,0.6842285657941585,1.8353867791855603,1.5170020001444604,-0.32915749471518263,0.29660614039529726
6100,7700,0.611964818392567,1.3016600025018035,0.9177703958863984,-0.6003164958463885,1.182877245501264,-0.8977300478680411,0.5674660376621303,-0.8080236734851447,1.489116803793443,1.3757121713356244,1.4213158655199665,-0.6583665643702621,1.7149197699491467
6100,7800,0.8359997777426023,0.7482270363953931,1.074320405784218,0.016404922779769935,1.3399452001796375,-0.3121474997691375,0.8752352345517309,-1.0635172154399761,1.6584427330441076,2.0460816396351884,0.9657427229409871,-1.8119214601057845,0.7292598036113841
6100,7900,1.2018519044002662,1.6765463688250009,1.503292066380444,0.011648894149386715,0.7262219305541256,-1.1945277706965758,2.006510428090732,-0.9162658263582734,2.0322814926179684,1.9293096604733775,1.5446038305771512,-1.1084040981114127,1.7089268454164426
6100,8000,0.9857370795280926,1.84854059952981,1.428226139850862,0.09430602324310679,0.603616322774264,-1.4762922206935036,1.505849625123907,-1.4917980852373358,1.5881013388585974,1.9965378535936784,1.777676682413271,-1.1077778681508434,-0.5223089556656472
6100,8100,1.211961526297122,1.4556016668534615,0.699638067313735,0.02448845541361731,-0.008804873815664978,-0.9442391322165745,1.0652164825709454,-1.3616949141870904,2.1963456054623673,1.2072281537586353,1.2169632134670187,-0.1789847721057945,0.2796254691453494
6100,8200,1.4155130732814911,1.897821218489712,0.49692694590004616,0.30039390541379535,0.517314320779409,-0.4168122600453127,2.047603895848386,-1.4527932698243884,2.2903594341649627,1.0256720630802065,1.992180242854197,-0.5941953693490888,0.5174885031775194
6100,8300,1.3842004932628151,1.419489836585903,1.0159426795998385,-0.6059847648045514,-0.36240058971028277,-1.113384507862649,1.2721281296273719,-0.6438924877200263,1.6406925853301395,1.5408625399466118,0.8254744756703283,0.7793083961136833,0.2089543739241873
6100,8400,0.8213558325758142,1.5333898393750167,1.2623153384703312,0.5870198257663742,-0.9378399365502548,-0.6123105394160804,0.4912871733578701,-0.47759082893772914,-0.17089163915071842,0.8725968316948246,1.190352765070489,1.2902198857968539,0.6951655161055561
6100,8500,0.218510722471362,1.359692782176754,-0.4376410906260839,0.1426373802798845,0.5100737429594412,-0.05110038505201875,0.6157722318456136,-0.388517038330481,-0.8462418357553987,-0.04683877823554002,0.4609209660019576,1.4777169443597238,0.37262775745596116
6100,8600,0.1041351438167546,0.7589937650283822,-0.3764827413245886,-0.05303436656452455,1.0383591759348578,0.5406339273268325,-0.3660867118405227,0.5280819207035894,-0.3418525114387823,0.5487643476604744,0.07000617949515081,1.4561956106492648,-0.43292666274680636
6100,8700,-0.7198982803856894,-0.05925623473265183,-0.29380992403471834,-0.19691369099439404,-0.0906236039200448,0.7196614549083706,-0.06925945617030116,1.2393125212388265,-0.8278912106788298,0.7190103475272612,-0.9911165217288546,1.493588203925921,-0.7211043802937259
6100,8800,-1.1060975349218847,-0.20282018101408505,0.11077076858364399,0.14370889377040633,-1.1999918177250077,0.8232598694786668,-0.15664155625538373,1.0739735941072845,-0.8815299986448475,0.8145203726878684,-1.0416481148467884,0.4492101580465838,-1.0425597572778236
6100,8900,-0.7170342303536472,-0.8172240139079173,-0.7168183635176673,-0.7667698279204004,-0.38339159456728467,0.704273468600365,-1.3764728437396732,0.992272214138054,-1.0535948153341255,-0.2930705577318028,-0.14072254101539164,-0.021204803125108765,-0.28560203277803703
6100,9000,-1.1205132993140723,-0.1714803258623312,0.1560214510869964,-0.34427678626652763,-0.8800656858846773,1.2540891173705002,-0.5556458420638838,-0.554475953148952,-1.3807061946452652,1.0059643785180274,-1.1441804090857772,0.012846269212784736,-0.0741607826774675
6100,9100,-0.1766121522871397,-0.26350415309998926,-0.8712876783880459,-0.48539396022907483,0.5222877944570992,0.049241449206476516,-0.20377208712807093,-0.35955528127707,-0.5667669876252741,0.6431258363555843,-0.4143683743512499,-0.9606718989627704,0.3843648455473376
6100,9200,0.6353791593698581,0.27244975999902477,-0.38940592656446144,-0.5634090316991626,0.8706018195662777,-1.104585848407239,0.6505610072866732,0.791748596907503,-0.4579466971880926,1.1677767294744368,0.6451221498847582,-1.19703902395675,-0.48520208710281687
6100,9300,0.8989262090785499,0.7481322432559696,1.40338842317359,-0.33155380076067853,1.155399314251131,-0.5992215497191045,1.4199445951066045,-1.4109130676840786,-0.572361832381967,-0.6106879595659186,1.095014447712932,-1.2516111490592874,0.2221191921220785
6100,9400,1.0900029236943967,0.5977466860506743,1.8647700964480547,-0.9881452655562499,1.1471554872277654,-1.7268239922188169,1.0741887422498086,-0.5145555024629136,-0.3568943026660425,0.0675929479504032,0.5821300837705506,-1.3185668849546124,1.076796974820506
6100,9500,1.207758046481122,1.7910829367757293,1.5801415213775412,-0.7359441112437413,2.200545742632946,-1.35335291541929,1.1761731646955906,-0.9605817284521438,0.27587593577106834,0.4301189646382091,1.4664764479390227,-1.5248243441058196,1.6860565394865927
6100,9600,0.9543430234137376,0.7096724757036847,1.6739146239434668,-0.2892394493618534,2.3839232357299487,-1.053614027042324,0.5469356574344935,-0.5524589255743567,0.014790381789365587,1.045046966970127,1.415108167821802,-1.2190154346591344,2.028109029246309
6100,9700,0.7138603380595424,0.7992672736093499,1.2713001354948132,-0.0011510161444489072,1.838970456806613,-1.4335411060582914,0.35888661820109324,-0.9455221232637416,-0.7353767843774786,0.11262980666957655,0.9237633642761993,-1.1263130062034044,1.5289236619947446
6100,9800,0.7975449441042142,1.1441717319390228,1.414179936645787,-0.4526792731947934,0.37357620249043333,-1.3714328041989083,0.5122569926265177,-0.5710116912058943,0.8839836382971268,0.46518845799065156,1.1216750087078935,-1.0342833053864844,1.9684248568083114
6100,9900,1.5467482944952045,1.1615578684593324,1.9323477758059864,-0.49056033885357486,1.3614068899280332,-1.7294184453270525,0.2640346365654889,-1.55047857836706,0.9829786586678978,-0.14395855420057155,0.936188799860725,-0.9511150786494805,2.098812822799883
6200,0,-0.1348271481836655,-0.7889276331114652,-0.31078540289424506,-0.7581607481263613,-0.9353176853374493,-0.5435062017477039,-0.060350146929450905,0.06368393542866274,-0.7949618253626117,-0.6663364282901455,-0.8625949580257208,1.1096345176007056,-1.0724486517912095
6200,100,-0.19284262549343512,-1.3880756466159203,-1.205653868954533,-0.3447895027126448,-1.1596479632098409,-1.0208488299121958,-1.4627975855743336,1.2232309253844826,-0.9159313333334748,0.15339882754645254,-0.8520872233092257,1.5176318715745807,-0.724984766742462
6200,200,-1.0492021626399077,-1.3037696695599974,-0.3038656109006526,-0.1127127840955738,-1.1521804277754406,-0.07665236229025875,-1.2496544371105427,1.2375605749817309,-1.2616711514491563,0.06284831575280424,-1.096242430835423,1.2300219901532488,-0.6152697296803823
6200,300,-0.8531900132411973,-1.1263373310789866,-1.131855263937501,1.5203973463168152,-1.5414127483901021,0.5033645961730947,-0.9151055885496457,1.3323164544735493,-1.324525697368233,0.08610016182585396,-0.8657500736062317,1.5380069776837475,-0.9483400227284339
6200,400,-1.0819161656517176,-1.8777449194090847,-0.787524352986248,1.2998167483709502,-1.1248374541544066,0.5542586234496726,-1.0332371478045554,1.5247645763670559,-1.5954378071614255,-0.9408022323290803,-1.1956029622270732,1.5667860194166428,-1.3877724859412828
6200,500,-0.19784342541815708,-1.7234057687884263,-1.3390660105045566,1.3530158948336088,-0.9832491231846965,0.23182575274048287,-1.220071236203299,1.2745815879854328,-0.7117226659795636,-1.5055145103427627,-0.5820756086557699,1.5067000431285456,-0.6731628744859135
6200,600,-0.9335602097617955,-0.31052100981384484,-0.25161743130263226,1.6106604305397771,-0.5312473403576231,1.323201093912515,-0.4054001470932691,1.6602877204297606,-1.4431081338787688,-0.5791477026109496,-1.207622637366547,0.5383363815833263,-1.209814829236885
6200,700,-0.7210646848109025,-1.6195312990208997,0.7173921092999632,1.5067244433693807,-0.7997078339588136,0.30113454877680274,-0.9128910471995128,1.4846379393416502,-1.080614728884171,-1.2156648318625365,-1.057930036317219,1.8526697617708414,-0.9499106441597021
6200,800,-1.2151314836617357,-1.272085478615169,-0.30519902701230156,1.3159041945329752,-1.1520240563501176,0.535529174042655,-1.634259995240669,1.0352429670488676,-1.3814989639931405,-0.776002649797116,-1.0491037827265635,1.6482820727004468,-1.2476062952395535
6200,900,-1.09282119275923,-1.3606760795625057,-0.4791462734578505,0.7463761896292548,-1.1928146989563555,2.2530080168023803,-1.7551364448277973,1.5033483715537288,-1.331727165139505,-1.3186804539263524,-1.3871011844857408,1.7941116344225272,-1.01818890306574
6200,1000,-0.574830734459888,-1.0555966199857452,-0.7633965046193457,0.6426361636348907,-1.1873195906448517,1.6832097179673315,-1.178657405446243,1.8280622638424806,-1.1618957937183416,-1.3399914439284526,-1.0503850195558198,1.773039470858104,-1.0756437220997246
6200,1100,-1.2523897171170582,-1.3586331486480114,-1.2324700201838332,0.5199642631467624,-1.3443561660456258,1.6418338034394198,-1.1413096503732785,2.525582004658187,-2.046764549605081,-0.621693679212493,-1.7896609427847423,1.2236972624503808,-1.4654293370301748
6200,1200,-1.0512094630775974,-1.6402121959812452,-0.9272679811105267,0.8660284054829877,-1.1662878822903122,1.71958618944997,-1.2258159663511654,1.644116763912015,-1.83319621148477,-1.5189963494355219,-1.262008758513065,1.9964551895981646,-1.682160405313899
6200,1300,-1.930586796218457,-2.012340948131563,-1.5082791081799545,1.0201931283067167,-1.5498514806326695,1.8143865767944543,-1.2013487294909913,1.2954209899181721,-1.5277717595749032,-2.102603759539128,-2.2349554110425025,1.8495807905742103,-1.238730339872774
6200,1400,-1.6066918368928003,-1.3699284330822665,-1.4393707388261683,1.4788021484981855,-0.8600106922172287,2.1315313053718903,-1.5448390454477026,1.4041341456591536,-1.49609916565767,-1.3999330781608719,-1.4978936928984663,1.5468042067460188,-1.336589083850529
6200,1500,-1.6396232230065269,-1.3283643139577588,-1.7561535401366504,0.8141324721837371,-1.204520941230575,1.7220766686653266,-1.595404007361159,1.3674802721059616,-1.236208644451638,-0.9480777842067125,-1.414328709068639,2.1994076141030914,-0.8840432257870695
6200,1600,-0.9543275738434276,-1.5985635448165045,-1.2032704843737703,1.353208168450855,-1.4378297731564849,2.0986295601068266,-1.4590172886931447,1.5146262097964238,-1.3269165612976013,-0.618055675964271,-1.7653505472835263,1.4030714631831676,-1.4859676276589984
6200,1700,-1.6118801858112848,-1.036200934032828,-1.4675161734445519,0.1513794503814113,-1.0032201613757221,1.5705560836510013,-0.9935050542456955,1.6837789022255105,-1.7065650979813534,-1.3739442334978915,-1.1513989674303444,1.4780585618150082,-1.6509858773979307
6200,1800,-1.6196540104388482,-2.030434192019994,-0.9789754577608722,1.703145804639194,-2.006200761418705,2.152166623037872,-1.2803935903485775,1.8145599470252487,-1.1279516495589268,-0.7986400260514849,-1.8201704268937562,1.3644114956803925,-1.8230673287265249
6200,1900,-1.53500196905792,-1.0901714973343692,-1.1232096923600503,0.7244372007145465,-1.6116004892446532,1.6177397186365507,-1.520129591588641,2.1933655985126843,-1.1614435134449035,-1.0806214711256448,-1.9909266471988563,1.725848941890214,-1.3956677988203845
6200,2000,-1.312056789474926,-1.1743185608483375,-1.7658295210852624,0.479379399253628,-1.7970642830944148,0.6432004597959791,-1.2260978119434711,1.7775600380668812,-1.1007980216642175,-0.48631888458331823,-1.5734507841769083,1.141290185709799,-1.4017014512930523
6200,2100,-1.8707611460459366,-1.9615030394389645,-1.1350226089926616,0.5337110194400647,-1.775142979563157,1.276874972087127,-1.3511493000075583,2.304352942004531,-1.575365684891117,-0.5572318698011051,-2.1898220608937007,1.4894303735582697,-1.174758680518584
6200,2200,-1.4675558265650854,-1.167417671565245,-1.2166001089523488,-0.06359937172749154,-1.853490362906363,0.7688081828069231,-1.339611352829214,1.6740905101936576,-1.1831070064707903,0.7701648911570427,-1.206060976842434,1.5900516378254688,-2.088273572829413
6200,2300,-0.7196584330808129,-1.3710830591321495,-0.5929138393285702,-0.27839138632211013,-1.4030614785018851,-0.32279101539382055,-1.397435470481576,1.4066346976421085,-0.8238507840232976,0.9173247889894682,-0.9865828018022599,1.199334113360175,-0.9997914113816767
6200,2400,-0.5381012142642504,-0.80857187929208,-0.6641522213650333,-0.8861771696967878,-1.4068381706981672,-1.002488821866048,-0.056748655640654136,0.3227626954692139,-1.1270821309118442,1.1931582359714001,-1.1514388710604393,-0.2624303505421911,-1.4934844673158627
6200,2500,-0.877986631144343,-0.4347061424547703,-0.9395900547314796,-1.6289725246805529,-0.46964371254722764,-0.37856332229793604,-0.5652507783783749,0.16428601628112358,-0.19821691443461117,-0.04975739231126989,-0.182600206684029,-0.2615319087667314,-1.0663393394968077
6200,2600,-0.589680973865513,-0.680992738217329,-1.173916284319366,-1.0400283194836553,-1.0886812477284595,1.1651743774645287,-0.5775307854905253,1.0752331296994975,-1.2305192506876519,0.5346372100051766,0.22859669752130501,-0.48066964913793286,-1.1279110545685858
6200,2700,-1.2381203369286542,-1.1390559720054083,-1.685707625806209,-0.9157757401928918,-1.4444780894831575,2.264879530242767,-0.9672848962612405,0.9951032484946368,-1.3367313908752347,-0.1816890747127367,-0.7818867883202022,0.6057942624932798,-0.35068852745346474
6200,2800,-1.1896699821103007,-1.1445649160433642,-0.6627930610802147,-0.9316961583037284,-0.9640897785004667,1.634038964075982,-1.269882764617795,1.9379516274390918,-1.438429366522887,0.016651085857847372,-1.220290645240073,1.2058286801121336,-1.265195831375415
6200,2900,-1.2358075666609396,-0.8072339500996284,-1.192767048561957,1.046002804304694,-1.2354046725253047,1.7039593097563988,-1.5926155641565534,1.7420178073349009,-0.9914589941857416,-1.1477050918893448,-1.2060290429187002,-1.1078147271134928,-1.3100844592272973
6200,3000,-0.9370913314153997,-1.4457166648872435,-1.3108776219250138,1.1677840431325575,-1.1689992479706237,1.5938905590946377,-0.7431693651819088,1.5166325954610864,-1.345912834405099,-0.7992980304496519,-1.0978862941403855,0.0012852642377199975,-1.9055674959189237
6200,3100,-0.6950653154168475,-1.1579094458682802,-1.2421007923911505,1.5666198869559642,-0.7326930960529597,0.24829070516487353,-0.6451254313597105,1.2276688707128718,-1.056293744162629,0.12258807364491459,-1.4529235294209395,-0.017326630337054217,-1.501249117052004
6200,3200,-0.8919374448407984,-0.8812551008514845,-0.9046237780918033,1.8928103656843962,-0.7144341884234751,0.945721486279676,-1.2470982505291293,0.8193471672278559,-0.27874204626500426,-0.0559898876881051,-0.7269240610560865,0.047890447761325616,-0.35000033292529376
6200,3300,-1.2824310723883638,-0.7034794155370611,-1.6161931377022736,0.800754722232887,-0.0670374898898625,0.12151462062684977,-1.0922437411892605,1.5105708904491602,0.9067115507444087,-0.11412569041722494,-1.203830463048934,-0.4864350243589316,-0.48109874960764937
6200,3400,-0.8862266359173406,0.1345301929913861,-0.5716667825608382,0.8162861185883652,-1.1070133467580796,0.16015782545737128,-0.8041633139190624,1.3508731790667088,0.8336010775457361,-1.2668214619046305,-1.3570754334640325,0.5861835923147632,-0.9939158851666731
6200,3500,-0.28139840617076306,0.41189773392195556,0.7273296454836913,1.2361593303544505,-0.674176823755033,-0.3475381098583615,-0.48541194367568125,0.7928912326444555,0.5210064630800489,-0.9063570493535369,-0.4086681596403666,-0.5965998893047281,-0.6612517628295195
6200,3600,0.2162180875397395,0.5317562050316336,0.47741432799429556,0.26106716426828386,0.4097974857984011,-0.288292197318055,0.059267017809186306,-0.0036604202575343,0.8093849040617519,-0.5926227807488514,-0.03478056892866774,-0.11242598193584252,-0.5766360635072872
6200,3700,-0.656807456202381,0.5665266428211644,-0.859796697576303,0.48665747041940016,-0.8959008832103966,-0.39218550523143336,-0.5687119119111669,0.0848453781086403,0.1827747541451519,-1.1067144343010444,-0.36165201482592085,-0.5438936397372561,-0.7955026531585638
6200,3800,-1.0636689793017262,-0.04435488226230009,-0.7111716703066919,1.154974315947183,-0.9720229989445424,0.8717700131163327,-0.8187996270222876,-0.20269743868617585,0.5935476357340159,-0.9114715518717043,-0.680654315552765,-0.0949505398801281,-0.7041337118752575
6200,3900,-0.6117178419886302,-0.5194977564072337,-0.5193199917516207,0.011472916617949492,-0.11858564742377276,0.911312086557204,-0.618414405905616,0.14214905948587223,0.08421334190869115,-1.2479964830043129,-1.2935821475671216,1.5108504239027878,-0.4627916140790606
6200,4000,-0.5704664790907175,-0.054203218621615167,-0.09349294129675105,-0.3241789542471309,1.2619346937236422,0.4949070068971206,-0.5244569814522542,-0.5293334095330527,0.5483451086866107,-1.3469318850292407,-1.1814857566099688,0.06628255201124847,-0.46287055666811844
6200,4100,0.048439935791809705,-0.256552740960016,0.37811637785194574,-0.5888522143584832,-0.5914943827412968,0.6123709176921908,0.013702101169192207,0.03786602779756015,0.09346273384929674,-1.152844194168657,-0.36590244293086255,-0.6080092460054054,-0.5858719560214182
6200,4200,0.4227712661003909,0.5184621138464979,-0.05592628147258594,-0.7124454325441149,0.6616484867002341,-0.29085830898273,0.994685049050931,-1.5129272453589901,1.288075558651461,-0.09067463202945658,0.31143637784722966,-0.30088956007224277,-0.6317975006693268
6200,4300,0.431962785822842,0.8833888286156856,0.6959788882300619,0.07923652424141076,0.7772924353784866,-0.4628990083385665,1.1160040530526982,-1.2523074931242282,0.5999054198827274,0.2056094350389192,0.5322111205857522,-0.30897191753397363,0.03084811546784274
6200,4400,0.7854147453483663,1.5629415047076651,0.7992271871192532,-0.26177023373113695,-0.8344924915252335,0.01115885467097753,0.844884307606808,-0.3973074408217666,-0.0428456902246372,-0.04290653786413596,1.6899097782414485,-0.6195674646447866,-0.19535957627643988
6200,4500,1.4538491048322675,-0.07277682962538558,1.2979620676295702,0.8810848690994766,0.4691440471323177,-0.5719126511998227,2.1936260651620794,-1.2008464630883724,1.2654555450848506,0.3513341723675386,0.9744072041877418,-0.8204365098122962,1.3269717366453762
6200,4600,0.8856582371969361,0.8983880540212386,0.8700684646587238,-0.9005638622702798,0.19788119365379658,0.09358364034361345,0.11899545287600098,-1.2952550591502499,-0.054023391257850904,1.4007343866261361,0.6694079263729299,-1.1277756290902303,0.6501396983406033
6200,4700,0.9349676491138668,1.4757805547595537,0.980243938553262,-0.6220982194632315,-0.024447215160671856,0.3314521504979462,0.992642633291885,-1.7152984840828087,0.14603810942553805,-0.05233887909254377,1.3915499385058625,-0.3096087207957674,1.3943382343584632
6200,4800,0.6407429190618067,0.5712106521847701,1.3537765222717664,0.27869452221339386,0.3726371375468837,0.07815279067119253,0.033113502928565554,-0.8550133106132651,0.6732818834665388,0.6689789577198447,0.55049349820778,1.2173910189298953,-0.45029489183245486
6200,4900,0.31025941654117717,-0.14063081826701374,0.9780667537187478,0.6499828982059902,1.1950960952926726,-0.8830714277440223,0.40950659946271234,-0.2709319126493433,0.9657132149653638,0.1942648477867831,0.6036802833034247,1.705050500974563,-0.07339316708400298
6200,5000,0.07947385724986944,1.1561071301178512,0.05517937800174696,0.3222366233772351,0.079342669228103,0.021629576320839835,0.44502652642400864,-0.8972364189824293,0.36488767194832916,0.07221641309406514,0.43562864994926004,0.4311998784028765,0.8404096639755875
6200,5100,1.0210431875424595,-0.12172865537241022,0.7103519994872888,0.8398147735034268,0.8831963421223107,-0.7228350762510479,0.7946589174718011,-0.9529354321331405,1.0773226752485483,-0.9950203684883601,0.8277156607254202,0.005484505568194884,0.6007132402539516
6200,5200,0.1782718749179639,-0.33501352861121253,-0.30162612523517696,-0.22840177214363833,-0.4062619590053249,-0.18969643022340404,0.4785723883362134,-0.6956951837817669,0.6072824942859215,-0.929264127110523,1.0591226023700224,0.11370855793760422,0.7516185158582467
6200,5300,1.6315615319098449,0.6957188497591096,-0.6752675248037193,0.7572544029367506,0.34052179557389434,0.1134699613433362,1.3483406945640466,-1.1819370839034424,-0.6367842408510944,0.06922337828459997,1.6138372465522788,-0.39017172666112737,1.110168843920496
6200,5400,1.2016049676292384,-0.572289929281895,-0.6400555382420301,0.7340130330157549,0.31579891117236353,0.3440576135022193,0.08994901880415512,-0.05439289608539809,-0.7017725438848497,0.20220058962790588,0.3085672874206863,-0.9401932523668521,-0.2073060264263272
6200,5500,-0.5482055604673893,-0.5602829310139323,-0.8860418020036588,1.0477751632159344,-0.10964175808640884,1.8181627701920502,-1.1350634517454323,1.0035521225835204,-1.3548621737791013,0.6501354483940723,-0.8624067576082185,0.34969884181889765,-0.5468609970239562
6200,5600,-1.0646514153576838,-1.200189485592208,-0.5576427810524494,-0.24660171846866485,-0.4155250363750738,0.6372350576250878,-0.23582369663641417,1.5433762619651115,-1.1276553088881902,-0.4136866428854241,-1.263647732075293,0.389419704027595,-0.49009557715865676
6200,5700,-0.9136258065638669,-0.2759844564699395,-0.8453369738943805,-0.11898027401105431,-0.533530608041749,0.05927063133554461,-1.015940730256623,0.3902694824343075,-0.3769332783426547,0.4223414632559898,-0.8672513606218463,0.5640692623397211,-0.8935981087532927
6200,5800,-1.4312525211750684,-0.5950714630406343,-0.8243845785921001,-1.0510741423459224,-1.297735243832733,0.8513434218435442,-1.0443960069210056,1.0534667474904398,-0.2715598538244379,-0.255209629500199,-0.4543047863971922,1.5028069577015246,0.24614715786181002
6200,5900,-0.32923561745208113,-1.3979396489949316,-0.9823166514051341,-0.4456057833130829,-0.22906704845444031,-0.4586784700276755,-0.5897338280594031,0.7620015023083465,0.8541785665566214,0.6385556734533162,-0.6567856527011675,0.7977782305130358,0.7148356405651929
6200,6000,0.2220265749955011,-1.0499140597201488,0.0712270215375541,0.1211820454468325,1.622817352679933,-0.5909454658926693,-0.04517258451600282,0.07452526610068352,1.6831230106828245,0.6733640479684347,-0.017434153829270486,1.5087732542462264,-0.5011438845209187
6200,6100,-0.9181911659791524,-0.10619126940511078,-0.48595194454865415,0.07337773754887782,-0.6701094219647183,-0.45258780483140104,-0.1154005208448014,0.6246510518830641,1.04132115149405,-0.1753483666265281,-0.788620621525456,-0.5286133911001359,-0.1645517782556702
6200,6200,0.0038077304667884617,-0.24849454206533575,-0.5743314398780498,-0.2660189522303654,0.04823324162650711,0.5203083453690207,-0.2085465754588476,-0.3857642981423034,0.810796765351548,0.678063130445004,0.6374462998782255,-0.32971406525824976,-0.39245489783342613
6200,6300,1.9067042112911556,0.532434516754485,0.5560553590984383,-1.2707062683600836,0.7228429238849458,-0.6412480218230929,1.3652350008313117,-0.5507754478814088,0.9339894275731894,0.8596076051523264,1.8197257621535454,-0.07965980546024298,0.5413158091326971
6200,6400,-0.010310002035450775,0.9376220430974699,0.6441229113228845,-1.6814262666302355,1.2793909048967136,-1.143535056087797,0.004621778236691948,-0.2312974834761887,1.2664722615720396,1.5339234977298382,1.1957553205639415,-0.2459140688040688,0.42149070832237706
6200,6500,1.2557259742430313,0.8276031300193394,-0.5676607567626253,-0.8012761544928159,0.37137119956797704,-0.8009412450361401,1.0597065565348196,-1.091292266860439,1.2141629931649365,1.4874332459347253,0.9185967915148665,0.016129281829721457,0.3441726210420057
6200,6600,0.8457844761660004,1.2259867952524497,0.09071839695549515,-1.467276578737094,1.3631635597511,-2.0530660710381174,0.9918799828224022,-1.0629281922268181,1.018690493683851,0.8007390217897912,1.213793755118239,-0.19446563769249325,1.3897910885970686
6200,6700,1.2600743480216958,0.8705158839267555,0.05698796229157593,-0.6424296606296671,1.608919644410931,-1.3025276627392517,1.1137993133941655,-1.1326821123419086,1.0786916554397596,1.3571981202330907,1.0543951729335388,-0.6134619265601671,1.3646919429687885
6200,6800,1.8270447650782247,0.8522164300880241,-0.24045851427552603,-1.5505851455562212,1.524946307159426,-0.9340390735022395,2.1615193169134868,-1.1091370606136421,1.3692799684485712,2.2562324966392433,1.8261674448214527,-1.2021166028097847,1.3564116618590212
6200,6900,0.9473805259365911,1.3196877393095305,-0.5585824491735485,-0.2359414493204428,0.5326383333200256,-1.4624095874884133,1.492683535721038,-1.388434192555331,1.2497169865903066,1.9823424407628651,1.5434708769963856,-1.0512874438616338,1.927749785739094
6200,7000,1.3499313910883544,1.462250616348285,0.8067832931836282,-0.4102462626275684,0.5159124568155337,-1.4737507980705087,1.5963400940046317,-1.0990890835948497,2.0433505576446644,0.9437510157937024,1.4491810281737258,-0.579313867829641,1.838635551570598
6200,7100,1.9857423362315059,1.73208156704971,0.1767790255299392,-0.8270526033938174,0.25659440648039633,-1.206692213361997,1.4145525598426834,-1.0688113208071737,2.065702068849492,1.77579627457056,1.6718798864464681,-0.8782343842803425,1.5158987569081857
6200,7200,1.8217874616298086,0.7312290611262736,0.17899889484432405,-0.06459927938132112,0.5324658285819149,-1.9779299524867715,1.5741408299658532,-0.9370106651226944,1.4981843003571,1.5728847502931325,1.3320087444202544,-1.356462445262025,1.3545859581308826
6200,7300,1.3308736715664415,1.200033231952488,-0.25505216663138214,-0.3289785038223834,-0.21465241457670195,-1.5168140732332411,1.8417207655411616,-0.9185638409804814,1.725627354519888,1.6507424789130054,1.191589124870436,-0.7423070021328213,1.5082210155335771
6200,7400,0.7943601125413723,1.2072242184107922,-0.04955272855815129,-0.47682070874342547,-0.35993460117308357,-1.5762297091800521,0.8656986724966852,-1.4345623430219536,1.7219533256557487,1.708322900799447,1.4442790831134196,-1.2888718147835962,1.0316840311797222
6200,7500,1.269217396709567,1.469726986493163,1.2721962347638396,-0.3187761915768185,1.3442545115271722,-1.2614461500515715,0.5598550876669119,-0.9827622947280512,1.2133594520777415,1.5982273979231871,1.7685015391977914,-0.9559289885685857,0.9615987953176405
6200,7600,1.3814192941720285,1.2559893654635301,1.1527235027895806,-0.8755788694618385,1.201815357967812,-0.8457216811744865,0.6573768820827931,-0.655347314315073,1.1860017832268233,1.4137389881365297,1.0083100071511122,-0.7513566158949944,1.219664122146488
6200,7700,0.8855753033120974,1.3032587938901818,0.6970084379705765,-0.8151658066161286,1.5223207328919584,-0.7148244297197427,0.7914985080443616,-0.9859859034645101,0.703269045936519,1.2591938800424676,1.4362958384587667,-1.3684339657102704,1.2984253710071205
6200,7800,1.13950388587346,1.07144778693265,0.9777028936036358,-0.3643714915562498,1.3747451312114358,-1.1596920368570482,1.4995809292052413,-1.6443147448349733,1.548761472709374,1.8602431096376857,1.734173970983796,-0.8270571086785647,1.0832025657298854
6200,7900,1.6825133823847398,1.427074164941099,1.8980585858975285,-0.034817076054168526,0.437450057460095,-0.9645843384055275,1.4829325107971434,-1.3919669700418977,1.4895611611334525,2.1092211700872827,2.0397619811982075,-1.651846836652472,1.6526300238910236
6200,8000,1.2984099376680227,0.9428909502320462,0.7668480708519467,0.3505814613879478,0.04630491315517855,-1.2454430947580983,1.8866103741868192,-1.0990701615235576,0.4835234811401883,1.7553490002955496,1.7735935337870365,-1.3979863371531958,-0.4648760289563378
6200,8100,1.1252573422520111,1.677543863931683,0.6830322561083569,0.5550979864880249,0.26723917863809055,-0.487982836911395,0.8806569217096105,-1.8772235439746363,1.4986918019024078,2.224884686186603,1.0142037524562764,-0.45863510090514426,0.10030147950481609
6200,8200,1.4516063431258341,1.3505098554549506,0.8862798511532151,0.39318776469554734,0.21865831520738546,-0.9972912533114299,1.6858384626259255,-1.4250427857491927,0.8469150235401246,1.447888623032598,1.0196787630168096,-0.41975270773930506,1.441268574256575
6200,8300,0.8584687830535316,0.5852208435506929,1.4642612208599382,-0.29206013343798304,-0.487903023000278,-1.3614161592538372,1.7709474903278513,-1.1562295401458975,0.9209802217458662,1.8309851677432092,0.5622777520095864,0.19428028491263474,0.8135128059866732
6200,8400,0.9365722829453846,1.1844781115597496,0.8497289562994732,0.857797757443601,-0.2816666199339657,-0.12214877809821573,-0.09646354486307855,-0.6431235712417611,-0.7496350238102665,1.2592207349423992,0.9185768012854668,1.5437915207010717,-0.10778909488690357
6200,8500,0.3815828062778728,0.7856044764196219,0.016925461805963795,0.2769981870818073,0.7642846638179998,-0.3785121573043967,-0.0790744572859771,0.07989947334241301,-0.34932936366456746,-1.0721587798993948,0.4248530001935446,1.2857326546215384,-0.08458717969857374
6200,8600,-0.9699806921811323,0.4611515216458075,-0.7001206037876917,0.5323186841621135,0.49674587913223495,-0.6410255325092284,0.08587941150144875,0.9688635061196689,-0.9591270276892343,-0.9663153164523937,-0.42816233721923924,1.3428270979511574,-0.04811955990941265
6200,8700,-0.6684215107239011,-0.7681227592544346,-0.06917194461639234,0.0003376313650001065,0.26649618816417836,0.6668514249528154,-0.8210539448554737,1.3822269030167573,-0.6898311950361984,0.6018256767308269,-1.1048653368391321,1.1821541003019083,-1.1166994504564958
6200,8800,-2.0079313715425084,-0.6315732687721705,-0.40421783236908526,0.4889768004702815,-1.63949718366435,0.6643221308507221,-0.7580697911779894,0.9240429971696194,-0.34478112240032505,0.28184872073726214,-0.7257415018446153,0.9515080997672215,-1.3293772937916233
6200,8900,-1.2669934731579784,-0.8323602851307045,-0.03623765720568277,0.9952591082704796,-1.2091283604621001,0.3579598551494544,-0.8990332015022964,0.8826300799773751,-0.30372305817514655,0.32835469627451885,-0.6663355302748188,-0.392947975698439,-0.7410710842064899
6200,9000,-0.6520668748098625,0.046186161392903574,-1.0388922751243703,1.2408248220763616,-0.7422870895596542,1.3236267853125772,-1.122748329075459,-0.5964877513253533,-0.9542872601558572,0.9304608315006089,-0.890966745024065,-0.17163702993904315,-0.47872762140081815
6200,9100,0.38216593043808766,-0.4218641570935904,-0.8528422537047854,0.2427775501977801,0.38704123250318156,0.5777726889204877,-0.010381396959071712,-0.13319096994322324,-0.6881359545166106,0.9979780688293614,-0.24689219699849133,-0.7146778608346281,0.1140434134125886
6200,9200,0.34505686605861063,-0.5037688292734562,0.4966886209605937,0.49005306830891465,-0.600057079498525,-0.18568417900488424,0.21836407047427425,-0.4199823383470622,-0.4203002194875885,0.9058671956493938,-0.6863247482539145,-0.917470362256666,0.3104688207042299
6200,9300,0.8790001876658713,0.2550502208774209,1.566921568968197,-0.07157321103704657,0.3259733169814783,-1.143731046942615,1.0434382860511846,-0.6886864647881981,-0.2441205366205637,-0.16040298188345375,0.7929270608038372,-1.726900192441861,0.051502997478163844
6200,9400,0.9538425343518221,0.5407099386364149,1.6428947604714983,-1.2333183991481045,1.2790161801053728,-1.1755841063038321,1.4509833524131592,-0.7758646209992199,-0.2437320705530805,0.3950153084009258,1.0902074845104033,-1.5988581315334867,1.1207387535254498
6200,9500,1.3916181352213701,1.6665071869849246,1.3778395816675335,-0.2556680989199756,1.4632389860988646,-1.5855611790491706,0.9525756380069133,-1.0111218607559194,-0.3961535493666423,0.20371267207489177,1.2797405322472062,-0.8238644133442811,1.485082067392305
6200,9600,1.3527695041891694,1.4848265594418628,1.7384604712927114,0.1063762073703532,2.0511333020170253,-1.0458251230061892,1.1847794068295534,-0.74695188588529,-0.08831190758330239,-0.5526116754756404,1.6948413429253064,-0.9356698556030432,1.5145217986585067
6200,9700,-0.0657146669855204,1.6787949534010005,1.146158516437895,0.4562248402323912,1.5138507070974172,-1.796707980087908,0.1559067806799209,-0.21172165278179056,-0.010475552679936849,-0.8395131951809799,0.5978487633415566,-0.8458366654936575,2.183760687220058
6200,9800,1.0001691895979714,0.9004475052709635,1.8255702329835808,-0.22766370106911793,1.3740713274124516,-1.5741558962352984,0.4464689105641778,0.017495049603660467,0.5980361605987322,-0.6427547397776894,1.2673159897603217,-0.6133210780725097,1.62265556633893
6200,9900,1.3118926619192925,1.3422645101753639,1.5003320001451228,-0.8396105974549081,1.3833348640228973,-1.4488606051233923,1.2006083756750623,-1.4053015354446516,1.248220740651235,-0.1648505324305394,1.1843008195896656,-0.5441235269642911,1.7862095311692585
6300,0,-1.2325334829353793,-0.6575775797060632,-0.7260350735746834,-0.15945711131257986,-0.7861764161777577,-1.4651210483872543,0.2770209945251235,0.3251256464977674,-0.591792790720301,-0.0030747726520075026,-0.013481972058662332,1.3543030213336962,-1.1922979042955253
6300,100,-0.9024673948121726,-1.1421899216297997,-0.4044631841020491,-0.6704377551233919,-1.1223589403169776,-1.0575558162631116,-0.7646016091858124,0.6361978466731286,-0.9119151567545022,-0.5515698530345655,-0.9471021460667575,1.148991638244731,-0.8634015752145389
6300,200,-0.8204250736161804,-1.6588738158155223,-0.8474928174430569,0.6129773864093373,-1.526530218264209,0.014746633435114363,-0.348986881457696,1.101180258075753,-0.8332360658469855,-0.8429924407870358,-0.7326862532198382,1.0398218046613248,-0.9523809577803053
6300,300,-0.5391755033148848,-0.904196609940773,-0.8155448775274874,1.603816140415289,-1.2722778514950117,1.0398670086630342,-0.45817433372817,0.8862877535283117,-0.8370079095654123,-0.48236756672530307,-1.1544616246126065,1.4418893835662645,-0.8384487993268165
6300,400,-0.9331899032886238,-1.3636436349215697,-0.6253919551837641,1.3318347894170164,-1.0668644006733163,0.5617054499547671,-1.17630688626445,1.1991325420993348,-1.2049349893345456,-0.3897239326679149,-0.5849433416843293,1.694470583262872,-0.7578836686828219
6300,500,-0.3807363912238572,-1.264328404767764,-0.21407432117235659,1.9216044141083908,-0.46983038425473417,1.1517549085986227,-0.7786604077049704,1.49405398056716,-0.6021606730261541,-0.37216151030569544,-0.49732387757273183,1.2818849659246614,0.2191573962922493
6300,600,-0.4143613088238086,-0.3131899529390265,0.3762942479699308,0.946534437315145,-1.2993902194148144,1.8049397017565731,-0.8824160693507792,0.914461066162205,-1.077167919772424,-0.7915162840327253,-0.3373013011485043,1.292338248371116,-1.606705063651847
6300,700,-0.4787881483665617,-1.0836653432786505,0.3126465633420212,1.8639429824475728,-1.0883157186975632,0.23125370754727098,-0.6698362839877771,1.5290646259842022,-1.4982253976514088,-1.475681932244038,-0.9321686303517999,1.8615233973616798,-1.0863492515820872
6300,800,-0.5856560593509712,-0.7227824988733274,0.10831142489104098,1.1360748788349564,-1.1229836882529147,1.0743918144491964,-1.0210587845769026,0.7057679330609562,-0.8459493090787124,-1.1455371320128118,-1.1830121538992973,1.701975279456739,-0.802633473534719
6300,900,-1.292231906013654,-1.4585319257167202,-0.6834191394119679,1.4801901406859945,-1.4405793049447606,1.3841882278449236,-1.3532477528229823,2.020771002661288,-1.623754109930015,-0.8524540647104553,-1.2298464913638656,1.1072632387425894,-1.5376094892503527
6300,1000,-1.12095609377141,-1.4170929555988867,-0.6690406077289636,1.6752947622564947,-1.6548512190766704,1.57965563737736,-0.8119690831989493,1.1348954027582536,-1.07835025814817,-0.8799888561183706,-1.291063736221012,1.3187184400158787,-1.8457029663885671
6300,1100,-1.1288903191515354,-1.2967207277009623,-1.2614134336273735,1.22048533751243,-1.2685793613874634,1.4261838992468856,-1.6085469466329312,1.2663319138017504,-0.8710143643064001,-0.7730221184320288,-1.4470817022287779,1.3014923637787457,-1.0952496021118536
6300,1200,-1.8096458013025873,-1.4121731968739861,-1.0342150313716465,1.1163051823111716,-1.712159529722631,1.8290568957970799,-2.012709274339749,1.0994037460107717,-1.6901595913415992,-0.931718316260263,-1.139800544287966,1.7668052838561237,-1.4580837940917823
6300,1300,-1.6030511013060118,-1.7669761050180828,-0.9732273143250512,0.43869589720519675,-1.0939373907133527,1.2383576343197327,-0.8976639358729201,1.6642426531625378,-1.3171552107681315,-1.809899187627071,-1.6451955253931205,1.8448805565268944,-1.4338763677115038
6300,1400,-1.6941697051476443,-1.5691061619087325,-1.063541429673487,0.7591853517316176,-1.2432301836144126,2.0645143209678523,-1.464797257553036,1.564400282738279,-1.7921483751987286,-1.681951159973759,-1.2745209994024798,1.7032235418718356,-1.8856013642082707
6300,1500,-1.6150462798701357,-1.4017834714120998,-1.163145644626645,0.3752827238101269,-1.2888135075611569,1.677993881931552,-1.7668163041859843,1.6147967834575683,-1.4822139510767,-0.8831950540641623,-0.974034873642856,1.7019527507076042,-1.0849279070882063
6300,1600,-1.2880466433451883,-1.5751013909320426,-1.0403864392614703,0.8139452116110865,-1.1622183366497754,1.4919132155326238,-1.3774392630356003,1.467557111388267,-1.5146021642619931,-0.9335471556965917,-1.0135105400796147,1.408592289550229,-1.4811597375124046
6300,1700,-1.518068399597189,-1.8843173426000384,-1.056335906967363,1.4010044263811599,-1.4969151056824186,1.792429873216004,-2.0002213797370465,1.9745722128586285,-1.159345756915642,-1.4679462191489034,-1.857749313501088,1.5924790978505405,-1.8720110450893328
6300,1800,-1.3085783441738486,-1.399030747945624,-1.0091152184391898,1.8182695378720808,-1.2773158425583861,2.3836009843891492,-1.8333028957200257,1.5578591031224776,-1.577004769744488,-1.780209750963002,-1.4675840841262084,1.8215260252146928,-1.519984618442044
6300,1900,-1.1850345893396697,-1.1624967010478842,-1.0407600440085756,1.239319293948593,-1.787374565101064,1.244517139887444,-0.9999158449791931,2.0362548481044835,-1.5657835242448206,-0.6899265507817993,-1.6215488417012793,1.7416722157634368,-1.4278186472874383
6300,2000,-1.941929363939449,-1.3213834185631843,-1.1591858545567797,0.43740167000101526,-1.5768227215410577,1.2778958507197764,-0.8464132803402888,1.0739218236497634,-1.154875783072478,-0.5463894801291155,-1.6852218758190318,0.9794167713832095,-1.0567858225527875
6300,2100,-2.037361320585595,-0.7290300118386221,-0.4976497428834324,-0.061459260991686034,-0.9424389195191079,1.139739803439353,-1.2688313114782201,2.0570945207429108,-0.828349314194922,-0.30072828818908304,-1.185482833419754,1.08235620367458,-1.779209919710858
6300,2200,-1.2090866434953547,-1.3393249615215366,-1.3247286436195262,-0.19953007278797447,-1.800527429844901,1.0191260918669343,-1.1599492982621546,1.0770213204089585,-1.2754971151613559,0.4100163645270546,-1.2934650787209059,1.0329424431998024,-1.3847019434376873
6300,2300,-0.7703025230817393,-1.288061628408578,-0.44604383210653215,0.13157545135050921,-1.1904114750272738,-0.3839565736486708,-0.8214718366937909,1.543291091432758,-0.8950904765795906,0.5649787511907273,-0.7804962376902407,0.8944978789078768,-0.9941239210808975
6300,2400,0.26427631602091206,-1.0445523706386906,-0.031017453559714466,-0.790590475739014,0.0961079259231579,-0.5995721146824523,-0.28134708071043835,-0.3032588578388187,-0.48621730855474743,1.2785027567599645,-0.8643628293523281,-0.28791010274969403,-1.1257847515033692
6300,2500,0.0717353532161838,-0.9898058477945427,-1.5918730736904907,-1.363739355235987,-1.4941364493376206,-0.8437669227633874,-0.9088159705225327,-0.19166866114224249,-0.9203661552498479,0.1052625480153726,-0.7691353566708031,-0.5355083054633267,-1.6355923351665815
6300,2600,-0.6112316506772109,-1.0835235326151804,-0.9582983156883708,-0.9082312191695593,-0.6399593997657611,0.6524857264851305,-0.43167255355854867,1.0445210913473935,-1.0634635910318664,-0.040786827020382624,-1.2004945629705661,-0.5686485394278782,-1.423179473912787
6300,2700,-0.9423927902616412,-1.2488911929936233,-1.4187159632412667,-0.4488690040031886,-0.8716580153842485,1.3008997779127207,-1.2005439962209843,1.945622840736642,-1.677194491000439,0.08779686168760908,-1.2276585536606452,-0.4241070753276744,-1.3992614586103482
6300,2800,-1.552764733744847,-1.5330442223818426,-1.4162480101102348,-0.4915123167565807,-1.1033010705566555,1.8725760815361412,-1.5326395956890755,1.811847100920712,-0.6046907758088059,0.06724146795608915,-1.2292987529567712,-0.08617525789396552,-0.8233944656008514
6300,2900,-1.0354427155621597,-1.2675475416748774,-1.24570714277384,0.8311487599100608,-0.6016501276786557,1.7343148762507505,-1.5734936384596976,1.6245137058802994,-0.8813359764161462,0.10671163543012616,-1.0321722857009885,0.026098260711448877,-0.8966880308939862
6300,3000,-1.4161889617725112,-0.9940500965785184,-1.5959731541481175,1.1154606968332057,-1.1269203087022857,2.2217397570260853,-1.363101762905209,1.3204542370569112,-1.1386660690409796,-0.3831298428516681,-1.5656729900434214,-0.020679112304163312,-1.896479811490073
6300,3100,-1.1845544433052995,-1.1377360630464644,-1.6319682252290397,1.433573695196367,-0.9778778218856886,1.6303335303062603,-1.0267167821634007,1.0278220746504028,-1.0069341427753453,-0.06577432110570113,-0.8013162469779478,-0.4959322434550669,-1.5222281748762554
6300,3200,-0.9307541604690611,-1.5004307727598385,-1.2969277865546511,1.3645449158593224,-0.328463718875464,0.7934223255816657,-0.28614436664581816,0.7858589793022939,-0.309440617273652,0.12065321833409524,-1.4948088008925269,-0.36834571006407185,-0.3089698151953588
6300,3300,-1.5829692412994154,-0.41801448271091324,-0.6854777005900086,1.3974629911136438,-0.6596130607218994,1.123127684545724,-0.7390643330512462,0.66419424599741,0.5244963770360073,-0.7704697486974921,-0.9392373337391757,-0.4568934420487681,-0.29885852224452064
6300,3400,-0.7683261002449515,0.22311068543649604,-0.4189285037527132,0.32561868015204837,-0.37572871208410225,-0.11673090494645069,-0.30387083170742607,0.6544398889556237,0.134505543611833,-0.6144564702827718,-1.4329678633113376,0.014679043055775923,-0.01421069874170113
6300,3500,-0.23115695195164734,-0.8929835662386891,0.6428679293414394,0.9249289951663701,0.22020919175739614,-0.6381377197284769,0.08231435082323849,0.011094475175640767,0.32149239333137225,-0.9288574017507906,-0.027305948723022836,-0.22508000943349582,-0.19733614321823562
6300,3600,0.35770718844577437,1.2835212832518348,-0.03591118497765487,-0.25576293350279883,0.5106492045216546,-0.5619673601893527,1.3146804581187304,-0.27252871798626493,1.0147995186077108,-0.06283210667703583,0.6285260062668374,-0.1470847345005916,-0.5815417381601388
6300,3700,-0.8600766425937842,0.2548204652427183,-0.6543189732684059,0.9252169819465191,-0.5870939454110408,-0.9366072022781479,-0.4672277098346911,0.719477397408029,0.26353076746970006,-1.0608997974932788,-0.6891396825537179,0.10924242457059352,-0.5617224628244515
6300,3800,-0.9651544479057851,-0.2059742028004806,-0.5695081292083477,0.15986569586042518,-1.4345683758314995,0.2160092919744028,-0.8536087755834116,0.6003787155406329,0.5578137798730538,-1.4079848422503722,-1.376899517409187,0.7940236532682956,-0.3250803479679112
6300,3900,-1.2496246135493267,-0.7168900871410115,-0.3962994627635958,0.7947783854388257,-0.042084479869686206,2.1135072281421334,-1.5793809794027192,0.10373818362098695,0.6909375463413939,-2.164022361894583,-1.1617252511383105,0.514752947364963,-0.8224246909985107
6300,4000,-0.8344257433024503,-0.7831416093753903,0.018380514861950113,-0.929884549186326,0.5449383873316558,0.588258355016235,-0.6244665116723278,-1.231635920975386,0.26604324383882283,-1.210135908025005,-0.8012348323500343,0.763887702582597,-0.7141465693737771
6300,4100,0.10058040552077904,-0.01912825594635207,0.1588221452074684,-0.5734890468283632,0.04586253702825715,0.16213001803605442,-0.14950357298266062,-1.2401799255644699,0.27377334129641456,-0.3205499554502768,-0.8648199226993477,-0.7774017758567433,-0.5903261212551529
6300,4200,-0.09727638259392643,1.4480368368506518,0.9862402391058849,-0.8557572314824071,0.12705792253182868,-0.2271140334144702,0.5815843962635736,-0.8961427522713685,0.9632941818546045,-1.1914229536726153,-0.7161974634508194,-0.7080854976668017,-0.25722812642172155
6300,4300,0.41539634764321687,0.41826294664722014,0.6387964922494737,-0.36788063577965946,-0.11563156851306344,-0.30258401379509015,1.2176039425194873,-0.5253612415615033,1.6836171422711488,0.14030446318713147,0.3373602966934934,-0.22445660572464474,-0.6255854534001781
6300,4400,0.8166084079487558,0.49962139683736345,0.45958887638878365,0.20008605153583342,-0.20946458204008273,0.18032566605591532,0.9197209262779481,-1.077534610758252,0.8376323700503315,0.39929070615314255,0.9958479264115606,-1.3525354690928706,0.3676368836339305
6300,4500,1.8287348442030076,0.801807602584934,1.3001892842740066,0.6434891983446291,0.4326736200800111,-0.711176030142485,0.9338541032106658,-0.8709056508518789,0.7346043192231497,0.34145253338702863,1.0877193371207,-0.9829832607459593,1.0202913412930423
6300,4600,1.091085891712079,1.533223531604286,0.5373045085730623,-0.9020532102815222,0.7391425232610268,-0.8783638784247663,1.0000067958287946,-1.5417011922072794,0.6058024695349541,1.220783654485939,0.32529100435594704,-0.060482267628261845,1.054056245746701
6300,4700,1.1480153016376833,0.42680736882063874,-0.16546162547718266,-0.24163173338397426,-0.4274434657919116,0.008556303535152363,1.0090736084315566,-1.0064731338324497,0.18292729511127487,0.32397625857740375,1.3504550749149407,-0.6355592098091779,0.8193880132540732
6300,4800,0.35026285308951544,0.8463095298798394,0.37992011032866585,0.6716318280742519,0.34540981649944547,-0.08308161870833147,-0.09098193095622899,-1.2666204346599697,0.8676271779289982,1.5841625807095185,0.5391536156690958,1.6364601099641853,0.709820572795161
6300,4900,0.2774848312929978,1.4302308497489038,0.7348868593071471,-0.4408201955628741,0.912798955048112,-0.34362574780350225,0.568563097884625,-0.5936955226176766,1.5337944070072733,0.7301946476821864,-0.37002412190430206,1.0181317479494303,0.130886434310648
6300,5000,0.39246781215997706,1.1594835507862569,-0.5962580009663889,0.7880050407135093,0.07365011322899265,-0.046149793744407815,0.20701175578835154,-1.1106267151913674,1.399189284837069,-0.23968340456222686,0.003262307159509291,0.24396749653425512,0.5616076433173978
6300,5100,1.7800690895897662,0.8739511820142605,0.04030502082996064,0.09059026037906412,0.3754685142135749,-1.340578921939151,1.795946477984041,-0.8867139563118889,1.1100516946719132,-0.07975509814599573,1.6605615340604971,0.008770810804565049,-0.3689914925585321
6300,5200,1.5112619511197674,0.316840765432284,-0.18941979228883232,-0.28689349233871575,-0.04780594357944412,-0.08029088770241712,0.9607176890369876,-1.017963356433997,1.078666714680689,-1.0734150314015078,1.3179788685417821,-0.3107705840534272,0.4172173201408867
6300,5300,1.3577612299808455,0.9209139208363399,-0.666248936219864,0.6145174597156232,-0.07750695146562843,-0.5605504290520239,1.174680523499397,-0.4584566068182408,0.049139240935471576,-0.0643882374353128,1.765975792863338,0.1977576003000017,1.329132608630578
6300,5400,-0.32317160740224216,-0.5636215780673625,-0.4469977739066979,0.5014190438612184,-0.5785351998082338,1.3547998513380644,-0.14229109079062152,0.07372606159276,-1.5387407328291365,0.0261449661286004,-0.3893175925722486,-1.0353506100009162,-1.2984809339220078
6300,5500,-0.8835091890433775,-0.7246641400291216,-1.0437367860234268,0.421629205821362,-0.6567055945066244,1.2133760223784813,-1.4240124002153027,1.2284296006780129,-1.0134081198640803,1.0630466238114566,-1.0371325877367072,-0.5206282777383672,-1.2431757928607217
6300,5600,-0.9732260128973415,-1.3352364531622614,-1.2621296844384648,-0.6544409931639258,0.002214256124583663,1.6293479336542807,-0.5849792526750442,0.7710471582660948,-0.610777066092907,-0.90810028611422,-1.2524497557288519,0.43666547932719113,-1.0313252077286588
6300,5700,-1.0908583536287026,-0.5031984859269025,-0.42082446589195444,0.03344528433855492,-0.9351265056110664,0.8556290906923153,-1.115267362465127,0.7426224608414099,-0.9372906194236027,-0.30820540640735195,-0.5464734349631185,1.523099888035548,-0.6018925619386205
6300,5800,-0.815408749349565,-0.8337571404625481,-1.0075749558925096,-1.2405449276547356,-0.944809024192708,0.6350028295904676,-0.5269448990241493,0.5029340964484811,-0.6108485638178407,-0.24022494341009523,-0.9674253429119737,1.3538369569603985,0.10448937805751575
6300,5900,-1.0073789989083042,-0.4678063477082896,-1.2748576460055083,-0.5108659329884198,-0.03175935278018478,-0.5950265914729234,-0.36000702599390155,0.6312611471941717,1.2003413941253058,0.765185176141252,-1.2328035825742898,1.4543860038594576,-0.0620202819796015
6300,6000,-0.46810753709491737,-0.4532035111680273,0.1994899389251325,-0.04857780010748054,1.3273893933602583,-1.3374803136724567,-1.0697723945272606,0.2650562858532394,1.3258559827624434,1.5186777093323018,-0.5417914224714957,2.0479038522046644,-0.42437280683276357
6300,6100,-0.16687468012646167,-0.5786181339424794,-0.2850116094708982,-0.9294290981959898,-0.17821023588719181,-0.26523991973229377,-1.0583012733998318,-0.05710202333318355,-0.11007601215332624,0.10122193520689741,-0.4640146204445417,0.902101343936735,-0.08558956197972735
6300,6200,0.999533526594727,0.6233516794637677,-0.4717614493549233,-0.026312239129203427,0.5637768428638719,0.09447216756599705,-0.020702724842671494,-0.11372123151991241,-0.2811333083319848,0.466401746092813,0.8386331106249848,-0.06704201274558068,-0.10733803425099167
6300,6300,1.3520715958839897,0.766140210223665,-0.14342945883195557,-0.9189181915297472,1.1798630617505514,-1.1269060551580918,1.9629191603013192,-0.7886547912891249,0.7612353477012648,0.8321440211030516,1.2600530278247148,-0.14094281293303682,-0.35085952892717365
6300,6400,0.42830522479389366,0.6480772977388516,0.5703423548803649,-1.047488736954631,1.2667443882364045,-1.3920919517972348,1.2653313676751006,0.14451510286849834,1.6990618165962077,0.7423506990982536,1.020765030510896,0.0961488336235226,1.0071772206988243
6300,6500,0.8204566182581062,1.0814807609463188,0.2890826805706171,-0.7709410595726042,0.7389024476440754,-1.415787891831153,1.026291983232146,-1.08695252912157,1.5838079526853557,1.6251003114419675,1.3656780229227787,-0.690542013706101,1.2277499754054582
6300,6600,1.1418156571210842,0.5661330766965529,-0.27638003938957434,-1.6249041218873184,1.7480811335719817,-1.2214526740119886,0.9691351106560313,-1.2858958626320787,1.5946677656201909,1.571349534252131,1.6238668807365868,-0.6486935938695817,1.438249335536514
6300,6700,1.4465271383946243,1.1221854029939116,-0.00838453627590444,-1.127397152324453,0.40504625646176,-0.9770224749458666,1.275710105021883,-0.8993842276028305,1.1763209002871398,1.5010411310124299,1.1006629199760578,-0.6525037915779452,1.3126855669882316
6300,6800,1.8969760711790682,0.44422529770664715,-0.117844427268629,-1.4584684610281833,0.594386169215806,-1.3446592403373423,1.4302747140762224,-1.5148686277299144,1.1349748317615145,2.0302020765403297,1.8185308252510852,-1.4681095280384922,1.2064015694822243
6300,6900,1.6641258322909331,1.652234931692701,-0.23390208854233882,-0.621828926409421,1.615891105534392,-1.3516983793227506,1.259276811827044,-1.5656788657467045,1.6248335705700043,1.6871722008101067,1.408976179643542,-0.7216423712393089,1.7032188625825213
6300,7000,2.0650290011398047,1.942674896068145,0.7229257825534537,-0.7026154102431191,1.4273608946773326,-1.59416341809226,2.0220362364703086,-0.9596250970948933,1.4921598974597674,1.3247454237108087,0.9974593245459028,-0.892306717230243,1.9319676085602417
6300,7100,2.105636644785491,1.2787400940529945,0.9932462363999229,-0.8877058196289701,1.0601979457687711,-1.4585721418164166,1.4475564834029213,-1.4055763395513596,1.7502413354941269,1.7328847646022303,1.2722171192667642,-0.8050362414671164,1.6290090333319749
6300,7200,1.6863494739246774,0.05360890716329818,0.11308757231018794,-0.3531407314552553,-0.18940314110680528,-1.4064416153499464,1.1984497024279905,-0.919240050968696,2.2195774747859507,1.531466129980683,1.7395260308929885,-0.3702108676227552,1.731587761644061
6300,7300,1.4115841270637695,1.0282781913658137,-0.40975282655917217,-0.4313073492385958,-0.27587320783748387,-1.4030111710707622,2.1152854436854436,-1.5615150274726781,2.2161022745383177,1.861910056881152,0.9830252244432461,-0.9002506348200129,1.2860439552790497
6300,7400,1.0575003920991113,1.0460926013827285,0.26936504628512525,-0.4575777945067993,0.9392558861925163,-1.0585233992463312,1.0307106126988461,-1.6252618744323672,1.3690357439659755,1.8787317655498352,1.5544032360858258,-0.7369639614573454,1.5470735491544412
6300,7500,0.85741101455118,1.504192393293603,1.1205991925528087,-0.5469643539680898,1.5150944829238748,-0.9603052666867964,0.7699856540942001,-1.7391478346983227,1.333110901720316,2.1241023255630793,1.3974047444210869,-0.6335055438421197,1.1686132962332196
6300,7600,1.5181800332713218,1.5590916038063116,0.7597127625480333,-0.648391163239846,1.6840056745735081,-1.4016122609935957,1.3983580026574542,-0.4830134075129149,1.5761383438234005,1.81269299477079,1.400507119363854,-0.37483334872729973,1.090040497047813
6300,7700,1.3194018733780988,1.6573365698123599,1.1710001171286992,-1.6707076204711406,1.3945275778075092,-1.4004400566445177,0.9737016016558857,-1.4377516097542062,1.1440759222113888,2.095644926165745,1.7181720808917635,-1.4459047963073415,1.4948289109798205
6300,7800,1.1692992965705231,1.3992063342425254,1.108452944152933,-1.3519648992856605,0.2673414498943768,-0.8232222375046588,1.3452596828178762,-1.4391790745912565,1.223949885752312,1.778800539802694,1.1549748843735792,-0.7037214112140233,1.4873949555526793
6300,7900,1.8205743283256683,1.2301870202984642,0.8945123100081427,-1.3207494927742307,0.695258202459519,-1.275495400575621,0.7194455572819779,-0.768828593382537,1.4064158281143562,1.7553281315391056,1.7759714320551987,-0.5266985485543272,0.42726497300759886
6300,8000,1.4057209862345603,0.8977495633500557,1.1218604275019255,0.42853272165028744,1.5326379456665955,-0.9136560222457208,1.3443015486735062,-1.7196228092901995,0.867756366923862,1.5126423282420374,1.8282531658656591,-1.032572413767164,1.0281517714152624
6300,8100,1.4800396384771308,1.9323414028401915,1.1893070242265213,0.3783057272107902,0.36000019903479985,-0.8151225945624235,1.6824425391137314,-1.0178133635195676,1.3599831241426603,1.9383654953445013,1.4855466980117245,-1.2759615107487525,-0.04352687353032192
6300,8200,1.1462599975527052,1.3832156212644746,1.4034225523424908,-0.41864956734243125,0.21548444855319537,-1.2633956041013494,0.961042037966489,-1.0369178396071481,0.566313176073242,1.9878948587160523,0.9691613558475094,-0.495278658328648,0.8815607097815841
6300,8300,1.4012139309040956,0.9869332592813096,0.5876547494535022,0.28772569956502975,0.19752871709972308,-0.5203051443578667,0.8955819291147828,-0.29346527749228596,0.4136689212979171,1.772057607865905,0.9127988404275617,0.3833891531697086,0.05820478487839073
6300,8400,0.152450232971417,0.6650983738059039,0.43895673513071704,1.0600901910933382,-1.2723299312470318,-0.5759175896855723,-0.639924918778399,-0.5831347037143113,-1.1261385418601746,0.8777878267504855,-0.7438095626168851,1.63849794659973,-0.12643144196763265
6300,8500,0.34243600917914035,-0.34275784164842416,0.07093142106464151,0.010133592850393296,-0.12426746238848872,0.06406716827421934,-0.33917456041044486,0.33900523003813704,-0.2950007042038586,-0.8112812827382212,-0.7982765050914484,1.3478540197949684,-0.16278817987318064
6300,8600,-0.6690915272423785,0.29770567996230335,-0.8025978233509242,0.3727635935660558,-0.46937180786416777,0.7670972161461459,-0.6924576000664213,0.6555425322690152,-0.3984324432194671,-0.0031800638761040373,-0.40906109718165995,1.2125160952242091,-0.5186664978408501
6300,8700,-1.1331361124573749,-0.3399737461527385,0.6555758158954487,0.7357527206083959,-0.6059887337478226,1.1427111582526863,-1.3581960798066564,1.0389077992142792,-1.3988374777306782,-0.22802841506042654,-1.0688715038864227,1.075421114545856,-0.9321170081238475
6300,8800,-1.333633277828632,-0.6228123222249521,-0.019299671824854994,0.7316937871536615,-1.525614160110952,0.700345957590453,-0.8081985826853123,0.8102762054366909,-1.2791922168222323,0.20343058973465236,-0.760700504234148,0.0030907283285399015,-0.6211537805680496
6300,8900,-1.1469093170541096,-0.5242590693050365,-1.0848838136154901,1.44021365797459,-0.9910676518926557,1.361038729574099,-1.0483556859183396,0.6550612038936303,-0.872512257186257,1.0864618255343783,-1.538491764103312,-0.031877791125458896,-0.23337841456951952
6300,9000,-0.7935576917268632,0.30222701522278483,-0.5017069391145614,0.9557951793316303,-0.6335196459349898,0.269507441892271,-0.7240096827992171,-0.30657323219702126,-0.7061693366587529,1.04320303376144,-0.8241275815334203,-0.50853700655256,-0.9353724517266396
6300,9100,-0.9486790098009481,-0.03811994681954183,-0.9470311482797401,0.613619242729046,1.3148396181603021,0.6997626918640265,-0.5251718021545498,0.49464009294459266,-0.13813844373193473,0.9755766334121048,-0.40033579575753925,-0.4495860446071354,-0.21771593246057677
6300,9200,-0.17363907737868473,-0.9878803125259967,-0.0374574340240694,0.8515432545747053,-0.44457283264344194,0.19973244887637367,-0.20476590269650422,0.15322620327483125,0.42732359056453,0.25160430223110253,-0.1482790134567494,-1.8750966389911465,0.19985350777950023
6300,9300,1.2057147614967165,-0.4616709404763734,1.1743415430610766,0.8923883780136689,0.13251761804211495,-0.35603796119858294,1.2744388786825804,-0.6503086094411346,0.23201901334092798,-0.1636858374632491,1.6019455076289557,-1.475690291046934,1.1554616358597527
6300,9400,1.2945443256700981,1.1521683376746223,2.4018247239463646,-0.026762395150624216,1.3530332689464812,-1.0653035136718,1.6741148277613138,-0.996927484260937,-0.7965954463020718,0.7257411910954708,0.6839496369537673,-1.1748236382207788,1.3871333571936557
6300,9500,0.7030888551451825,1.8047057959532797,1.2535512954200658,0.5401494341442078,1.5996616104274164,-1.4156038946812304,0.7912112962058587,-0.7874795663353483,-0.6488268595469823,0.10887970766976107,1.224229988379399,-1.4785481932371143,1.3489798153874197
6300,9600,0.9560184261550554,1.8666423607292049,2.164196618006858,0.6890762284711153,1.4052206243085135,-2.160731603425969,0.7493286968903354,-0.9310541266018706,-0.10559922044588022,-0.126985382102928,1.3863643331493636,-1.851758831814011,1.815959475419659
6300,9700,0.4911998826712719,2.024116129682867,1.0406009283975897,-0.3178396557767724,0.755675919065364,-0.6676389634603712,0.35652816072962273,-1.0462062147848479,1.030938025482299,-1.3421400502716858,-0.17518480554160545,-1.0654207021030857,1.7467922268476526
6300,9800,0.7049677002651055,1.610039211407474,1.8416153024669037,0.12747592228111146,1.4378431458793932,-0.9589316677521617,0.3779686435718311,-0.4703953204425952,1.2638683250494391,-0.9213466346908087,0.015120854211935514,-0.7671747391725459,1.6176899884070237
6300,9900,1.2131773356890314,1.5523207494623568,1.5558915078306645,-0.6004626395713748,1.2758395565029494,-0.9944278961192596,0.017498109759682644,-0.9742875647440195,1.1251624539342675,-0.5541910020043331,1.7497598832458385,-1.0927087140401828,1.0979241744776103
6400,0,-0.24560683711653203,-0.8415512424066931,-0.5421033934824314,-0.49424808504179757,-0.5921416719205236,-1.3035070816038303,-0.32878129979548415,-0.5276537746637938,0.7134183046117587,-0.43465481598101313,0.39610954331211723,1.8346098675030915,-1.7179757030636837
6400,100,-0.6503022476392759,-0.5774891866774251,-0.5836397704152404,-0.36286662151118754,-1.6408675943905044,-0.25171754294953536,-1.0640813647927156,0.5157610749313254,-0.5951509241076296,-0.787438344106644,-1.1506199579101406,2.0828955736840795,-0.4915254414525037
6400,200,-1.2516770422588768,-1.3215461988458979,-0.9922148967996782,0.6375125169283722,-1.5090189330829646,-0.433962653990305,-0.285835917241452,0.6668797767707993,-1.0637312065230153,0.11641760612305081,-0.8718155359923734,2.078418689643251,-1.0799682271451254
6400,300,-0.5313825807574754,-1.365953563174125,-1.1390887540517627,2.0592817797767893,-1.1199187428841195,0.6660509663331102,-0.8729064254875801,0.5925168708783687,-1.072533728558138,-0.6397898213387465,-0.018216254266600368,1.584335631639192,-0.4379342212634708
6400,400,-1.2010371197776146,-1.4822523887228678,-0.5034018354716694,1.3562847377609508,-1.0228533790453183,-0.2318105378318278,-1.1336529721712327,0.6849773459683695,-1.5976776301378957,0.1500725174325688,-0.4998145891567877,1.8192388387221916,-0.8885308375787738
6400,500,0.2838425506171949,-0.9834936852662778,0.6693587602171728,1.1931392500467617,-0.6039852879546467,0.7548701830203586,-0.9101430410516577,1.7213816379257438,-1.1250609277675632,-0.6623613958479982,-0.4180742713492632,1.5472088747393686,0.4782902377505771
6400,600,-0.25381935472898864,-1.0697891267098976,0.8002823911999238,1.241520850812367,-0.5238999295517027,0.7252583107063875,-0.6451167485626962,1.18808269277008,-1.33823645338902,-0.47666023565726595,-0.3419371713949991,1.4733767457261644,-0.7115101844517641
6400,700,-0.37907299655236,-0.7787169017505376,0.04089948672476147,1.3933590684222943,-0.49863623134916313,-0.3132377512397402,-0.8247727441957007,1.727163192093687,-0.9519085604580247,-0.24918336995581739,-0.5123127518784657,2.463910765700963,-0.7379268788823672
6400,800,-0.3790803290162696,-1.4470309129793069,0.6849346514098218,1.4111407864610896,-0.8181214607813868,1.3046663808270378,-0.5642243333485766,0.5382427758113514,-0.6578893771281502,-1.126372300020731,-0.8935774106306326,1.355683049728118,-1.4705817217309314
6400,900,-1.6477200753930505,-1.1296748858128856,-0.18246097237163633,1.639554009399499,-0.6149715649137816,0.7850484009291266,-1.1730563240263077,1.4470363053143105,-0.9495727622417794,-0.9330453682512401,-0.38666713120319335,1.3573436809684731,-0.8754509159885433
6400,1000,-1.4804212041654656,-1.0021636434163372,-0.40086862727404987,1.5573135991901104,-0.7113223188095857,1.9040544350442554,-1.0173083029568963,1.5837557347751903,-1.2723357700332467,-0.9506948759438522,-1.5214604161976373,2.1199438769538523,-0.7296640753687568
6400,1100,-1.3280346558169076,-1.0281553544188706,-1.0657391556074667,0.8210372971335492,-0.9843158767978627,1.5011392134045893,-1.1557034881252208,1.1535650303320717,-1.541413411196269,-1.0954338729002198,-1.6739039960379951,1.5083600615807615,-1.4747247918707476
6400,1200,-1.4700404444353599,-1.478216352231578,-0.14610676768217032,0.08700435053449043,-1.3260056936000049,1.8963325685779968,-1.5530008612440422,1.25922858864811,-1.813751845857533,-0.48232440759372924,-0.8643178051480557,1.5762791184865028,-0.7737537855909157
6400,1300,-1.0975793491084713,-1.2466773875828137,-1.480371765318321,0.13485276708413654,-1.1281827342671216,1.665017971392436,-1.3696671238155989,1.6053987336085518,-1.8711865409394817,-1.7793007015330053,-1.0502795062933508,1.712330179106173,-1.2623124605008735
6400,1400,-1.3735811158468614,-1.375952971657564,-0.5720522574003923,1.6492240848566468,-1.340790208399557,2.166995252173496,-1.192978151017493,1.144603575809344,-1.2896719216404189,-0.9893346659651233,-0.9658459449581634,1.8697026165623887,-1.809109008408575
6400,1500,-1.106319649881566,-1.4600261186628254,-1.8909698433509843,1.0771423695506148,-1.2245937093670358,1.8178250801288165,-1.4471210264376289,1.8576643536747557,-1.2810616372081884,-0.7451860787358723,-2.0004779753747943,1.383123720413271,-1.4625570143884843
6400,1600,-1.7872811121810077,-1.1753831584565877,-1.9077553641714184,1.7983645691460766,-0.964549281012825,1.6816919681363325,-1.45563337411665,1.2921157901770084,-1.533506906341407,-0.86076381159354,-1.3011295849758981,1.4374400878905833,-1.0278730573130002
6400,1700,-1.6634291286760656,-1.382897425945109,-1.5244885164580524,1.5025949632338853,-1.4176836174643996,1.6146543407717966,-1.861517654649872,1.9857764510357574,-1.5982023632424351,-1.7365617675371465,-1.5417894674593497,1.671352947162256,-2.0259757452292138
6400,1800,-1.8927298435579978,-1.4742960630754556,-1.2864922090425137,1.4158749191761864,-2.043823529284108,2.1437615533365175,-1.6555664065405291,1.865869469216204,-1.8178225766664768,-0.9647021543625559,-2.074340603643238,1.601699820381371,-1.393734213424244
6400,1900,-1.5041499975882935,-1.8048110655720904,-1.6575682562918468,1.3530334708886456,-1.5659581546806571,2.2078132612968053,-1.0988285899202503,1.8590938452434516,-1.7870178524812073,-0.3815870306699574,-1.374872016384498,1.3927403195360697,-1.4430996754867365
6400,2000,-1.53221985810018,-0.9087285041879122,-1.2028676563071505,-0.07114387190086692,-1.7144792008508767,1.1504978255866791,-1.291448137200834,1.2065146916946459,-1.372274785221782,-0.6727248656919562,-1.1394270114086547,1.5746357299375893,-1.823251063250284
6400,2100,-1.2173586083911512,-1.515034450072267,-0.274452504852552,0.335757633016775,-1.5878629048121053,1.1882356432861607,-1.1523219281463664,1.989491983011595,-1.2473264619162605,-0.28006416226773695,-1.3231840878875267,1.647008035631832,-1.6880764560475843
6400,2200,-1.4620106159695518,-1.1298567203771068,-0.9611736659087976,0.09376372401562999,-1.1074421357066415,0.5215942141859964,-0.9297848460591994,1.8109337410205122,-1.174536202417024,0.7632362188710824,-1.3940876899434451,0.9152326985167243,-1.732389073514797
6400,2300,-1.2294393634586636,-1.4716013251157842,-0.669823241060932,-0.7706829235943083,-0.6937735647492305,-0.1726881569363114,-1.14268655931655,1.4531032993624875,-0.5338481888225061,0.4393039041644709,-0.93459027745849,0.21620884540863394,-0.9401122422375602
6400,2400,-0.18129560741684894,-0.5106438670959804,-0.3471367777828369,-1.3635733248918855,0.6368813677835351,-0.23465128503554453,-0.38552075070870695,0.12584741707145858,-0.8089899076370733,1.4351855877227793,-0.5515362511945319,-0.2911721206967594,-1.842596049766723
6400,2500,-0.3447553546853145,-1.3057680888247434,-0.921745172453205,-1.1793679200336018,-1.252354328159483,-0.5676933417835996,-0.21934995491056852,-0.08591608410927482,-0.6801322912131749,-0.2581486930294041,-0.5346737806872035,1.1867665314457392,-1.3830597119012258
6400,2600,-0.34982482592610575,-0.37204114372131925,-0.9129904994438882,-1.1183274299418526,-0.8781685898250027,0.8740534503773836,-0.6116951869548544,0.6615418094591302,-0.8936952457017923,-0.6345696781838883,-0.35846773194417825,-0.8677903363714061,-1.0396529112729473
6400,2700,-0.3875314609483458,-0.9220077199074842,-1.8158184886363022,-1.2533787554491902,-0.5814522234238927,1.2353461081374961,-0.7402257377599003,0.8965749252363414,-1.3083614058398287,-0.7714769737723998,-0.8706074070108116,-0.17833726705793074,-0.0002924261468304078
6400,2800,-0.8010484703397176,-0.8187757874092062,-1.2617098979091494,-0.9028889802125497,-1.0274295763710288,1.2768189016550426,-0.7535108063497886,1.8060716779932169,-1.4105178864164047,0.6837321303918029,-1.2325111728872404,0.005463682454495855,-0.5965642354057651
6400,2900,-1.3329546786841542,-1.252653115246435,-1.3468144345222963,0.9806185925345003,-1.0880813760804815,1.8459641421512634,-1.497501036443355,1.9128844891932546,-1.5783652425988333,0.4615936594168581,-1.136259091665685,0.5573530775540217,-2.0277924250371684
6400,3000,-1.3815947592693438,-0.6758317952046936,-0.3914062268585708,0.09567938936724243,-0.712171251154841,1.665198334574989,-1.5892865311641768,1.2579819368081828,-1.2180197563061235,-0.4450409633711334,-1.173831334800097,0.9081096071574202,-1.7015981686594717
6400,3100,-0.6480844021024662,-1.271576284291529,-1.4029482240034128,1.3923186482354848,-0.6806553394041294,1.0788380107972864,-1.659025246174925,1.2540980505908643,-0.36253460567676,0.17044882982819007,-1.5310793364798159,-0.19484947582779327,-1.1980325969576333
6400,3200,-0.9210611829596005,-1.588210432669391,-0.8941284560205797,0.5750578737881229,0.262385448803269,1.028660856014624,-0.6961238348530302,1.2322910741696054,-0.8115024949442141,-0.013150075748097392,-1.1167151686431205,-0.9274873221954735,-0.5784310066376593
6400,3300,-1.2943707941205287,-0.9054771793938052,-1.004384559416372,0.8163398449328972,-0.9447772863756111,0.3231442140041623,-1.3763583891032882,1.0874715687517893,0.07513780721175627,-0.9382960646103178,-1.2674649452939384,0.13557639642667357,-0.6098946011461149
6400,3400,-0.9744090236553204,-0.7961654321072925,-0.36170054922799094,0.8391254187165356,-0.704059098126536,0.04518542864506926,-0.724143818682443,0.40202237005457314,0.27443347356593345,-1.3440913423674417,-0.5416921943103019,-0.6035072143403946,-0.258209602834415
6400,3500,-0.6394676194537823,0.6744259895385916,-0.32257053171225963,0.7929582475507229,0.3056718070596139,-0.21806687419360746,-0.18667672046266742,-0.19375317256608204,0.8378599451029773,-0.9290704920251436,-0.5949511724000706,0.06671207712407023,-1.0796594583148253
6400,3600,0.41420179849071975,1.4058723548587044,0.5987829544816257,-0.06483898301213568,0.6837277082195814,-1.6098578389347302,-0.13301883953134705,-0.7470665857270231,1.5225886789611933,0.018736900937421586,0.20912874890519131,-0.5050928370318382,-0.532301510089266
6400,3700,-0.3791320391907899,0.15784333458190936,-0.5851482330621666,0.6361629129058118,0.3641690708017628,-0.4314526245435922,-0.6022037654424705,-0.6733867347478582,-0.09754136926834031,-1.3476913425022459,0.016930917451781505,-0.03856055789918397,-0.5006941226638948
6400,3800,-1.9449926700529916,-0.01917337945608242,-0.09066150255266761,0.1600988242463184,-1.014122656684801,-0.18544196227856688,-0.9561649868768974,-0.05461055085032693,1.1722279289695199,-1.1932903044205032,-1.5285427873001904,-0.1358565298595182,-1.3671967257181141
6400,3900,-0.9319531840968375,0.24892283766747775,-0.49864914883017475,1.1862710708308413,0.24075947057188404,1.2440082584849177,-1.1406053085921708,-0.8068552473075694,0.6984002018252958,-1.226207456900959,-1.2519701129045067,1.0168843852801097,-0.11858594886275498
6400,4000,-0.6047823235680877,-0.048483509655381195,0.26928980949917697,-0.6299669121005949,0.017439347281515735,0.17231413932553036,-0.6891123142903018,-0.41015959121152046,0.937867382565335,-0.6704316763958632,-0.6896871114721868,-0.36673812486052904,-0.7329120476992103
6400,4100,-0.11427327996061108,0.942681378461335,-0.009885089144443018,-0.7268549858922424,1.0625994400407783,-0.026088248164356977,-0.7557352399309795,-1.1738703830211743,0.42407894715058725,-0.8613402186614421,0.08700073882501194,-0.46248195869149883,0.03256676592971963
6400,4200,-0.45983470718298636,0.8903478744344225,-0.06197390676359111,-1.1968190477610863,1.0293968954406845,-0.1379587337333297,0.34239014995542094,-0.90799797499531,0.7988009677245326,-0.17461294376403627,-0.07615486461469907,-0.8798078620646556,-0.7512468647614506
6400,4300,1.1464395224852866,1.4296152919030887,0.373194228994924,-1.094992842937155,0.29533465454026336,-0.27851047426424475,1.1294316114925667,-0.4674978643141966,1.4433461274202097,-0.084247145112583,0.4576695143889952,-0.1385470624290138,-0.12138902832829591
6400,4400,1.1982730464768199,-0.4536804459043589,0.26104812782233644,0.17533573690407034,-0.45463307510285195,0.579182612003798,1.7547908391338116,-0.540605434987785,0.8659887075685772,0.41657312001077257,1.0707227638668138,-0.43469740951431796,0.5094633796043867
6400,4500,1.3883873047522919,0.30573576847084133,0.6240686001056417,-0.8331352301184927,0.404936358838132,-0.13135360716190106,0.9493607779568799,-1.2794295081491334,1.436849631206314,0.5309369125171475,1.799805357692821,-0.9532376933019394,0.4720751063304222
6400,4600,0.07038968219896666,0.8150116311382977,0.11467599149759357,-0.19888984407893687,0.7810671097768983,-0.9784543917579832,0.6568592094102722,-1.2348764565979022,0.8893113142502558,0.7991264040343372,0.4482879889546894,-0.12238644320246583,0.5494617100393162
6400,4700,1.1566374577627037,0.8795199580418271,0.4479579931884183,-0.15555444360847845,0.9165738341634726,-0.32887707597449906,1.4296481664443899,-1.463917464350405,0.19839067639629526,0.5246115969009818,1.2754424460110907,-0.4880190784976227,0.9586207996234661
6400,4800,0.7287770847216428,1.3034746420200456,0.5540996331305973,0.1495035951518692,0.16456822193652787,-0.30472088757096855,0.517051385800952,-0.9637077342179781,0.9349465761260981,0.8517521592002191,1.1407918126300791,0.49653158034606854,0.31927477874844995
6400,4900,0.6030261772409463,1.212822629607944,0.524718235023858,-0.5417362960027549,0.9701973446889772,-1.2715772877139877,0.054484062127857925,-1.3249256076399105,0.7191136391332618,0.8147736799063002,0.18490613036944448,0.8309815049127799,-0.41812902769418964
6400,5000,1.0509128755844959,0.3087828803386078,0.606579944508072,0.9450974764881485,0.4201093817094462,-0.6183675450313836,0.29505413918617035,-1.4539848441790337,1.465277247559054,0.14944193580314152,0.9253172840146964,0.1285481465670284,0.7974633767215613
6400,5100,1.1965273154334317,1.3476386515455603,0.34708266535292853,-0.3972649696761705,0.7856651747659689,-0.5888006674546281,1.3035888108701106,-1.5011414849078646,0.5492238455050811,-0.4513235612677328,1.031985317772475,-0.7806934353612255,0.07784245465835218
6400,5200,1.258010026709206,0.9246657118640725,-0.7057126534222103,0.12237609042263016,-0.2666182153556519,-0.5018023622665508,1.0082061187149682,-1.2782850583351575,-0.19728062669643065,-0.8429499026993946,1.2882582510049647,-0.028635539700495292,0.23752412858897007
6400,5300,1.2327978856622421,1.2250291422946766,-0.46150873247578544,-0.8143443479233358,-0.12051793310701145,-0.7773988210025701,0.8600869298004622,-0.5475992357290235,0.21021026043928392,-0.32721018372230665,0.6211960814881409,-0.30820088467482154,0.7859629244500466
6400,5400,-1.1367197164866931,-0.23442138156998948,-1.2297368106801456,0.13579529091221584,-0.10232718437302894,0.5861809236197127,-0.14045345821841082,0.22342939185448324,-0.7518005449885959,-0.1375484145560997,-1.6594957219341633,-0.9745785608146739,-0.510675489251542
6400,5500,-1.6281797491513237,-1.2743484136440304,-1.1769405331784626,0.570325959651743,-0.949371548321197,1.624859263518165,-1.2923372913642108,0.27615362105293595,-1.1350953948187423,0.5077139483496836,-1.5380407585107754,-0.09683691118179374,-0.966475552413917
6400,5600,-1.5048641040839832,-1.6162297397256853,-1.4491338070313975,0.28521451458171326,-0.552529346830124,1.4039804212854163,-0.6187128762906043,0.10349757164355133,-0.7052398463012722,0.731752521866826,-1.0008250373973797,0.5883602384550131,-0.42948042772596967
6400,5700,-0.8945693613335853,-0.6520887142446163,-0.43185489260406507,0.14798277896361348,-0.5758585384719731,1.4119714407552695,-0.9158613874432063,0.9442889999135138,-0.7802746090558607,0.022599072693675577,-0.8034531365402767,1.8433541505170452,-0.41598088619798795
6400,5800,-0.294793778951722,-0.6317295766279033,-0.1232247183087826,0.23791923497161616,-0.8161781626401781,0.8823326431121357,-1.2256535591163442,0.7067094601635924,-0.4064350493348759,-0.39292555984227334,-0.7285229847128124,1.6788206375651167,0.2840883774157342
6400,5900,-0.6916396165673037,-0.34104471707148043,-0.557094310450948,-0.2959875596247237,0.031156681538570086,0.5425161695627659,-0.8725864127592303,-0.5252204012303159,1.6634369544473775,-0.12067377498483278,-1.2659721741303394,1.4089793340304608,0.6419759073273402
6400,6000,-0.47697721453704267,-1.0723218861567163,-0.4376691973881675,-0.039411257212779036,1.364894241609461,-1.467296922154272,-0.734208789808962,0.0005218648160417427,1.173000510591239,0.22854276684229477,-1.046660547718203,1.6034246510709904,0.07521055377482412
6400,6100,-0.4614026657971825,-0.6957099650065622,-0.5166471837960637,-0.4113526757717386,0.13752100550771745,-0.7706673629297244,-0.9382014702001304,-0.08946724072991516,0.3066352754780431,-0.06769588657704453,-0.08306670672334282,0.9302685427874102,-0.6659696317796366
6400,6200,0.9577903840530743,0.6780397587503293,-0.54549935874598,-0.7881133963978055,1.2637509863158063,-0.3746716215048079,0.20167864513711148,-0.708012099088615,-0.29369719734755,1.575363129656967,0.7927921059924697,0.05442425659172174,-0.21971519767368702
6400,6300,0.7778982063341966,1.0459555227313082,0.12821610806675576,-0.7062902000823483,1.1621508188524015,-0.7196845679610682,1.482283658237294,-0.6512178802750834,1.028113148158689,1.241591690147082,1.610483406775936,0.17222130393423665,1.1500000160935857
6400,6400,-0.027715316101750504,0.8378648437195131,0.4676133934810023,-0.73587718689375,1.0382468083366843,-0.6971606509418798,0.8580385815829455,-1.003679909485115,1.1918701856117655,0.5657340883645355,0.7024366168860522,0.21249623401394338,0.5008694007192004
6400,6500,0.791548761733162,0.4016254270744723,0.19111718176762635,-1.0687922066411017,0.4972164178424355,-1.0135118705200117,1.3838319336763039,-1.1294124297231003,1.7180687920253388,0.624839604706798,1.2977537568081665,-0.47670318081786667,1.7522099347568911
6400,6600,0.6213742169660037,0.39134405221622975,0.7752659682894706,-1.0257942670731415,1.7187620570650688,-1.6401963635308934,0.8487624307945132,-1.1731871900485515,0.9451145034176137,0.5658824988829944,1.027769763111383,-0.1781459452881518,1.6618761639949664
6400,6700,1.4924551340422683,1.0080765049740976,0.4263978084226006,-1.378524085027977,1.2891310841990362,-1.1498541542701222,0.997218943842959,-1.4315936443310686,1.453491464296936,1.564402867450431,1.9786696564525657,-0.3699185291855665,1.725213140562221
6400,6800,1.7259835091561884,1.1815197644374127,-0.1579559985131409,-1.1072847873063012,1.1665581602906754,-2.110375891549166,2.084621943411748,-1.2430327709474422,1.0175252304122049,1.9284182131351313,1.4446641375643594,-0.6257738363168263,2.0146723218270797
6400,6900,1.6542193538460481,1.4280209827710042,0.2253466326975137,-1.3543409588757862,1.351710543184515,-1.3674013862079573,1.4995515747843637,-1.2991097147684199,1.5179081541000221,2.1354151082068267,1.351275431007281,-1.1369386508195105,1.9592295501334085
6400,7000,0.7246591431934122,1.600815714825313,1.2856970448049099,-1.6210933074437988,1.780503787536467,-1.9419829335123744,1.400016569176319,-1.6680109062047992,1.7500413623526787,1.8265082362698704,1.8468938255757075,-1.5724392682366337,1.6251218529967097
6400,7100,1.76679052171174,2.0499639800757268,1.5668388086246032,-0.9078318604735977,0.8696564017185053,-1.5218004313109683,1.9488590384732845,-1.3467937532605871,1.12110780069216,1.6891542033446425,1.6905689801738832,-1.3352791077343629,2.5764121936945448
6400,7200,1.814847382667512,1.342656661383646,0.9639290975332595,-0.07158220558016891,0.3671206515212362,-1.270953006763198,1.849372285324452,-1.6430600557070423,1.5082573324589688,2.0417742418379383,1.6981108231050572,-0.33987082660954354,0.703052649464321
6400,7300,1.7797462358816734,1.7124093787959886,0.1444336572014239,-0.5186611574929384,0.08649392478250312,-0.9673904265540966,1.4318905897333234,-0.4269661646251482,1.8098374947894083,1.246885657086947,0.9590045974347362,-1.0841881903717745,2.1032927495616254
6400,7400,1.1485567210278242,1.4404310153590623,0.44234349143929885,-1.0134683028697364,0.7071033148879182,-0.7008745950417768,2.002759027038191,-1.157735417265125,1.9301280714450437,2.084651177199144,1.7833304244567758,-0.7766349578336519,1.0464108651600788
6400,7500,2.0207037066588227,1.2677472403137333,0.6764849471249234,-1.0403795955786792,0.9592302819667632,-1.347341044372835,0.9926017804606736,-1.020654012560865,1.3348736344166372,1.19027746985747,1.406756925521852,-1.2190512567186402,1.985242638393901
6400,7600,1.1099428006273864,1.2174424169060487,0.782337955519895,-1.3691072173278525,1.325365751702467,-0.8644096886035668,1.088425723072392,-0.9684908426237882,1.2885345657849736,1.292868416533836,1.2558591676821542,-1.2886841923516503,1.1411390050502497
6400,7700,1.823700568602213,0.9793625804609908,0.8146424563717424,-0.9706351480667879,0.9906410657215429,-1.333491351202695,1.310811168322691,-0.6912459587234947,1.0839917083552995,1.7431191164699327,2.329891315300477,-1.007068393699495,1.1990489853796944
6400,7800,1.9118450767425421,1.4208066967549366,1.0347973779395516,-1.106911422528276,0.896972494265611,-0.9983720731465514,1.1418587034347252,-1.4941461089850503,1.2933509245948085,1.9594793864139999,1.0036942648472076,-1.183132824914607,1.1065534935142476
6400,7900,1.0506444173447,1.7925822522098593,1.8920470773288685,-0.9197010434928435,1.4468249929166057,-0.5464108159322455,1.052551358959365,-1.4140423414049157,1.1958087603486933,1.8309330020580543,1.6641754368755954,-0.7500769456832612,0.6701823233141097
6400,8000,1.393694363278757,0.9605317190964666,0.8382443331209763,-0.1821771023040986,1.0806667566535424,-1.2505154119291382,0.9825256737217902,-1.1282046069397065,0.7892778615547406,1.5837969638901361,1.7229004219332185,-1.2031910587043946,0.5693613791541986
6400,8100,1.0711900951955167,1.6163784094867057,1.0181850063443187,-0.038985536563412505,0.45450400962328286,-0.9819578562516538,1.2370635895824418,-1.5776779618598906,1.1534691751266073,1.7278903655799498,1.6245942399790305,-1.2357496264876175,0.18047759892612092
6400,8200,0.8079508314494213,0.9377295642232033,1.7001716306686527,0.3299751636006421,0.13221860805158417,-1.0644243199167758,0.8328304814851082,-1.1925157759524805,0.8246578448735116,1.7559895054930075,1.1121655517900166,-0.5955011301360124,1.3709084280426105
6400,8300,0.7287875083938901,1.3433455945657478,1.2213692012427468,-0.3622143926327597,-0.18474819901887862,-0.7312834927310543,0.7365136996548911,-0.8775687194981386,0.6070476343114625,1.4504000696005854,0.09523470666794562,-0.7889680398627628,0.40028988265246823
6400,8400,0.12123420491322533,0.6928727026858422,0.09208872946929071,1.4044370874284826,-0.7073754935762291,0.11963306446850565,-0.8984466655962556,0.21453774401250417,-0.9659399779994742,0.48089051113277875,-0.25098646356745785,1.8801432557681939,-0.19368821906138056
6400,8500,0.2739895336062535,0.5409922646176014,-0.5129584119288548,0.6285197412007791,-0.4002602571816079,-0.4569830434249049,-0.8409238272966575,1.2613262268510204,-0.4839976482651247,0.36028066461157915,-0.6643603688838876,1.2937686953286756,-0.21667694119001465
6400,8600,-0.860986361314259,-0.6004603183461686,-0.10712762699125487,0.36190072559250425,-0.48148421348098963,1.1895654275373446,-0.6419457103141737,0.40395358702447987,-1.0996954485663457,-0.34180551859386227,-0.5316840649049974,2.1292201502551964,-0.4012329121136459
6400,8700,-1.0550035361859624,-0.5743294303487912,0.12830737619597093,0.27320001618159756,-1.4723212382564497,1.2266326964982335,-0.8541257577718143,0.8060521613556231,-1.5037826240627987,0.10927340499286226,-1.3411411564998854,0.6860988253247853,-0.815437032486199
6400,8800,-1.6268008490898413,0.3645541497117079,0.6359935107906374,-0.10738176332439006,-0.9077280032615426,1.2897844507771297,-1.037362148604104,0.4057421604284528,-0.8494943767943481,-0.04455908408465405,-0.9024992748061736,0.2229498877147351,0.022730670737372418
6400,8900,-0.47906103835076697,0.16411516704753115,-1.1987832413897919,1.8052643452183024,-0.4526343055861812,0.5664904793244635,-0.3632291501463143,0.668539474976509,-1.262934578289431,0.6155939016556742,-1.2416832855897182,1.6819397582409308,-0.6201283455225555
6400,9000,-1.2340514842271755,0.5321153056297903,-0.7710573760756376,1.582971250591636,-1.0970851593962638,0.40825286885134593,-0.9241243621578009,0.11232368484524549,-0.2997651426766208,0.6465872120681364,-0.9471502519275926,-0.413084058499818,-0.5582870615694758
6400,9100,-0.5315716596306745,-0.4953639881916804,-0.9442418378202253,1.7964946491394014,-0.18906140035236962,0.08373785435714623,-0.705637917783153,0.8487401236397583,-0.3293965523289938,0.4180438029082402,-1.0943764692712865,-0.4371398074903624,0.4614383027580986
6400,9200,0.24280672982932094,-0.5104975037457249,0.48332615559524655,1.014161426436095,0.06848583129266829,0.20249440429842333,-0.3740716568532552,-0.2980730575962817,-0.10791417293119653,-0.111505564367869,0.5691556003882328,-1.1425877107590299,0.40985577504068704
6400,9300,1.1721207737610257,0.4578496008750043,1.6690057641927902,0.6205319581424269,0.3139642797376687,-0.8661029962330011,1.456764610048311,0.4211819200603334,-0.08217544319988322,0.10315946939891375,1.4720658473948596,-1.5212040962677604,1.051751882056261
6400,9400,1.404434562535693,1.2926468457387348,1.9460745261195806,-0.17024933243400003,1.4175773740508617,-1.1678665827125392,1.7795346335653959,-1.3395281173246087,-0.230413945748781,0.07787571518019487,1.1977361928780201,-1.5671128212373158,0.8290316481513983
6400,9500,0.8062936234755108,1.1303812973791876,1.870349931029372,0.09095420744200192,1.2482334356241798,-1.008409887435217,1.1017566169870223,-1.231557811929029,0.18685289122723295,0.5616767487232598,0.6215918285979302,-1.5344026101936539,1.6507777209379673
6400,9600,0.9977957534651396,1.0222676088279012,1.6114587807802316,1.067066313356489,1.1671718529289723,-0.8474648814160868,0.30283720764364264,-1.1664493638251228,0.5991635179123469,0.6835883746459136,0.8078047976015036,-0.9614022966618386,1.63261510965164
6400,9700,0.19889980774541482,1.2698651836357162,1.3916525376654427,-0.5181775155142931,1.311140560263724,-1.6680916992417745,0.532169992049956,-0.7977070322976367,0.7520321436192918,-0.7359645185535939,1.035856365889131,-1.5952867634502432,2.246269568290156
6400,9800,0.7930909375984427,0.5066048794738387,1.7895619348180465,-0.35304173303152797,2.0005677239720043,-1.4554640964832206,0.40519237499934246,-1.0208769523605392,0.683537722992751,-1.00806032924703,0.5025708827054844,-0.47546194139740616,1.242265834189535
6400,9900,1.343083930981295,0.9708850814495043,1.7775294413955165,-1.1900200345603633,-0.29167898979624673,-0.24672316513151907,0.9348315204990052,-1.1194801689216018,1.4825339377225257,-0.8907467422678536,1.3259458669346151,-0.6028976921362443,1.8323148556171895
6500,0,-0.5086458807230587,-1.0094773482007418,0.06578612092758013,-0.7513189616053586,-1.0571914279361174,-0.7190180660465189,-0.8943837484073077,-0.23459963229846026,0.415052183395228,-0.32458485372769624,-0.7562501655419009,1.4632998005098659,-0.6550189732478079
6500,100,-0.4503940913168349,-0.8990290605964507,-0.6566555322704575,-0.024213757435969152,-1.4233566401962376,-1.3909433367659192,-0.502005574299604,1.2503002873088844,0.02353148972178553,-1.072487641196615,-0.9398566492513236,1.7104252525476409,-1.0245511920999888
6500,200,-0.854769828940448,-1.157313354002579,-0.6561582403360471,0.9824626435779941,-1.158457403377181,-0.6462798043136802,-0.28579204951138876,0.23385244652364218,-0.361484723747526,-0.06063377255797764,-0.21883222567455302,2.071492804114415,-1.2111811636355017
6500,300,0.3609164318450691,-1.4463258040746376,-0.7780014737544256,1.3871601382013772,-1.3820156340826324,0.2588709898079552,-0.3361714185813456,1.0212215719866036,-0.9733084995012704,-1.0428821479117807,-0.24994386167284358,1.853511518154427,-0.25859303355094654
6500,400,-0.36219276182083376,-0.5647172978139409,0.9344042741713324,1.2739738511442493,-1.2181748203770246,-0.6255278782989493,-0.3346067589633397,0.38548304992202825,-2.146817071263268,0.1575381955411357,-0.34139197771580926,1.7560599875748621,-1.0513692177551517
6500,500,-0.4054959859310388,-0.8740268051935396,-0.6691094519944442,1.6940724091567898,-0.4692323809509283,1.0877047616182844,-0.4614636883887149,1.3282734787920225,-1.208711317013643,-0.7085432446907697,-0.6082441254678614,1.923701824848494,0.5729908361355486
6500,600,-0.4465762410020716,-0.7209735834582017,0.4658182494398017,1.4984767573536166,-0.17382333442711867,0.4267921692196454,-0.032341018759437894,0.8286104788425259,-0.39009400497540986,-0.34103587144102104,-1.0643896235108645,1.8784525721497631,-0.5696955823306061
6500,700,-0.7374866510844296,-1.0448067783419814,-0.06805421024180386,1.3750532205413568,-0.44062561655810717,1.0097853124336142,-0.31959899673740655,1.52876510985498,-1.1277258963010404,0.1644539938105916,-0.8406496915496123,1.5993134555328414,-0.1408633706748475
6500,800,-1.3583892261283381,-1.2980978012571112,0.16150964670585763,1.7984900657797696,-0.7168411876309086,1.2973313854705657,-1.0935487438261564,1.2211026477189675,-0.6412080231325865,-0.9600669596578474,-0.6507652102075795,1.3335105741110331,-0.8375014228918339
6500,900,-1.2584142664837838,-1.4487582017558422,-0.8200808791704736,2.088387078510612,-0.5565017293371691,1.6305359660169036,-0.9854995755326135,1.4239917611978996,-0.9795205009051967,-1.0579819588593031,-1.097012107339187,1.5795455592557395,-0.7896577332480778
6500,1000,-1.6614401263043421,-1.6813387772615775,-0.7593518760494775,1.1777565293276575,-1.1630877232966064,1.1144317552038705,-0.8609874223200712,1.257246735077582,-0.970765041182127,-1.0967972314155683,-0.9425293765972452,1.9189870142144112,-1.4831015502460654
6500,1100,-1.5581177573416005,-1.3410133883077335,-1.0479166916797285,0.8344009155189359,-1.3218727755392694,1.7371302390600822,-0.9073025921442118,1.415043029406463,-0.9239058050712026,-0.8537901362962362,-1.5450510201815477,1.6239442761724516,-1.3332485615014884
6500,1200,-1.073203401166568,-1.2837176295205868,-0.6577252721064332,-0.14460203176911593,-1.1109246885977286,1.5066653721249683,-0.8399991347667963,1.5037421899820371,-1.1563423912915594,-0.47197178787715666,-0.6370289761830131,1.5051782285902688,-1.2297608678300453
6500,1300,-0.6889220816954218,-1.4448491780417336,-1.2291463544788521,0.887508555053741,-0.9437867532226439,1.2875458708661696,-1.5829646167813838,1.3744131619388114,-1.2507852625093598,-1.3837134397222062,-1.4457744354580855,1.8565511216115302,-1.8662232751452188
6500,1400,-1.3958432950271205,-0.8275215941810213,-1.4482509674438024,0.7942166042781945,-0.9380406449324257,1.7331154657040424,-0.9457086031839684,1.8217278953790819,-1.4695816264122656,-0.7365906322740167,-1.579856156003303,1.744488191484444,-2.218755447493697
6500,1500,-1.6357416189772434,-1.877348293848245,-1.268895616061793,0.5736999227245718,-1.193457735161399,1.377719237189857,-1.218764085885141,0.9455242957629406,-1.2114818577897029,-0.9053306328459501,-1.7852188039543198,1.6061875640633074,-1.374631811647012
6500,1600,-1.7015099473581448,-1.4202866011736046,-1.305414962447866,1.2940325926383638,-0.7748584423539948,1.4593538872401826,-0.6829706216266473,1.8678115774692345,-0.9577567482289496,-1.119560892002015,-1.0397288353601968,1.6393753560440463,-2.0919615847438973
6500,1700,-1.6115748003659425,-1.0900246245019933,-1.3129215183359662,1.1191812739011842,-1.976431810526222,1.8271854193684658,-0.9958618101834099,1.5581907901309793,-1.3289863275869738,-1.7244736634282247,-1.8459226456099214,1.2151835625522684,-1.5324614472967504
6500,1800,-1.6064954438935757,-1.1521531210720906,-0.7160477782059352,1.7677677021728453,-1.5484259542209529,1.79074880807335,-1.6543976143192427,1.6290484037305304,-1.8530638414226417,-1.2928864706506595,-1.328890440277148,1.5152383998722134,-1.0790879427683848
6500,1900,-1.4418195807555931,-1.5741055519935334,-1.5645540705149057,1.3341629655822942,-1.70058263145376,1.863393593383137,-1.4261353684208251,1.6432202724882503,-1.8357619771117872,-0.363780752831209,-1.0954492992767682,1.0771152487428601,-1.619292518054039
6500,2000,-1.2847831164539958,-2.1091546188926644,-0.4549345118391543,0.6270592837549843,-1.214595422341147,1.6117625083488907,-1.4195169153619094,2.2527320577337644,-1.4111444068643342,-0.34361918800207814,-1.2000926462723143,0.8864844438528645,-0.9033041648898763
6500,2100,-1.1460009011193768,-1.7200256727471306,-0.6243016640178297,-0.12472777531614793,-1.1051257714702958,2.138874873351662,-1.2336280357854281,1.571326469385146,-0.5319280053960591,-0.7462946512525034,-1.3980359655800867,0.8772352552337708,-1.0778254690317193
6500,2200,-0.532381767049507,-0.8960236173122044,-0.8309582602403965,0.0825028043854137,-1.461749945264787,0.9403096303106164,-1.2869218376308833,1.957088539754123,-1.1215388779875781,0.7524454965278132,-1.2675754305914189,1.0794578927145762,-1.3748972306874134
6500,2300,-0.26609018805809603,-1.108079811966253,-0.2905665730897731,-1.013011603251288,-0.7538819395398129,0.4397164439940367,-1.0102962926272938,1.3246543906912565,-0.44070201069077236,0.057153401301418875,-0.3009290766620932,0.9268753491539174,-1.1518618125096
6500,2400,0.14286734663141043,-0.9416791571247022,-0.39543174103474626,-1.6899122626411263,-0.023014497661206643,-0.31798815861803764,-1.0331218497507062,0.9364429608918619,-1.2365374411012968,1.5098151722259807,0.007790643684819835,0.8670659204975071,-1.0032621293688446
6500,2500,0.6932030719867214,-0.8656172329865609,-1.1055983417544981,-1.3986554272375362,-0.9277825678052113,-0.02140325000597821,0.25981790391437465,-0.16226722707398472,0.046905746115194005,-0.11879219876917613,-0.39775471973320853,0.08452884804930057,-1.2457729692424082
6500,2600,-0.1056460861256278,-0.28289121157375235,-1.3197299019512134,-1.4171134121791045,-0.4382816882664907,-0.23605924816499718,-0.5501135768860412,-0.0074797105197010215,-0.8895647524659495,-0.23334505672556963,-0.5929386477408918,0.4779784440641916,-1.176930570747158
6500,2700,-0.513451268917073,-1.0696615219645875,-0.7830912191788798,-1.5589715970439257,-0.07348295391292894,1.3284074105759573,-0.9445410506374764,1.1314469620617136,-1.6006204494285199,-0.3903915515359453,-0.3549719693348222,-0.11822753888304437,-0.5998805033819054
6500,2800,-0.6125341873623505,-1.609440502989024,-2.038418632997851,-0.5820450093660479,-0.9929035024499918,0.9103049756075741,-0.920169901787543,1.0713996881191816,-1.0694157845627454,-0.3298283895105837,-1.1174272843496624,-0.06936245122041418,-1.0080598020690748
6500,2900,-1.3305595964317742,-1.1086096941680876,-1.4855654193816363,-0.08512187724813446,-0.795574794796212,1.851104249313544,-1.441388089697449,1.8467536629548438,-0.7619462924318138,0.851504655242888,-1.505251609842327,-0.09157104939375019,-1.776297586765631
6500,3000,-1.401346653159683,-1.1708112599845233,-1.5530350093258454,0.5680076624405146,-1.4073159342424033,1.8019273779889977,-1.0359124211543593,1.5601634173574035,-0.6385019168665002,0.047896113564467185,-0.6730844221766403,0.015009749988925592,-1.495670508689089
6500,3100,-0.5929278435388432,-1.0067607839510804,-1.4926584806990335,0.25416804744201266,-0.5829992690097439,0.913157882221904,-0.9665074732376856,1.5349898231390575,-0.8969824713302829,0.20288116179562232,-1.3959648816142511,-0.2386923974500598,-1.2975516858059029
6500,3200,-1.0568808868537125,-1.1625669511678047,-1.2009566144606132,0.47650535730626364,-0.658818734176348,0.5773625774912338,-1.0282110443466006,1.0092137701565858,-0.29533340392530777,-0.18613144117992458,-1.3745198397794902,-0.8451890872433322,-0.7559176039895181
6500,3300,-1.3096203704416003,-0.4884191400962592,-0.6920652768162889,0.5857900534630894,-0.6811861886317448,0.4197784718030338,-1.4228728343434405,1.219753153127596,-0.18882563391835847,-1.2646532696939352,-1.38699991403114,0.315845026374364,-0.6535372100924023
6500,3400,-0.1365196496897922,-0.4059192289809084,-0.35888209119499165,0.42589395966990296,-1.518458537124287,-0.4359209709264893,-0.28063549211614364,0.35206206057634865,-0.27178584369038084,-1.4033412920433754,0.19300512234214587,-0.2959694649765399,0.01717740774532719
6500,3500,0.6257555183190556,0.5391120871563498,-0.31804823956176625,0.034336021102219116,0.18686478160175204,-0.4268250975313962,0.8514135466048813,-0.4251274345428324,0.7797929510430668,-1.889630049761161,0.9309497259222441,0.465584270615734,-0.06142581472172413
6500,3600,0.8005627633929914,1.2377373303157961,1.0713958569488715,-0.06485397492225999,0.8944176087717404,-0.46187750815951245,1.0567511953443947,-0.6194623198308121,1.556934476768208,-0.36732738236860185,0.10429648639899895,-0.5024257513776168,-0.5651109337389497
6500,3700,-0.006788395881027254,0.9223303528388286,0.7228897279686661,0.6068807885639502,0.20572616032298027,-0.7446488044474397,-0.39218718985488776,-0.31844346671535867,0.331315415136563,-1.890704804201753,0.1224743342404599,-0.37422986390077223,-0.1560098648243481
6500,3800,-0.9225253838830993,-0.17617522226760235,-0.569143509888223,0.8775602835140875,-0.9131235238576065,0.8499330691594961,-1.0953684762269855,-0.47030003793593494,0.6937555571030498,-0.9988889627926996,-1.1096398584073497,0.3210952925797387,-0.41832126237398704
6500,3900,-0.963372098853839,-0.7365855476889483,-0.22518093831276542,0.5874112730936331,-0.1476476957870825,0.10526047969423256,-0.8185894917693776,-0.5745606173838543,0.9938612553503182,-0.9267982648726345,-1.28721158642859,0.6932386494945665,-0.8121916379454877
6500,4000,-1.1114039653331949,-0.5846624092914089,0.13590831983943646,-1.7103941599920334,0.6741039482917125,-0.6001974967165339,-1.1253927132078978,-1.097559233696914,1.065695410917603,-1.5312133420468268,-0.5009139765482431,-0.4829257163961508,-0.6281592436178133
6500,4100,0.07019666555644402,-0.18777118950845945,0.27094063598741763,-1.2121608810314763,1.047238832951016,-0.4231790148311786,0.2063633808575548,-0.5129303344152928,1.2489111661471575,-1.0933413271821502,-0.027713760989721704,-0.22256288409172795,-1.1635054040965975
6500,4200,-0.5903222383771752,0.45743461863468093,-0.48047828845017576,-1.5021028896376165,0.8732280891823034,0.7826718938636188,0.244358566683822,-0.8862745232915775,0.7048749752392024,-0.23612451349222982,0.028092464529266666,-0.11244075330267138,-0.382528889624828
6500,4300,0.8960816527452086,1.5724156981486233,0.21359065000957428,-0.4665626502617848,0.5559985321808837,-0.3121231384300207,0.9350459776218645,-0.5322999167018881,1.4042746567075963,0.09095115860232436,0.9672378761186167,-0.19522247027012588,0.37148896547100035
6500,4400,0.4409318101827204,0.8579949319653688,1.6394822971343566,-0.7031220992080269,0.11239440409889244,-0.2981486123205075,0.6328620522263162,-1.2926757874257457,1.4003878996045622,-0.09519339183087819,0.8108673439600427,-0.8148315884262648,0.990034555342686
6500,4500,1.4022081138246663,0.1261424328361057,1.1908460129851466,-0.43186735484549416,1.6118206370847628,-0.188717400016826,1.2781591998106268,-1.585258336436268,1.2119013977881548,-0.09829398283464226,0.614906369350362,-0.6921591191093226,0.3262905667999268
6500,4600,0.7224233771515666,0.7405874384707983,0.8984511151928011,-0.5727648142911949,0.9525741295832266,-0.13634903410234775,0.5534755828520653,-1.3190222859761984,2.095831263064872,0.2698601159658205,0.7678098993911604,-0.5733170176103702,1.1725702148034804
6500,4700,1.3269996848019052,1.4743244572218646,0.2874462842234356,-0.5272985119202712,0.6802873998021616,-0.267276868320806,1.8388697475249958,-1.0896323581617975,0.14060547108205856,0.7649762286205134,1.0005433989033268,0.2088539227563632,0.8904701637521659
6500,4800,0.9428225417306741,1.3625315610856183,-0.016852021962547193,0.10031826552398067,0.9700467029861914,-0.6643752995129291,1.382127569404616,-0.8447910929265805,0.14621763502212273,1.3836392222020313,0.9904897416229445,0.1514317320307251,0.8362386866851846
6500,4900,-0.012157551050713101,1.212683671490915,0.3408055531545811,0.07608470063842389,0.34979227251215655,-0.4499883671981686,0.5079721273628844,-0.5883003573979836,0.7645444622055194,0.6361314756276975,0.5424645991400958,0.6077286389318639,-0.32987060153848957
6500,5000,1.0934674846772705,0.9284302476416981,0.4503201877244139,-0.5657000126701954,-0.005690232928427464,-0.28595833209521193,0.5101335528623369,-0.7842805126450025,1.5777623845046482,-0.7241468653457923,1.3073524875252194,0.3982811969891366,0.4716616249844881
6500,5100,0.8710873959956705,0.8359095549134012,-0.07130258516756324,-1.0854668750810574,0.47912287666382397,-0.2928648839582941,1.3760114734911144,-1.1733266499778625,0.7707752501111615,-0.37442884370248575,1.5749251755462417,-0.2469346567840929,0.6261692008752878
6500,5200,1.6447518614054046,1.1478957560430565,-0.5726157569860721,0.20843853764987105,-0.37990038335253734,-0.3600804406354708,1.2152843956336141,-1.261877844309377,0.33833132203052513,-0.5657515829975099,1.7319522275944124,0.13973452054249694,0.5382746777391902
6500,5300,0.6058783231277042,0.3637216737027814,0.17713731211881706,-0.7386107252385038,-0.28201282053675397,-0.17424933192841363,0.28224834470654636,-0.6497923623708853,-0.6519848553704845,0.18497398884501767,1.584086396823511,-0.5741011336778925,0.6044361673842611
6500,5400,-0.8971992534824897,-0.1619862645826362,-0.7617891395994874,0.6291925463995839,0.22392341961482606,0.8043305790928285,0.21754914055218305,-0.5503001812805434,-0.08916023485594177,0.8079840449620819,-0.9637117355724554,-0.32513899209010977,-1.2573335754857629
6500,5500,-1.1235080525328165,-0.6865007800094849,-0.7333553539602237,0.3747316574379298,-0.781431081852783,1.3589326055872628,-1.1792577154461725,0.2979305424777168,-0.9495084620174351,0.24506278049494679,-0.8550788429550232,0.272816645270735,-0.8480756683388336
6500,5600,-1.1839691105033696,-0.8430231501828379,-1.0329533711603909,-0.540372111165713,0.47873892704432036,1.4522054893829142,-1.4136705198946988,0.8255798902000305,-0.27144817818499056,-0.18605436700952707,-1.0938782513630296,0.4244140382404364,-1.2110027165125654
6500,5700,-0.15452612327141882,-0.22356478624198994,0.12163256635272851,0.11374300545112688,-0.27518852861183596,0.8723017204627077,-1.005806414435456,0.5340219719061818,-0.4132342247447505,-0.052802497217530685,-0.19293027676800578,1.461122063362176,-0.47790423678879584
6500,5800,0.12330294934077779,-0.9905017879967755,-0.13147281872094407,-0.8155819200174766,-1.3269437591459166,-0.2194830924803146,-0.3397314447508479,0.8167846069043954,-0.5927927535890735,-0.6246087264962891,-0.3396447846712597,1.5216407029739645,0.8261037124137818
6500,5900,-0.8489818943879522,-0.9877814014508143,-0.3955441363801727,-0.8821733814334346,-0.9244846775262078,0.36696566488228066,-1.4597337267087447,-0.11211602647316675,0.8886920408006872,0.31893291211927444,-0.510821181084615,1.538886370328262,1.4829990127811907
6500,6000,-1.1659615026049337,-0.9798880179042854,-0.4500123846835119,-0.7446885520331166,0.394931545817683,-0.3826525547797924,-0.03972038278016616,0.17723121838921144,1.2313204318275255,0.5234983581952333,-0.9318732227129352,1.3731583205403144,0.19872190372440715
6500,6100,-0.4682526750267025,-0.40949582652755323,-0.4069452982890715,0.2395890021293772,0.2658337914978227,-0.025776229088414433,-0.3679358497625596,0.052310821628563486,1.2275636703065709,0.27726782226180463,-0.8465300026914261,0.1663522569299161,-0.0036290545502091977
6500,6200,1.217544171166561,-0.2337675287159258,-0.23543050177055086,-0.22305070413339043,1.1779481325560157,-0.5058259516767036,0.2916572994382502,-0.08791327111230586,0.5444492762995113,1.0711000687361072,0.5217639608075147,0.07905160394006348,0.5050723729808843
6500,6300,1.4153524730650568,1.4831586709535791,0.3867944491663841,-0.2522162905543766,0.9611281930914809,-0.6304541004805299,1.9083075441545054,-0.23892505251690646,1.33520250560295,1.017359954272605,1.0091384937134593,0.13654760690345052,1.024095122443801
6500,6400,0.9201066187473392,1.8474138550745505,0.36914535666430853,-1.3221345850361432,0.6322237043279374,-0.72029770065273,1.6296168297049372,-1.6789842127567147,0.999298632850898,-0.7186339098441574,1.1060954693817049,-0.17995829753272138,1.0230449447998484
6500,6500,0.8783203966945926,0.1288756768123324,0.3472550692861697,-1.574925298466106,0.7646465994629938,-0.8138482260368751,1.3075814016151392,-1.0108812171310932,1.8230868750935199,1.5539612988684948,1.201984563698612,0.330787259051659,1.5859662239624637
6500,6600,1.5924387436770484,0.5136084334644505,0.40543361432259084,-1.4725237088451248,1.7022294830870661,-1.018705472218985,1.4950309970257547,-1.177537326041148,1.3600073686864584,1.1666764916079828,0.9180113214903357,-1.324096430593103,1.2368921538715383
6500,6700,1.2706773913835296,0.19599815687764002,0.48033025082524744,-1.506873073177115,1.1249000441189994,-1.0669341931400533,1.6874100133681353,-1.945497247624488,1.9744484532597886,1.4614138384127093,1.3631178476584316,-1.2670548476672638,2.383029217537373
6500,6800,1.7207542647287188,1.3353467351576132,0.8284683981928096,-1.5088668878796259,1.4036652800998612,-0.8003142239665861,2.1541336663715285,-1.6679676401647843,1.6332728449962615,1.1565509825424276,2.1121005705060276,-0.5505047118888783,1.5722900979938823
6500,6900,1.4402531659738784,1.1328996675612881,1.0652829514499327,-1.4167860481622805,1.6580764112032658,-1.0590329441759143,1.31787183810202,-1.4560576029911698,1.6954561650693556,2.4360030437835443,1.4622408576626584,-0.8682212122277003,1.1315550938609935
6500,7000,1.9802929864028254,2.062494607504636,1.0647802314286636,-1.8624132710536556,1.6406310341136632,-1.772117208702485,1.3903208752798928,-1.2640124872432028,1.9309434269932357,1.9849570920030382,1.7122810490961955,-1.928240912695118,2.1506244406807418
6500,7100,2.2087846027183056,1.4207470914534894,1.800483040129372,-0.5012040595030345,1.7016826709048294,-1.2590736007875358,1.8762167206955758,-1.9253219101388745,2.837600146895186,2.2260577766628002,1.3621393406458664,-0.6693988157956942,1.9715296354477778
6500,7200,1.7540815849616316,1.3895249836494148,0.5143677222760894,-0.47755101100558667,0.44319236676893486,-1.3528909530552669,1.4456383871537675,-1.3495959272725113,1.8714854522255435,1.8667846964946937,1.2916775834967906,-0.497888126325133,1.684411148672818
6500,7300,1.3888036974329023,1.4140655780571942,-0.1529782740576013,-1.214814098123882,0.24301755814120674,-1.3898692311125054,1.6048281784529836,-1.1934993524587207,1.4339618979979893,1.7975398967079246,1.5005288982782825,-0.18365323262419997,1.8493568222234165
6500,7400,1.1677503915157792,1.5037917286881937,-0.05857156291030322,-0.8913409243897104,0.881275238459843,-1.167003269562708,1.3545448407653304,-0.9806665129961043,1.197197077328827,1.260578929469707,1.4584270913909367,-0.34988789356665345,1.5952150876530118
6500,7500,1.1317419055700313,1.6470461476663447,0.6112258375630287,-0.5524028607976094,1.5017833405077474,-1.0876853027735958,1.0323618758724753,-0.7570710470149413,1.581930030652363,2.048677904470134,1.2656567283424331,-0.4913580441263763,1.8383568886878583
6500,7600,1.1111738129880822,1.2994250107385044,1.377616014107174,-0.6964584090486794,0.9095822903457518,-0.7766035670356766,1.0501975247195665,-0.8122561421287846,1.6099970577608282,1.5044591895344774,1.5463691672987145,-1.436310480947907,1.5157481306265383
6500,7700,1.2856661919831207,1.7031718343116793,1.3439727793003275,-0.8618007826295745,1.3618200374773106,-0.3449335964075744,1.0910035395252689,-1.2335197079415416,1.8328416730825046,1.4419492377128817,1.5520445937113059,-1.534720537329874,1.3854849484942349
6500,7800,1.202656959337333,2.051852570623285,1.5661581144580816,-0.86615831594272,1.2961419984039657,-0.7788368289575441,1.6991345483975433,-1.370819693876526,1.176943055503855,2.0153937684701573,1.0113852352144843,-1.0863569564094315,0.20041428859944577
6500,7900,0.9658564972249192,1.8863349352870056,2.05302577545471,-0.5242620602217297,1.329941268644926,-1.2335385895230104,0.9357136582649307,-1.1374935217342688,0.6518715668992995,1.2547538596801604,1.0333512083992262,-1.4535050355113375,0.6791286868395655
6500,8000,1.0293401307606633,0.75190087919713,1.4484292377070596,0.36192812297322363,1.196283327705502,-1.9571019042349376,0.8634417630500043,-1.284896840547308,0.22189882222245594,1.9205050207131704,1.516047251911727,-1.485472404200805,-0.11744985935213964
6500,8100,1.2204028619648941,1.7341606296410412,1.7181476648372462,0.0009021247650378337,0.8918778421893083,-0.9421994996889136,1.3260904882369093,-1.2051293264195,1.3580106213813243,1.396094275300651,1.821948834932592,-1.6023595864164561,0.5135115097399338
6500,8200,1.0728841002447138,0.8546473610961013,1.2269815150011274,0.4970840269137936,0.36446925261172614,-0.2547367550550824,0.30899044321182595,-1.375497229493366,0.18664729385116294,1.7133488991664134,1.6480601335175125,-1.0172363271801521,0.8290622235048347
6500,8300,0.5664538367788363,0.6007153472802408,0.9934137859501486,0.30743014746611563,0.09607459803803042,-0.2655949529737366,0.5407583925920841,-0.6483371579736875,0.2426274470699807,0.44932467048307456,1.5341492843887166,-0.284478361267462,1.1700551466111522
6500,8400,-0.36541278726114246,0.5855813913599236,-0.9100987269271453,1.4211936454703151,-1.8709813451754942,0.5865997969155665,-0.7008526372041235,0.11924061524469984,-0.6842513974088321,0.29559009943738573,-0.25009325985905223,1.708965453799055,-0.20274117356169918
6500,8500,-0.22566882560215892,-0.5067733654473617,-0.1431474531197518,0.659116635888528,-0.7449203193693205,0.06836911304370122,-0.4607134955210123,0.9079400527553838,-0.4669865349175909,0.34615954469071836,-0.24011165243449292,1.2517250820896342,-0.6157133847029804
6500,8600,-0.8945405378431099,-0.8576073563937121,-0.47255120225144476,0.299353871945966,-0.5499247810587957,0.7926787215510277,-1.2328094138978072,-0.05737634242078453,-0.46339397358927953,-1.2682760754952955,-1.0361851041479513,1.6847764543100539,-0.7110189940700359
6500,8700,-0.7276190104733073,-1.210638555795001,-0.28184695234005946,-0.011020192376344683,-1.2617636776928072,1.1323079640030334,-1.4833157663462748,1.3983812402760325,-1.6037948417841714,-0.204556666691584,-0.6148634353449991,1.4390285533039822,-0.6302093218515148
6500,8800,-1.3468725081688064,-1.048665595997953,-0.6017765321525849,0.6823535763083712,-1.1206083391189559,0.9648085481684266,-0.3404406597487776,0.9121661723115152,-1.7549113858888323,0.035196879156749274,-0.5225915230087043,0.047936745344475014,-1.0250550010187827
6500,8900,-1.065141397427297,-0.2684560988545383,-1.0200485600876956,1.4807733980873186,-0.665455583079718,0.8628869751087576,-0.8811340588746605,0.3125128040992665,-0.8402167657169,1.2551857982824453,-0.6914348288413302,1.0457572475878725,-0.8033598147864864
6500,9000,-1.1588585339827084,-1.0224956002117565,-0.9062100414407567,1.7326966808973734,-0.6698509551204915,1.170967154914778,-0.21094948126237406,0.11183631590342243,0.0860976437839221,0.5177954482483021,-0.26087420050515464,0.45193396939159414,0.22511054958640228
6500,9100,-0.5647466591350541,-0.3039147183518246,-0.5863277574694726,1.4938604226551726,-0.2819741487212881,0.9142119268960274,-0.41355045471331453,0.551341455018477,-0.16208101511099024,-0.17313443562318429,-0.23017169034240245,-0.886818548804014,-0.6451116006833454
6500,9200,0.1508298888240266,-0.08225675978105862,0.7833900445691203,1.3643264549335385,-0.37301900696435103,0.2558761411392478,0.6860175954673604,-0.35486413767947983,-0.653382177669879,-0.08426878590222968,0.8447261645019789,-0.9716857803177166,0.7164913185888767
6500,9300,0.8842747815299657,0.4982386447422445,0.907510149110374,1.1227659312980423,0.4632643040284699,0.48933295248852116,0.7859558403786315,-1.145373474860561,0.35325587407279113,-0.25285795818929024,0.8262658669663827,-1.1045481167629427,1.3000117244096336
6500,9400,1.1307544404310623,1.0528911830848526,2.2849367236654925,0.5783388079939418,1.0376940697059351,-0.8558015700819083,1.1205485924394676,-1.4119449131258406,0.285865521577675,-0.00862598350447979,0.8396827997723522,-0.6480710614363424,0.7338503169561356
6500,9500,0.9562643134702694,1.1569508128062522,1.5851080690386,0.7550422483666462,1.1630029048778183,-1.2532092242055397,1.3610961315667272,-0.7907771584964579,-0.3346114911219067,0.24537645793062776,1.2256537909246776,-0.7632152815714774,1.4785291156173763
6500,9600,0.4932767305267268,1.0452165360103958,1.5565779028213973,0.7666923515536959,0.5559279514262695,-1.3165362457664884,1.6219263679330551,-1.5067084494334446,0.7957493897302371,-0.049997721806398276,0.2668728916699236,-1.658331991637257,2.205442868945649
6500,9700,1.235763129127769,1.2450309311633667,1.2330340281130772,-0.602296426005849,1.742888646832807,-1.1206993366295952,0.7832669620978697,-1.3045108817044195,0.6144422598187608,-0.039686368160559,0.709434876525279,-0.4820429967437931,1.9075345322462955
6500,9800,0.4308041052464387,0.9029943474820172,1.803184324412248,-0.540910123775796,0.9030419771868496,-0.633404917738492,0.37585450996425446,-0.7619840355374442,1.175009902081665,-0.4291387610821692,0.6530111237088507,-0.7174788680667911,1.4286668997154186
6500,9900,1.026433718367131,1.588513038530352,1.0572149245301423,-1.4468951468690694,0.9639513432326593,-0.4308044041614026,0.7680002281114718,-1.5752091999544602,0.8968978974102457,-1.59105403342912,1.41973022787115,-0.323195504808563,1.8594873117805162
6600,0,-0.1000682201692754,-0.657594076697138,-0.3690683804116415,-0.9246704014737743,-1.0100555277425638,-1.0470840655375966,-0.4834083901106289,1.3712959896166865,0.24342896525420882,-0.8357557955774717,0.033677565008132376,1.2663836143974345,-1.1217375607785751
6600,100,-0.9513894318316033,-1.02192475590835,-0.08559517491779457,0.7158711409981189,-1.189238697414653,-1.1913299872804994,-0.6737840577700003,0.18416074458307521,-0.3477928936823768,-0.8865430860710384,-1.0078308161120146,1.3335553262808255,-1.1063343459501795
6600,200,-0.801113849222906,-1.1311204965534176,-0.6239688374982413,0.8980129314800654,-1.684016387447866,-0.6783925213262795,-0.8150084473959786,0.8026608743593875,-1.44205692388847,-0.10385309816999506,-0.6196937542803451,1.4555301255721307,-1.3423722765031996
6600,300,-0.7728434826888254,-1.1802733606610072,-1.4613157109046073,1.744858720716115,-0.9846048049263929,-0.1705014753920225,-0.46996590229142304,0.4764693308183314,-0.8384549441830106,-0.4815250741902179,-0.4137281274404154,1.4030707211895814,-0.6279094501984914
6600,400,-0.8192555912450088,-0.6262285158985219,-0.020621714586271156,1.031480141380389,-1.2490973353516668,-0.42848050211097033,-0.6692737072145938,0.5732023910336563,-1.0697554124890232,0.09583581185792929,-1.0528592264130179,1.367800159172976,-0.40962617217643293
6600,500,-0.34388372884208873,-0.3744612649027632,-0.008377214475002255,1.6908899240517943,0.16056117680423096,0.8134921923308132,-1.0832201750438546,0.2171267058025608,-1.0206688957475618,-0.223111924057405,-1.605171334130753,0.7875968821697774,-0.5094877328164971
6600,600,-0.22028181366265315,-0.22042282376290293,0.8506183582378303,1.5068841927067242,0.35592824361221886,1.2718518583881995,0.2633765437228506,-0.2619800926110572,-1.3258057842693063,-0.4006579777497773,-0.34391377055769307,1.3779040013403734,-0.35770962109150195
6600,700,-0.7729183157543411,-1.3468414818777734,0.30545670894838617,1.0944640379830521,-0.461368189064374,1.0012827752341944,-0.44626835617988714,0.569903140449422,-0.6400564975112936,-0.048449346243248335,-0.8430705505642299,0.9381606727668866,0.0804051054056383
6600,800,-1.4130482150589536,-1.7408264554963275,-0.5396556158995317,1.488775578652295,-0.3589075314935188,1.4114406464107718,-1.181782601782807,1.506181045055221,-0.9091064173726688,-0.3213285203861573,-0.2728790433117688,1.235213657901288,-1.1790787773684868
6600,900,-0.8145365792418405,-1.283006144657872,-0.2786929224590807,1.749819272313383,-0.14570701409371925,2.2682454206743725,-1.2734211664233992,0.7546459507861187,-1.1078050849356151,-1.3403921809379458,-0.7816345680248228,1.2993642382370736,-1.2104787175068363
6600,1000,-0.6935502385262436,-0.945740644673946,-0.4192964073077806,1.7634270306907722,-1.0705241073754677,1.6764569530852473,-0.6666897138563607,0.2738376283456543,-1.3639694364006256,-1.2562502932691424,-1.2103329439241628,1.8296771186023002,-1.3201712551062308
6600,1100,-0.6077057177023626,-1.0860553910289794,-0.10717661692034527,1.2982881133605888,-1.771701508610847,1.4784953806980983,-0.8602511386637616,0.9283934170568342,-1.4148365678450572,-0.657348840953621,-0.9516140913492287,1.4605938781822314,-0.9412921513877692
6600,1200,-1.179896728774774,-0.8238087487227702,-1.2615344187013837,-0.04838750308922342,-1.2531767766275297,1.2898361697398812,-1.3744125066650104,1.1281934219728913,-1.546732983915562,-0.461378860003326,-1.0227244763076948,1.5376703783496457,-1.1105622492216747
6600,1300,-1.6299289857444688,-1.7394271558155283,-0.7560369740586688,0.5382137027624826,-0.966991748709961,0.682906312114707,-0.9670902952683345,1.4447148650066197,-1.5196617286509932,-1.1745003960983091,-0.9455290158941491,1.3268241831286494,-0.9935717085859825
6600,1400,-1.74001952771956,-1.266644610390394,-1.4432217124238607,0.9332492352045678,-1.0579528102507212,1.190309943719544,-1.0982976030196994,1.2807919298208534,-1.2474042763924644,-0.7626308432309991,-1.5696153872260241,1.8370825533733435,-1.5327264645789882
6600,1500,-1.2496379365741213,-1.6234887731474663,-1.3865998037340543,0.8067878270164864,-1.747496566836664,1.315661065642506,-1.2503435816457886,1.168329162186463,-1.6760460376283302,-0.5512889027990738,-1.2508448035912911,2.3359790393387008,-1.1253512134240486
6600,1600,-1.3943380100559286,-1.894679828071076,-1.3231683720181582,1.3949898747644147,-1.1888945468601908,2.1580749972087165,-1.927348599451208,1.6975629001147692,-1.368377754576709,-0.393820690873444,-1.620628162680151,1.7579835508199313,-1.7788094953843172
6600,1700,-1.3463484508511026,-1.8244679280300617,-0.8999319226858992,1.1828540544642292,-1.3814467190539166,1.6155509037859235,-1.8301149448257936,1.7140914643054908,-1.366074682477998,-0.8123088073491083,-1.3732621820610007,1.7076245373066332,-1.4184900534236256
6600,1800,-2.0589863503708354,-1.4233691664889285,-1.4862142679858745,0.6173872470077196,-1.2610953404132592,1.5505579228472344,-0.8388643580173396,1.6966371097055506,-1.3239859416350974,-1.4498514072466155,-1.1904164654074831,1.0728966204313304,-1.1188947204526252
6600,1900,-1.378046556935852,-1.678751105977624,-1.2600691669733461,0.6092092372434063,-1.4678620762816657,1.6614679896869713,-1.4984628886230416,2.4011304036986716,-1.0165772344767279,-0.4660755937277077,-1.6116029574011648,1.843021673507666,-1.0246717010181559
6600,2000,-0.7492652371644092,-1.0196090868997891,-1.2091435644934239,0.4276545905888227,-2.260960011364639,1.595378262638454,-1.683178045354467,1.6255747619242131,-1.0127709926571518,-0.18848303993700466,-0.5474447535359115,1.8620337731557421,-1.1721668011389605
6600,2100,-1.4553793579957197,-0.8710117324006077,-0.3638102455889869,0.9359332177768285,-1.7584774134312529,1.4309978338361764,-1.3058440706308512,1.5353972728912155,-0.37571992776583635,-0.9348798965297787,-0.9024895455484973,1.8097664271655116,-1.6520433759404474
6600,2200,-1.3562007888304908,-1.4153382231308862,-0.823359219591796,-0.360999527883647,-0.9710857862831085,-0.17762931404312843,-0.569785337942552,1.7399119324656342,-0.6865971748620846,-0.4292004385103584,-0.430168091258287,1.0408898013123924,-1.2955104168803753
6600,2300,-0.9041131670442744,-0.35721194836168835,-0.22447638060244088,-0.5466774549704859,-0.6734427482893884,-0.5205723823415591,-0.13757967708354518,1.4494646907740665,-0.5895287526951979,-0.3266133553091405,-0.9427221775914052,1.6760166520868895,-1.232266205914988
6600,2400,-0.6160036645012852,-0.6946555107944268,-0.30429734924274027,-1.2669021719185567,-0.277542154931351,-0.22813343073879525,-0.3363778478089509,0.5761734433220631,-0.7771998886223844,-0.625657981972995,-0.5354237309787323,0.4398322871015609,-1.3972982734399106
6600,2500,-0.2843145229951985,-0.6351738616894174,-1.3147690351911152,-1.0399987243863353,-0.041676058242996326,0.09586304321927452,-0.15436087948973246,-0.4883291505318202,-0.594060765176062,-0.9371374963575038,-0.36646967859539165,0.7743490691802694,-0.8371307421588381
6600,2600,-1.1004448893060623,-1.0674264762135635,-1.3972188220448538,-1.2401313149000637,-1.4211446571914388,0.7611734090958016,-1.3441050253403108,0.34507647858014306,-0.6120505804913212,-0.6266098764615923,-0.9286000941695204,0.25036302156521123,-0.4132773707903616
6600,2700,-0.9333826219505006,-0.6542494287956527,-1.2749376087434097,-1.1637311270642658,-0.5035096387273602,0.7139581845105797,-1.2832317104638442,0.6487552609761084,-1.1794470253394442,0.10409714364402306,-0.8673391505026675,0.26002187340631067,-0.7753078100781977
6600,2800,-0.6482663973264883,0.2045253472604265,-1.7757643619466543,-1.1445002785678382,-0.2514693832499037,1.5193517860311443,-1.1253527407904105,1.1648128751910303,-1.684377375426394,0.4983964872726441,-1.0149471590262922,-0.8096151313661214,-0.5043137868819855
6600,2900,-0.8997133928918716,-0.5620028793611477,-1.8953734183476254,-0.14758074021648454,-1.3695930002587315,1.5128694967665113,-0.7272385686397492,1.6385171017090294,-1.3421507019956316,-0.24913597906235788,-1.2081833250765825,0.06587898962007406,-1.58703865795607
6600,3000,-1.2677038813480563,-1.0772943375507738,-1.64976844438833,0.11800894342608076,-0.3892433078605071,2.037462287260851,-1.5450860717867456,1.88124942367314,-1.2579650517497658,-0.16887981057311632,-0.24885620526166732,0.22947188402400664,-1.9162695551251256
6600,3100,-0.5690511310898542,-1.0578318344101592,-1.020001886483166,0.6439002973795637,-1.0788004233485813,1.2425437293237482,-0.7748953569333635,1.6604610204740204,-0.5889582376584094,-0.4334052548919064,-0.9143730140977391,0.18942737690107225,-0.6087161206809274
6600,3200,-1.5065968252626247,-1.0962444975664674,-0.8434383755952866,0.039226897189347694,-0.7384391769878696,0.07852774685691595,-0.985117497478372,1.571697975709821,0.1440889048736093,-0.5853545896586702,-1.0676073021593173,-0.4577186778136276,-1.492959796297043
6600,3300,-1.2441939966160798,-0.8492147414310584,-0.8268591752460067,0.7180143573198088,-0.7662181731381135,0.1394311651448329,-1.0009331078349393,0.9416665564052223,1.0078583089353883,-0.8672710047795875,-1.3265542273305224,0.6908177601613119,-0.4221768365617336
6600,3400,0.08966605279373471,-0.2134986467228606,0.12843165871686507,1.0800637050925264,-0.6930247752608679,0.28873444720960184,-0.193169261245127,0.9211162327388741,0.5936141001320908,-2.1959102348043684,-0.2047486685023772,-0.7379886653219624,-0.4312114886772465
6600,3500,-0.16018444250780983,0.30496699978353964,0.5353252854227634,0.693873070676019,0.2011102948883164,-0.2513441016596762,0.0894796546949105,0.34700342118460736,-0.25166260328338724,-0.49234193009008875,-0.2227096502626593,0.0380279399104285,-0.773353548195549
6600,3600,0.6246218695524361,1.484217701339823,-0.15412933280918992,-0.17168197145178674,0.48151777981221827,-0.23298110331817948,0.4399495352740964,-0.2578468540788176,1.0533345711955477,-0.4608038718797521,0.8384046692224526,-0.41564821304566185,-1.107200055150727
6600,3700,-0.04895599656095758,0.8695405877525921,0.9119498401099864,0.17096225400381074,0.1728828453426833,-0.41552039730384166,0.24073253847424975,-0.13033883420798298,0.1552282800583945,-0.8138304122445089,0.2917283505326084,-0.2777853658666677,-0.33518641247745085
6600,3800,-0.9176458914962294,-0.9961727829853152,0.40386245862946396,0.8030857823949145,-0.4296072393138569,-0.1488476522404591,-1.0063202167867504,-1.5697625654867318,1.330873212289213,-1.2010057013315174,-0.5428020877890387,-0.43392901266918477,-0.7020746926401263
6600,3900,-1.1070998059603887,-0.5141806886953325,0.018817737494010372,0.8801265732470754,-0.06119699082719098,0.22975091627862645,-0.20739753778152709,-0.726804013150283,1.321165190564492,-1.378112329290146,-0.3769418416339867,-0.12403353252494619,-0.7914496674022192
6600,4000,0.4195997664513182,-0.21690155417949086,-0.029057505937434863,-0.9804011803496708,0.6056008209124747,0.1497675487271618,-0.599701893249693,-0.418194931885324,1.138035683381541,-1.3299641196028718,-0.3207473279608463,-0.5075722413335879,-0.0051167737103312
6600,4100,-0.2495219468573699,-0.5555899867117168,-0.055343968093863403,-1.3500282685294513,1.0528484665945237,-0.06848318176375962,0.4453552443266803,-0.5105869799006106,1.5298611072195094,-0.23722240080332155,-0.023293385776155646,-0.7449539196123547,-0.29023216141111197
6600,4200,-0.35455541633429355,0.029760281702669655,-0.7856301255568535,-1.4352687803424584,0.307519553375491,-0.7387138183508817,0.008426481017795778,-0.7433645041004255,0.693976585374693,-1.002711133701307,-0.48971296381335455,0.28252528781806774,0.1414116879506179
6600,4300,0.6803371319808161,0.5123375456932083,0.5334904713056815,-0.9126084527372534,0.4630182972925143,-0.4088769265193967,0.19359146613544695,-0.8317166940353423,1.2492562796347777,-0.24529520679780678,0.7563572582998342,-0.09782158002266504,-0.20877365818527324
6600,4400,1.3127816957055694,1.7037599204144869,0.31415037043292104,-0.4102962557398673,-0.08692973569747904,0.15405632631611743,1.9191467617951634,-0.9794089087924074,1.0468949298068468,0.26963819121904076,1.128436568178588,0.3130368558815631,0.27896474417231926
6600,4500,0.6948051697161896,1.2752268192403695,0.8997070840241904,-0.9244279396485133,1.4211315516966638,-0.6429161763487746,1.593955540625195,-0.21530360739810822,1.2390078979714183,0.4047295193380078,1.6259618815366206,-0.48763570195976763,0.48733796171358135
6600,4600,1.0363135796058052,0.4284026903927419,0.4569743675808993,-0.2252985979911935,0.10112958996547752,-0.8480880404510809,0.8412519417128845,-1.8816406783878008,1.5494877818220623,-0.022215093445669857,1.5816180740895793,-0.3817998492583455,0.1538373140237712
6600,4700,0.7878151574656136,0.891876558274568,1.0870205048972184,0.2789623419742683,1.8677849081254136,-0.35039200682054494,0.3645891465351528,-1.9009222181904906,0.9458568810627611,0.7058057848497634,1.0058204064018648,-0.5073204483453414,1.0431244086256517
6600,4800,0.7096747506899583,1.483643208828588,-1.4534294222841464,-0.350874305835652,0.41151317963713396,-1.3572169654069737,0.7621163749440121,-0.9649506843765686,0.993431540268718,1.1280998158311932,0.1284165761938796,-0.10114908564864841,0.457194397389621
6600,4900,0.43877691417387,1.3020679069521945,-0.26125094534629006,-0.8899088615481039,0.08363653307428283,-0.5566498110843301,0.19799316843972342,-1.5377314919059442,0.971797937036082,0.7573215423061564,0.8352420888365902,-0.14153868927784605,-0.3029962762904633
6600,5000,0.13773266975845402,0.6974253405012383,-0.09246425051783223,0.3125937213758369,1.0280075442471237,-0.3803797903134954,0.776899969630257,-0.8470374426440619,0.4349222154335057,-0.32871587942404523,0.17694013011043605,1.14087974459859,0.41938775687496316
6600,5100,1.8366026697395512,1.4550227973093177,1.2261432805089267,-0.45812890194894046,1.0965414813886798,-0.6671563538411005,1.7767601102825599,-1.561618128539077,1.217321783855922,0.25363710928240907,1.4338437815188108,-0.35862397104567106,0.7563191233316284
6600,5200,2.061243996358381,1.0067270866896516,0.11172242899429718,-0.753681760582109,0.6390962300982959,-0.21022747645366738,1.6499963589719013,-1.1015323401907893,0.26591013143695946,-0.2940040741945453,1.848591013405827,-0.015202882423014645,0.494600601949482
6600,5300,0.7816021093957266,1.0859950302917185,0.4010249697508199,-0.3903192787770339,-0.10680214637902018,-0.3215827700002671,0.3314571220963938,-1.364784092580525,-0.2836999422915557,-0.8922519838739057,0.8271969218997381,0.5514322381728589,1.1722936804713089
6600,5400,-0.6261715291898715,-0.13610754436581654,-0.5012580277876942,-0.06495212626928251,0.45058546114072856,0.8820793032411017,-0.7109976789049042,-0.3466540755443501,0.14274560658478838,-0.39275192690349703,-1.0873899312553765,0.2407122064077052,-0.5918906673575389
6600,5500,-0.8653214492028249,-0.6488613440050066,-1.181110608950171,0.23826092235651933,-0.449557884960355,1.5699732860877056,-0.8524011902556786,-0.4502283217049331,-0.5225654737880646,-0.2942270303015561,-1.5189579166541687,0.5564219739701367,-0.7197732623147209
6600,5600,-2.03924654089015,-0.5266886138961139,-0.7599068022265393,-0.13335602706738764,-0.6082574223402888,0.9500113486081597,-0.564207376347924,-0.10581250975460216,-0.5259015577896277,-0.3621720326305995,-0.7323550137020849,1.2984560912837941,-1.2630332992439501
6600,5700,-1.0733392125528902,-1.5059957389853795,-0.06754378845252336,-1.068175153237595,-0.6681367128035548,1.075552077816477,-0.9056701747283982,0.5534954231309226,-1.2698868669766428,-0.14523112010033323,-0.9287047668021368,1.187061024086845,-1.0507546435807658
6600,5800,-0.13173992949993846,-0.5911055885698605,-0.43570058671175543,-0.8162386380035114,-0.546088023234,-0.5119812432127308,-0.8463060488441702,0.05448702150977667,-0.04636555698229243,-0.06690573479630497,-0.2205381894678355,1.2289385881865482,0.3788152735037094
6600,5900,0.1504709601143916,-0.8373261448133087,-1.27837106739199,-0.7620577946365262,-0.026954858931948298,-0.19354312283114816,-1.0169024572880527,-0.12221918057138476,0.17104419962561193,0.825565907050767,0.11764380068519063,1.6997549997372268,0.9226229856553216
6600,6000,-0.9197398480676532,-0.9239924835408196,-0.4075403608774717,-1.257055346588857,0.23498826548698357,-0.4174458487201983,-1.0261152317009752,-0.3363711489217034,1.047880264012495,0.09928348464064837,-0.5891567828068945,0.47784232271042987,0.8326239746658302
6600,6100,-0.08553903662182243,0.08372230869505187,-0.48692642527791696,-0.4918085369350955,-0.014813590684350373,-0.2546785662407049,-0.3748544401694346,-0.22316177956944958,1.28559124393902,0.4136642652778498,-0.7310790478518955,0.8016639537920741,0.46744121871518823
6600,6200,0.7977208251158818,-0.09280091803734532,-0.0480729755671985,-0.7594371999511769,1.3804767691652424,-0.3842060357638995,0.8489854398013741,-0.630626637899296,1.1397289619104753,0.462931269984191,-0.04816984307233126,-0.431709086333258,-0.03469799265064931
6600,6300,1.0214609542561173,0.6555314125398248,-0.22288795264415118,-1.5142247293107747,0.6153337170330413,-0.8564987920890251,1.7143949879776061,-0.8390562254283901,0.762585817694443,1.086232132468853,1.17657046558746,-0.15832398419098936,0.4346849974312081
6600,6400,0.8253580042352754,1.4032798584535195,1.0171136926678108,-1.8112492146020698,0.6943277236777761,-1.003345940340563,1.4437206908489875,-1.5083446206207383,1.2101881884035959,0.9276000782368929,0.9572466422427023,0.11903041188691749,1.0997870847153144
6600,6500,1.6802106348270387,1.3765193279868917,0.760504923713508,-1.395296571329556,1.2717658928791131,-1.1793760188922515,0.8259367087966447,-1.418485720858842,0.9666623243385686,0.84256402049159,1.1804942302984331,0.2394290599055288,1.7579839602570444
6600,6600,1.3836536421413819,0.91825663573134,0.5238127770013878,-1.6389723940624392,1.0968799343215416,-1.419407219291381,1.4007691976373098,-1.3500253803661013,1.8548292757847658,1.101078661915965,1.0300379003052345,-0.7965804823571087,1.4190032675735735
6600,6700,1.3719605921138867,0.6406090177154166,1.1051562970575324,-1.6239274720458723,2.0182008315280386,-2.031060775437546,1.7787904471164637,-0.9006598946347351,1.3744181523773367,2.0655151448791593,1.1179150515516079,-1.0205371187422405,1.3086870396399144
6600,6800,2.3322213135558965,1.554258470624444,1.1725124426713185,-1.1943364582845464,1.2973037012817688,-0.9709836161203863,1.7909515820097552,-1.2102066403392968,1.7793787207334295,1.5780693093521774,1.9178641360052677,-1.0728703785813534,1.8037359612465527
6600,6900,0.7721830865224691,1.887226479070543,0.8312951169615842,-0.5563444648995012,1.425488804671831,-1.4807245338181865,1.718093926743809,-1.5025884422286468,2.123390262292447,1.697179670149254,1.3897180231550035,0.056122815863150204,1.9764657961894165
6600,7000,2.018286831992399,1.179108226494979,0.8957481328381923,-0.816508161881883,1.8640445626092628,-1.5469400169344514,1.4458267157123261,-1.5675398196481665,1.8057428202420067,2.1595998693203855,1.438161421932825,-1.0895094416716589,1.9781022840014753
6600,7100,1.4383959817058973,1.5405403481013296,1.323767742375251,-0.4800561837032504,1.6872982182201146,-1.5888159401208477,1.4855812085946416,-1.4388614428775472,1.6757719360948005,1.4238116044847011,2.0058306744002894,-1.162793047982299,1.710525483184222
6600,7200,2.015521019482309,1.1993391099257813,0.9035571350138517,-0.16840897855011483,1.2117308795512527,-1.2717205896244494,1.811124030624246,-1.5269306445155955,1.9635761351876395,1.684067161763572,1.5772295948636397,-0.798937741551201,1.748406439163364
6600,7300,1.1020254828170273,1.6912914664459509,-0.10800642368454674,-1.2699085848501355,1.1127544578314736,-1.3497397598826415,1.5905044810954623,-1.3094827862362515,2.0141269206508685,2.0550319586655257,1.871029891762997,-1.1540323562881976,1.6012168701477068
6600,7400,1.4471197812115233,1.1618642069295986,0.5923983072900857,-0.9143313010571332,1.0015007553200437,-0.33152942090574267,1.3601078558909105,-0.4124851264693817,1.8402462605160297,1.7926511147889366,1.8165381695245395,-1.038311205445001,1.881723101121512
6600,7500,1.851258652414533,1.5141466475470307,1.1365943293468581,-0.834481371840354,0.9811927768294582,-0.7309574738830575,1.097989149201278,-0.8479362176108985,1.6374558505053136,1.3823606085589062,1.6354132747020873,-0.46802241430177294,1.5806491705210675
6600,7600,1.3040691882107571,1.9853522485530368,1.3969561004033269,-0.8766823115933119,1.39771002739223,-1.460418552845584,2.052205111169985,-1.0538456263209635,1.425400957765455,1.8165846953794837,1.698668358309603,-0.9692582703193546,1.5257977757895262
6600,7700,0.24897773905555418,1.590626796690069,0.7568375924046556,-1.5363617312151088,1.338467906704371,-0.1772773961127479,0.4427296956012396,-0.8261936591613335,1.7376314729664162,1.4799763778973472,1.2329009776130146,-1.1005167957396382,0.3221910003592613
6600,7800,1.4642704523397114,1.617214791668908,1.3476104759942558,-1.3298048604971213,0.9975152003071419,-0.816944854514045,1.3227819503260607,-0.36399454695811323,1.5252141693269594,1.5895162027836185,1.776277250506673,-1.2030219684797383,0.8060868439344135
6600,7900,1.756463730435739,1.211654426652295,1.92421968427894,-0.7931487015376475,1.2828943935397519,-1.322399959912557,1.3884073121513414,-0.865046087790349,1.3229823486258159,2.0290167062873117,0.9516920598501655,-1.5571050736871757,1.3869104563876051
6600,8000,2.1111948150906406,1.2130690544513705,1.6345267114749817,0.22757073000902017,0.15790853558487108,-1.0103450157444174,1.0747799390139174,-1.3938313195226362,1.0694285139901123,2.0091465763339875,1.456103960899611,-0.7704656725522996,0.18166904441755902
6600,8100,1.6214911570019965,2.0560431382236692,1.0934688122308673,0.29034931561016647,0.023171289298386286,-0.28200119833941417,1.4472486875911277,-0.5759663542824749,0.04601124321178434,1.4893983762014433,1.3220138544004285,-1.147733568898472,0.0037759814087645186
6600,8200,1.5395057415864217,1.243102288853206,0.9557604220036933,0.44521407769284865,0.2467268006230212,-0.41585888949339755,1.3017774470793884,-1.0023881046502292,0.2588077166774964,1.700409705400811,1.5607049007770086,-1.2210947055261467,0.8746050358479461
6600,8300,1.127013639137819,0.5633959538183532,0.2519354590140903,0.11046574949757453,-0.4268669714912524,-0.43919685872249187,0.39516132000033627,-0.5255291985194095,-0.7165750033523937,1.2345641171270232,1.3387256321915453,-0.11677307288116083,-0.2980299267532314
6600,8400,-0.16471209375975837,-0.03666264373373413,0.440625744091432,1.5236900249093788,-0.8611989665808077,0.12343747179721581,-0.6000786130027281,1.1074299062487336,-1.2902137216631333,0.8324604137928322,-0.4432369924602618,1.281322630193136,-0.4711497951351738
6600,8500,-0.6234990976288732,0.36497260286438915,-0.3627985260696909,1.06798946821195,-0.7886581253744865,1.0186831928161986,-0.9491193090933943,0.9783963191072695,-0.5030623607330708,0.9328196372452695,-0.884369790070876,1.8751407923834724,-0.8704570368350473
6600,8600,-0.4742123496545283,-0.17459255381540367,-0.5725398538498065,0.3063925485217946,0.16183202949671602,0.13163885051683683,-1.0294789248333174,0.9712621937975069,-0.9377891562913405,0.048235059309437674,-0.9297108635856218,1.1847046488376254,-0.8125456459735306
6600,8700,-0.9725635709110454,-1.2593174452815257,-1.1040308433930244,0.00413466351677691,-0.9083942809564759,1.4978557107449966,-1.378150705169657,1.144554396805036,-1.0180472692195996,-0.15803034432749624,-1.285575215734333,1.5580222296920767,-1.5643159516192373
6600,8800,-0.8103162369047037,-1.0538240246928183,-0.6927054970608417,1.0109219770101305,-1.1284671610425137,1.227532037140707,-0.7914246781570983,0.539586292675721,-1.241670879763292,0.5711506986734483,-1.4709197827315903,0.15750683933280502,-1.3581938875293746
6600,8900,-1.0959136128458273,0.5057367838744229,-0.7339495433547195,1.6953267596615174,-1.1796425848517897,1.3268986534101448,-0.8811563861953289,0.6898678402658537,-0.13551675611620773,0.7686530162127378,-0.7241968260660648,0.7298499104587323,-1.1292502557169142
6600,9000,-0.7259662138796223,-0.18596604743419595,-0.27570502106523614,1.8530130185434213,-0.1723211526255177,0.35961178174105446,-0.7271348669256029,-0.7554288147399717,0.08794023700733322,0.27306789518774865,-0.8290856989573315,0.9561806337382346,-0.6556871931154841
6600,9100,-0.11914157007103589,0.23035995247734314,-0.652595403307628,0.4675008701658787,-0.07088358709319736,-0.6394386151004485,0.40883355474090366,0.1842482627726589,0.01360126865736862,0.5456748254717698,0.4680172107103271,-0.6522628206623466,-0.39562177084084
6600,9200,0.7215540361969146,0.9521108071515614,0.9453950261116966,1.4424017920630137,-0.03297136364852374,-0.2110795818941304,0.3417987012370309,-0.7798390188337424,-0.39402230390093196,0.030543955558415777,1.0100441780996257,-0.53653643230682,0.27372458912746517
6600,9300,1.4825708260089903,0.6655201720451924,1.521828596133756,0.8003671419978236,0.9017068319906066,-0.560149507700789,1.3873295155770216,-0.7033542397212216,0.21236087577761179,0.3370236017140675,1.983731114350451,-0.7401611956504123,0.7979425366082099
6600,9400,0.8717565314567199,0.602878685581261,1.267737512166949,0.7940185801939098,0.8799207923409887,-1.1919841687198096,0.6447098814413783,-1.45540032580124,-0.27497521690991183,0.23768764419177035,0.4207054283208268,-1.6980026748912316,0.814448585954994
6600,9500,0.5960451240876397,1.1764134855191193,1.4352902302000674,1.0758673070631717,1.5653523241155216,-1.6849726002717733,1.2039554769065481,-1.25162492538741,-0.1371326145437954,0.4941174621165869,0.29028753369676297,-0.9855115819099887,1.1450214693119678
6600,9600,0.2903528231100463,1.5643269494325673,1.5004331591078401,0.3267142166103963,1.7114966125466249,-1.8760681744113321,0.4532276388829041,-0.553089494006274,0.5107182398750402,-0.6425945376004419,0.7917730106879599,-1.3172702408878316,1.5842021530546981
6600,9700,-0.03089673468127692,1.4850970005788273,1.165443724594127,0.055379852253260156,1.8104863188717943,-1.1872017430802766,0.7159200624561761,-1.4317256419324527,0.05659135456745646,-1.1934260527788778,0.5667050276862318,-1.1491166456599131,1.7058700939691502
6600,9800,-0.17314175656111405,1.5541439555350438,1.409113151758857,-0.7760781943302315,1.612566890514883,-1.488647933792303,0.3130763862114975,-1.7374791169342334,0.1939977964673396,-1.1729497487411529,-0.2415875546515559,-1.2611570390109705,1.1835116758634086
6600,9900,0.7079742737704403,0.9056455425797194,1.2109599823336206,-1.2177487247835548,1.022334248165236,-0.7003962336398355,1.3804135555814372,-1.7158256863770474,0.6866434736993565,-1.2924965891040088,1.047935120402656,-0.6624285602598246,1.2726805314588248
6700,0,-0.45858181637293705,-0.1292735548791644,0.14798786366950686,0.1717174669921288,-0.7380473874693461,-1.3050863169195932,-0.44053433886944177,0.6315257819967868,-0.3002861139615375,-1.2754397380588556,0.09717388464650337,1.473972441173909,-1.5754702006729115
6700,100,-1.234109837083915,-1.2029969682176471,-0.7028526419111122,0.8150668379357643,-0.4972633077921348,-1.0727609509965452,-1.2445474364941258,0.5166407044875971,-0.061532223744589803,0.05822429685796946,-0.8268368009266199,1.4992372295774496,-0.6404132177584738
6700,200,-1.0702302579673681,-1.2701729158041264,-1.0623474837102378,0.6962506231771782,-1.3962324043138903,-0.44371215511087764,-1.4301983988623586,0.19569117438160463,-0.5711698172462951,-0.6280031900535652,-1.0376111525821268,1.4042587485452538,-0.7469420140621411
6700,300,-0.732815248667049,-1.0255106414346427,-1.2438828184963615,1.8967839907338642,-1.3706883465520583,0.6292076346645964,-0.5357501390101707,-0.08445350332551203,-1.1901109838011668,-0.3884547896538055,-0.980842127140473,1.3321259307044695,-0.40321648580817354
6700,400,-0.5723413342540331,-1.4752462707737035,0.12395024967496221,1.7436985912533367,-1.1572615886849056,-0.42365888619564096,-1.4334550417578162,-0.13062840065328518,-1.1426616955874946,-0.3740164154218079,-0.5825191588122546,1.2726084261868726,-0.12832814794238934
6700,500,-1.0205274313462886,-0.8819398567567883,0.46310908456313404,0.15767493337440694,-0.015589034384805772,1.3018209762415263,-0.42666115313172087,-0.025330916209190816,-0.4854980237893138,-1.1285915361066152,-0.028330257580879675,1.0767563567418497,0.46524928981459684
6700,600,-0.24638771901505555,-0.9941305824007518,0.7688791306831112,1.0286246186449364,-0.25492500492819536,-0.07678713407559949,-0.37958870381511045,-0.01858079848096305,-0.7684677332141563,-1.3769261722959198,-0.6468869173725273,0.6040931927880805,-0.5332901456886618
6700,700,0.4475422661358328,-1.0291190179183232,0.7035439896681324,1.8824921153775476,-0.15778999680018177,0.3089463481880268,-0.4644657327093672,0.41674743573329154,-0.16388246433641865,-0.42642570027700855,-0.25183924466443036,1.314797021037161,0.4560820880460859
6700,800,-0.7814598494976612,-1.0533374076909883,0.060591635160323495,1.483048750255432,-0.5653216921796704,0.8103738470084685,-0.8606289154442548,1.4529973040188053,-1.2320214426277383,-0.6289474372726969,-0.45222706716191474,2.174912380643211,-0.8602084380574742
6700,900,-1.1509714971979756,-0.7924640048292633,-0.38344265391738586,1.5880297914034958,-1.3469675385965865,2.1777245209760796,-1.3393375304629649,0.865620504109307,-1.0611177504217026,-1.1033501456816772,-1.9730709515500144,1.6842796718677935,-0.9538194871573576
6700,1000,-0.5529960352028437,-0.8461949569697307,-0.32997163283150427,1.4477182102585209,-0.9159080899032663,1.7136331293282079,-1.2258531703045694,0.6837183296583575,-1.550543534146571,-1.2690423481983193,-0.8098216023790327,1.6483043271823625,-0.9970126390557316
6700,1100,-0.6135141284961158,-0.7321580779551639,-0.45280471180908566,0.5842451654585553,-1.0670428732709347,1.8760058545794291,-0.6932455728080532,0.029723100370456067,-0.9971619585053112,-0.04606558713604322,-0.6689431105702135,0.9797503150765884,-1.3225123961118537
6700,1200,-0.9543202368660088,-0.7281547793113557,-0.4755060285719132,-0.045824237968926075,-0.27888179535769825,1.7392421219894674,-0.583647454743707,-0.2154449091748403,-1.3611614873740552,-0.9725743526667376,-1.1580287653711476,1.198313791971245,-1.1266093285523697
6700,1300,-2.1582301252432186,-1.7326118241128659,0.05016726155691564,1.300599953959393,-1.7874882545321773,1.50113452063492,-1.2033346085800667,1.010332550560195,-1.4366395247756898,-1.0906197270849431,-1.4354477990791872,1.75740354362146,-0.8406627623014401
6700,1400,-1.1167941716720986,-0.5657865303891877,-1.603424969517467,1.0407139309449358,-1.2989735157236264,1.707196275258235,-1.8357472238140324,1.8812196693309158,-1.810743647050725,-0.45708977021500113,-1.2821033218516211,0.8444070081906715,-1.581149339527996
6700,1500,-1.303651922234317,-1.4742982279849686,-1.6911563794090057,0.6636196211583028,-1.5226374205735909,1.1921885583296232,-1.5967467216356557,1.5737298559204558,-1.4733031382837947,-0.8863463834994283,-1.5879533680194393,1.1721018620953703,-1.5075235373535667
6700,1600,-1.1373939136524287,-1.913748419895164,-1.529010182967424,1.351382847957329,-1.6922385319785633,2.236771922269327,-1.2159647963623925,0.4884649186935873,-0.7228737903079198,-0.25905129411601346,-0.8631383381518597,1.6835292899549115,-1.9013918092592128
6700,1700,-1.6457975130630205,-1.727860590813011,-0.8405283525889332,1.155932721172529,-1.1810800457297534,1.3645967264426109,-1.488864320994172,1.3172640160399887,-1.7855465783789615,-0.7319712496735742,-1.430711701163772,2.0094537180087353,-1.6461424145229417
6700,1800,-1.3538359562953954,-1.7250769659772123,-1.753270089399522,1.4409029685449448,-1.5839850170522047,1.340736663579237,-1.9225869621929736,1.3200107410124473,-1.4572931499822719,-1.113979446500673,-1.6818400417542965,1.3251154483269287,-1.585892592093676
6700,1900,-1.447850007459942,-1.472994309749909,-1.7875362130153825,0.7502954447004764,-1.3040590463114827,1.505205251617053,-1.3156262639960714,1.9121734818306353,-1.3321154036931206,-1.4601469148616666,-1.4594158330254603,1.998266561809234,-1.4826839366799254
6700,2000,-1.358360047473728,-2.127139124914417,-1.4338798201118101,1.6793623691587083,-1.544576077535012,2.1229638402156468,-1.0417956590885429,2.7794208007341616,-1.0586703277850191,-0.25749493711634736,-1.509462220672175,1.4769409003648226,-1.6612213680878198
6700,2100,-1.4465148199065263,-1.6262880720345345,-0.6860626751681731,0.6881111829841653,-1.5897765158752661,1.4298277882933206,-1.2001425222338502,1.2501627167402845,-0.9600441258780081,-1.8087173577743378,-1.2365822603525432,1.569769528311204,-1.3151408862113514
6700,2200,-0.9216603461393209,-1.248794709485605,-0.9105485362158339,-0.6231526196797316,-1.2190114737393458,0.9506667060688349,-2.1163395989785414,1.4521644519787185,-0.6039110463514662,-0.2402463955040428,-1.4487572904209989,1.4853896865282346,-1.3270438123596504
6700,2300,-0.7817536507318603,-1.0920770765799344,0.0031710749807663087,-0.8720369473849203,-0.6301024333450028,0.1511965296944483,-0.3724621086696685,1.446689268899997,-0.9859684675950038,-0.4843645972684224,-0.8369427645933883,1.159156827143287,-1.5060830972941477
6700,2400,-0.6051297939750258,-0.957005710697791,0.004971006574629713,-1.0684737840792793,-0.09079786284803047,-0.9422660366471189,-0.7752321274191762,0.1398545643312106,-0.837360251419358,-0.4561970685456832,-0.06819373351795056,0.8244024370214136,-1.060392179616881
6700,2500,-0.6504523524811657,-0.956850382686131,-0.43795307959728397,-1.0214926248653668,-1.047211220406793,0.07846823212129667,-0.9512764582797282,-0.0018482846603989742,-0.42448048394641574,0.07779546513226604,-0.3875649893976275,-0.26070268373407174,-0.8924995932658263
6700,2600,-0.2794223734637455,-0.6885339742945153,-1.3950819161166534,-1.1031180231022735,-0.8030350367910386,0.14718170315469972,-0.06416277066867765,0.3537399649065641,-0.973845851033713,-0.025678901089653546,-0.35737977710250834,0.02288123009696353,-1.037186884437667
6700,2700,-0.5170448010477247,-0.4221118536869248,-1.3622554833020237,-1.4952725343832196,-1.312755717205412,1.5425816220608937,-1.1301479882045347,1.6927652099380766,-1.114975464080918,0.019295942405243457,-1.1627837344383,-0.06875527278045271,-0.8193982347350511
6700,2800,-0.8793798857859357,-0.004138261420649071,-1.0862290460590076,-0.5640462988244258,-1.0067111474683856,1.4539009912418293,-0.684086148208229,1.328214264213871,-1.4221711389480334,-0.3722978878176188,-0.8859170948978563,-0.48890769832367287,-0.6764938444104144
6700,2900,-1.2813929030797215,-0.6974279845211266,-1.121451891361832,0.7534836602929154,-0.3416556254253004,1.1645719504488203,-0.9989389440750706,1.3490817836729763,-1.38052010903446,-0.4814262614783552,-0.9521431126893721,-0.07060102640282617,-1.2787326687056084
6700,3000,-1.3266769859978838,-0.7725142553409986,-1.164697216748411,0.378858348411381,-0.986181740716832,1.9750601551600184,-1.0188079110664394,1.2612205415148734,-1.5198746549883737,-0.587372409956265,-1.6315259763349257,0.10550850757475713,-1.3748798963401143
6700,3100,-0.6402243800614216,-1.7092670388141666,-1.4841941499052524,0.5713549473576051,-0.8231210292769382,2.1003871739845166,-1.200113863623047,1.495841788428535,-0.9656849216872948,-0.4762530439666486,-0.7691178814078636,0.46760658737071387,-1.1840401058058756
6700,3200,-1.5720266029861143,-0.8337419842013096,-1.0587552341193156,0.47859925530283987,-0.17051213063896023,0.18547345404906984,-0.9849708107121905,1.419126261452632,0.42069752956149986,-0.06271846363989127,-0.7783328183902718,0.6178105828691439,-1.4711838079288215
6700,3300,-1.2446195312656354,-0.40210093746941034,-1.560550875256896,0.15055971302665389,-0.9270823518094462,0.7768742838155328,-1.2472073361252725,1.1135694176462339,-0.34386914239999744,-0.937582066200155,-0.42871913848289517,0.9295916308641413,-0.6047153437297308
6700,3400,-0.15481841952203534,0.12673347471678267,0.27029183894857556,0.6017365475781667,-1.4306922104030053,0.25531071779553965,-0.7736133892363697,1.1050738804975238,-0.3700339936394893,-1.0684964192439168,-0.5625499766024408,0.4152970277230133,-0.9418342734964802
6700,3500,-0.4429690823315236,0.8820297019172595,0.274715744177961,1.0405486440519758,-0.312763550030206,-1.1617095591484121,-0.19600341468726182,-0.09285591118527452,0.06811359310320399,-0.4161161405189968,-0.529969187086315,-0.22993871852006725,-0.6555823835155378
6700,3600,0.27382667406739175,1.3969962273497376,1.420191521306522,-0.4670097254772767,0.2987675431874767,-0.028814328534875627,0.6431928784287491,-0.8561214523428534,1.3486641317736978,-1.6503577956538136,0.07597332905730282,-0.07763568691273318,-1.3682757707093334
6700,3700,0.24965101236326603,-0.12524365329374398,1.3338449237732355,0.049300971784475955,-0.7607748622757147,-0.8317905750551513,1.3154603841320907,-0.7961136380029122,1.412750060845255,-1.3170622663922469,-0.26445941566213405,-0.676472864900801,-0.19368572200917775
6700,3800,-1.1774068524477488,0.30894277323248015,-0.5561953277794832,0.024406281896628093,-0.8280275965878138,-1.0313939296809327,-0.8403832377016676,-0.32198187508142595,1.0764675557376808,-1.7563833929288681,0.25601882840611634,-0.21362739598393424,-1.1241062404331335
6700,3900,-0.528316829765837,-0.654190696761434,-0.016811979429925943,-0.17742828775951502,0.1582836718153385,-0.674565037780045,-0.7086696439861458,-0.6697615923809711,1.1149165814809976,-1.6163466766715113,-0.3039374905439158,-0.16607575863251683,-1.0911142355003574
6700,4000,1.0687525810509937,-0.44791963406107954,0.5361692249630894,-0.7119193182944618,0.6520130590909953,-0.40856050635131613,-0.12276806152020074,0.09895225273248139,0.7543435284798179,-2.6018147143156263,-0.3754958720383453,-0.18782469886463518,-0.8040803159337703
6700,4100,-0.6403875438499353,-0.13506135580672182,-0.28298332700875617,-0.6980965612218939,1.2684520415451912,0.2084493269195401,-0.5551543295112307,-0.5955406371646456,0.07888695639931945,-1.552088530841416,-0.8127344802309717,-0.47041870800756463,-0.1234415134839617
6700,4200,-0.4484022555350084,0.10999905457979679,-0.26102693029009694,-1.2983522429727554,0.04748011282113596,-0.40171422461893186,-0.9845894277443685,-0.39449092650240125,1.6543933046651822,-1.2629040933157478,-0.15485443447831676,-0.5158030802177774,-0.01504387376403014
6700,4300,0.45673795637123177,0.353934996152432,1.4644981490172269,-1.7251908545046784,0.01376485815127237,-0.36452075281854895,0.2762811847166164,-1.4185155627903498,1.2189832837570882,0.08106468361498208,0.45444825989719134,0.0992519946014263,-0.10530864729875679
6700,4400,1.4605846037661412,1.5526992340623718,0.6206230061242904,-0.4727737861185503,0.1833262850593832,-1.2794157439521705,1.3243719087582637,-1.273100724123258,1.2882284692271446,0.44521480280708164,1.489501845127895,0.4255788229650883,0.6502770771215125
6700,4500,0.9375658995658712,1.077897207436263,0.2679838867884083,-0.3516678229583905,0.6112807410259689,-1.0706909326173766,1.4915789377257969,-1.8076708112921493,1.515702288815408,-0.4068325861562463,0.9997924012886112,0.022045884167094385,1.064052010398877
6700,4600,0.8982431011344055,0.7144692021194882,1.0362569573836569,0.49826428602927103,1.5144459339045928,-0.24724899629007654,1.5018225939270136,-1.2386957545029953,1.1455418330662304,0.6946835989695362,0.8640909877167913,-0.9208062326769301,0.8635179980558424
6700,4700,0.4388064507038638,1.357899357605897,0.9402009919302635,-0.1330515496045884,1.558403956844217,-0.45132204206673704,0.9281479149632731,-1.2409338479666554,1.1011990526311761,-0.28607410904373487,0.6935102664554835,-0.3460899391364934,1.383479309463345
6700,4800,0.39628497832396764,1.041657974456563,-0.6587689877056169,0.5787175717260101,0.9328140125088403,-1.49283773160615,-0.35676638623131596,-1.1248508941962196,1.0545645437938944,0.21567834936741173,0.30606986474131764,0.15603190197421188,-0.08539534738842648
6700,4900,1.1131659608824862,1.368368594088389,0.4826306159652547,-0.2654831731017851,0.19800111006237303,-1.0910220081596564,1.0112298692727681,-1.2148276847694872,1.3680403711916649,0.21812740638673667,1.2085266718853118,0.3778469844091504,-0.41274938893558755
6700,5000,1.0146308992313722,1.1577065449900152,1.7199651357461645,0.02612650197946331,0.2077280335350447,-0.2007420532081781,0.6133782713877419,-1.0356455542959602,0.8983614499151202,0.24312229553396536,0.6984237901224501,0.5618390138567232,0.6068540980303674
6700,5100,1.0535636447173056,1.4740955160066138,0.4215867551659739,-0.5346462756917895,0.6019256186259233,-0.760130440441224,1.561097411846109,-1.1465723679036366,0.002598076609320352,-0.2651560106612196,1.6148777032842945,-0.337787346082502,1.145560656359553
6700,5200,0.8329407115538349,1.078009953173983,0.4425999924866375,-0.7198187303601375,0.6208979414610124,0.08146645148259155,1.7722778973271334,-0.7508040033473198,-0.06287793559391207,0.056744708554100735,1.064721203729778,0.2101778504937378,0.06693417793758055
6700,5300,0.23236603655736915,0.5939101495420392,0.45251887161968124,-0.4019475883039056,0.49990546160682253,-0.3182825213710157,1.3182110637365267,-1.4237835343131515,1.1067558931014274,1.4284154135761766,0.8007463765589908,-0.23476112109048708,0.5152637701159581
6700,5400,-0.2831282835052669,-0.293149042960495,-0.948793977598508,0.15352615078588858,-0.20511329275507192,0.930335762860204,-0.6811855616131083,-0.10896760047819212,-0.19228539967288152,0.5077072480047445,-0.7991468822491142,0.40045675347149384,-1.3052921789736363
6700,5500,-1.2468074637433257,-0.6327864221704609,-1.1710966083306749,0.5398560728126811,-0.6181141265099767,1.9741542746542589,-0.654273181412619,0.8001254996421574,-0.8153245429169573,0.08101775276681931,-0.8586421891630606,0.7356445018325807,-0.8333265561291145
6700,5600,-1.3232796423292548,-0.7481577897831572,-1.1821910565312093,-0.375175907687235,-1.1335496254558644,1.2726400153624686,-0.941494008893086,0.5301374771783524,-1.1600216475877658,-0.8642157200008792,-1.4811937527093375,1.5101316932970927,-1.3171158908137448
6700,5700,-1.2358246739772045,-0.8636084180532392,-0.603572704789952,-0.404740992440985,-0.8995025907431494,1.1979244182326394,-1.2226160387964675,0.2151098162328553,-1.012985645104059,-0.5082389735933169,-1.1931763802233457,1.230123776973325,-1.2517683614529003
6700,5800,0.11528016982474688,-0.6567831944766412,-0.37849601627404805,-1.2956557978566055,-0.03281092859585618,0.5719986857297025,-0.4974393030072705,-0.19844688880819,-0.7684172520114123,0.29819811961626247,-0.34039593154481756,1.0371896260764946,-0.7100969993131693
6700,5900,0.5448502026107557,-1.0355978553565477,-0.2234238675840857,-0.6668364671982486,-0.5554496688565449,0.4421472759176398,-0.3546546551613693,-0.8173583363815834,0.7391654929089873,-0.671500442907334,0.13064148047214136,0.7903403698619191,0.8328153898517943
6700,6000,-0.8202117233613174,0.013374294273416508,-0.6244338247879483,-0.9149850412093611,0.43660752407686026,-0.802077619097183,-0.540958587598782,-0.2378338323666627,0.47540861329684875,0.09451189678102931,-0.6368877623355679,1.494047946864552,1.3951178853064037
6700,6100,-0.38069625487795516,-0.575150207520737,-1.059248439346837,-0.6111916331833952,0.9280419762759295,-0.5030506078431769,-0.3230356510297532,-0.4706600068749839,-0.14174881330790653,0.2877540041950231,-0.6248398305329027,0.700117617358179,0.3926118772248942
6700,6200,0.16168898697420492,-0.6982855070005307,-0.9788622841384055,-0.2557172346333663,1.422240495175163,-0.6562324991325349,0.6141647458553564,-1.0265954575524587,0.8303060521054716,0.6270121108075709,0.01351550725283396,0.9698620620051434,0.26447263527477044
6700,6300,1.597533347548392,0.49431426685465707,0.47782217458649257,-1.5462720815908624,-0.015082631681552449,-0.37593666419982624,1.0074354333373379,-1.1989399894375,0.5212953153867511,0.13467610134082092,1.3578833388675815,-0.060217583267614505,1.4437449530770774
6700,6400,1.3283213536953857,1.8878600732237623,0.8006642299745574,-1.759032401658866,1.3999165273382612,-1.21364672184113,2.014606087592783,-0.5920284183670516,1.7080948046469697,1.0177744624196932,0.6515239593580576,-0.16047115473279108,2.0967832214988653
6700,6500,1.131268204140049,0.8755270392829622,0.3113752162157285,-2.0936449580191776,1.679257774919227,-0.5227468040017462,1.4684485989998282,-1.3675052182622032,2.1510865561248615,1.0982881720697004,0.9435090664976538,-0.6633474080801776,1.4537514583941042
6700,6600,1.3681201808239252,0.49236068975748853,0.25243254153114053,-1.7569467666169047,1.8580429510609886,-1.624252556147512,1.8357835038556372,-1.3480743782282711,1.1975312988113624,1.9595121327211453,1.9341187796887729,-0.9056172043355566,1.5749849914380945
6700,6700,1.329887968339871,1.221051494727087,1.1042677746305198,-1.7720337716916206,1.6989139727815261,-1.3601924115707482,1.586686314657872,-0.8219237995244798,1.6415794199734848,1.809456938961802,1.4795404047520975,-0.8575666133157472,1.146455300891894
6700,6800,1.2316951675489078,1.6030689661824646,0.313079206447367,-1.6751650304671273,1.9671922268078088,-0.8822113836773616,1.516447275197455,-1.0093690284625647,1.672887433412074,1.9216834149707902,2.1415283218539103,-0.4214249842306509,1.9203049580454812
6700,6900,1.4293045316268351,1.384193129592856,0.9488518482895948,-1.6931421041612427,2.0909717157113916,-1.0830687533245367,1.7103858132789407,-1.6354199156983267,1.8358260687784462,1.2262657475027292,1.5449242140902248,-0.8506929495371166,2.3100042456499463
6700,7000,2.1005001251902935,1.303692331266146,0.4209969232789913,-1.453280736598147,1.5297020800768601,-1.183385975077078,1.1785773502268881,-1.5982660733672804,1.6589646306645534,1.7567054231568675,1.7393359757007203,-0.24752364738288504,1.8207566282541932
6700,7100,1.1848622175906858,1.167517279745498,1.3694580931023215,-0.36632596812278345,1.8294552861023405,-1.2006183770021583,1.5350405436530195,-1.174437159411913,2.1148118388686097,1.5469157932070783,1.6198810048315948,-0.947530979527207,2.3851891329346344
6700,7200,1.1179093091399501,1.5908953632877214,1.2528598994418547,-0.6388510784232241,1.0542621343427137,-1.4084955676026654,1.7907247777393376,-1.6386067858396431,1.8184280188904356,1.5238462442536163,1.1769621995938657,-1.4269875916233354,1.846674396102957
6700,7300,0.8553354984423012,2.158961972715879,0.7408782575135608,-0.9586314127215455,0.3734573548728787,-1.5523001151692437,1.9897401978182723,-1.4066654327921388,1.5110774567927479,1.5363823660877114,2.0172551809704284,-1.0563793544427833,2.0990700468471544
6700,7400,1.6982135308248263,1.4720950069089498,0.9859113254792052,-1.5457928656208588,1.181531176879593,-1.2178168107674552,1.8434526229802908,-1.3473726158139603,1.1476607163416834,1.7386706882997653,1.489592773901056,-1.0783865219350017,1.6217581987867846
6700,7500,1.1608909721030507,1.608494654558349,1.2274101375347006,-1.1329352860872155,1.5604463479211357,-1.059372910745493,1.138335621117855,-1.1463893795681646,1.5044157028695677,1.3505782382141545,1.1383774214456006,-0.9995818934807407,1.4371876923506872
6700,7600,1.2759697796546277,1.3856871446440455,1.1821231820112144,-0.8661913231497684,1.6758847919258406,-0.6804295127821076,1.4855241704438116,-1.416369221015432,0.5795074106960364,1.5310370000818974,1.0435829741724292,-0.760806063602017,1.1820983438810415
6700,7700,0.6206095404183994,2.2569923441359796,0.9475843889723258,-1.013606215923365,0.7720341348338583,-0.6700950682901896,1.4602095874807042,-1.0755223758981476,1.877391711013055,1.838028992601013,1.3694015776478052,-0.9460210763831983,0.8404965729264732
6700,7800,1.1677457012775392,1.549508529808272,0.9315970379133076,-0.8618749913750435,1.918144148186426,-1.1604438953806095,1.346993260451494,-1.0392972904904558,1.4385737354580344,1.5278304150529687,1.58556769747542,-1.2457161966881165,1.074625842034532
6700,7900,0.9572355296566167,1.4974692138771757,1.8629581862590214,-0.6273210778676594,0.8110942884299849,-0.8734573997642188,1.4903030191596804,-1.1549222401227701,0.6512886098040854,1.020061243174954,0.9570145321939396,-0.47207275594865367,1.0990536707632994
6700,8000,1.6389678755868757,1.0266428397911642,1.2517206497660276,1.0080436878293266,0.5020348619490654,-0.04971922432502797,0.7661671882045872,-0.8645582038089001,0.18196872956810514,1.3187423106052538,0.5810395057006003,-1.0917824013393007,0.7076218259338373
6700,8100,1.50408280975455,1.3770251116244028,1.5034675319549569,1.258853271748437,0.2837009059106926,-0.41952163817699056,1.4494185755768147,-1.4767221378602093,-0.13293463210238818,1.204696364004758,0.8143406805505886,-0.6878375924192763,0.5455639822765167
6700,8200,1.4567721803055471,1.1234845307021613,0.8551453647606354,0.6025458736571649,-0.3923567578156956,-0.12683577403306714,1.2102371421550475,-1.0861030023683498,-0.6331471246099688,1.6548102101328341,1.2371605560276762,0.03754189040907475,0.495681156965068
6700,8300,0.7723936844989688,1.0297904274255447,0.36619867690789787,-0.31934407443880164,-0.5098676493395008,-0.21698523937789524,0.8372600834597576,-1.1311213161088498,-0.9265291044526678,0.8796379597526138,1.3705686415892788,0.8155917185214024,0.07769810377820877
6700,8400,0.1673663605645649,0.42513130663065224,0.6338372508742028,1.4278317896521167,-1.400056255673152,0.0376041530346108,-0.5938849705340363,1.0434034161373773,-0.7435577630834218,-0.45698727650534765,-0.6227386748069006,1.483412745833491,-0.9346922039723143
6700,8500,-0.4123587848801648,0.0765608842741866,0.7342067188652149,1.9311234158717674,-0.43445413276278555,1.1346536175796325,-0.7434729932031906,0.4140857975525644,-1.2875923646791583,-0.013498681190811556,-1.254786198351579,1.432468808835788,-0.8978614921263818
6700,8600,-1.552935337284347,-1.0585391073183217,0.19716576274138456,0.6768030308489217,-1.0183329071875533,0.17473753777075582,-0.9951863437499583,1.0453877005566994,-0.3184996035591957,-0.09937546626067968,-1.561854194012927,1.6643644854957118,-0.993964294857066
6700,8700,-0.8633983653746929,-0.5496121911757017,-0.4412568568269004,-0.44413021989213175,-0.8933816329116091,0.9439786163291185,-0.7421395421234034,1.419582700727967,-1.2103310682867174,0.704022374706621,-0.6408336295207341,1.3592345252682447,-1.14128199063006
6700,8800,-0.9724899308520324,-0.6335245209576819,0.38756489172908526,1.1225379677087541,-1.3837445817439846,1.033135831732954,-0.750355834959103,0.6932597888791926,-1.0391316661494319,0.6140954800811469,-0.7035868222606134,0.013841731214486388,-0.6340034906265287
6700,8900,-0.9000361117850076,-1.0302036334911466,-0.5855097847447103,1.5433134207657266,-1.3238425543483747,1.8794935186959991,-0.8677851211144908,0.5671536330214655,-0.4134328107219983,-0.35108763414463495,-0.929341290673551,1.2208822883857469,-0.7585240503224506
6700,9000,-0.7497316135129026,-0.09038527594053196,0.8169749265665832,1.093833445954204,-0.60402390648582,-0.07320499251987875,-0.5613666582881341,-0.353287663465994,0.4203968673008174,-0.08737269741715734,0.1358398499517998,0.8815111972522056,0.01924413703456805
6700,9100,0.04858522033021146,0.8213275736289185,0.402248303801657,1.0574821517679729,-0.46304191949628964,0.3641876544878017,0.3323436968654991,0.6713703615068369,-0.5140431857310565,0.31951137456716655,0.06331489429642861,-0.7195785658957182,0.016961576848759152
6700,9200,0.5271162308257735,0.7141968115290767,0.5810626609040511,0.9435674582593003,-0.5353510468763776,-0.46923787167390374,0.9182719813041395,-0.8940396191912005,-0.1676545061134543,0.1068790378959441,1.5197869715079333,-1.3979795078774602,1.5668749859282367
6700,9300,1.134469074164852,0.5339740422784114,0.6556798743583099,1.2002343933530837,1.097614467528348,-0.5266389371528756,0.805120322306567,-0.3652182824595164,-0.046411442142602864,0.3115402204206166,1.644381384008132,-1.5721728965687067,1.0647838923466018
6700,9400,0.04267796049111027,1.1474438766815027,1.5711746954778925,1.2468298646978497,0.457711463793922,-0.7954074018938645,0.26098748104661695,-1.681425483550244,-0.09687770684933665,-0.42238442215501454,0.4681077823809869,-1.557677614839935,0.46831903463443586
6700,9500,-0.1390047744554066,0.6508961404689062,1.877731730705287,1.3961079683228528,0.35601743484581205,-0.8955628008843189,0.817481279201017,-0.6559489492399243,-0.7064558163957169,-0.14715652155107892,0.279666837037429,-0.916122678827395,1.2887697330695405
6700,9600,-0.126847048818116,1.4138129711305791,1.6282582263419068,0.4183226291300131,1.3110926381485803,-1.2371694688033066,-0.29174385496994887,-0.8386827800235536,0.25536175020057933,-0.9225179294947979,0.004735090447168043,-0.8941937790468072,1.8555241598954662
6700,9700,0.3047343997124174,0.533134986439403,1.4989461554251122,-0.10032981850548066,1.6414763321196864,-1.6749462453159039,0.8546815706838227,-0.6138173702699687,-0.1916456712738134,-1.06500957131211,-0.15742144050245457,-1.140932602364336,1.7269411311239042
6700,9800,0.2034537672414874,1.181972072274613,0.6968570123333843,-0.44145817867271003,1.303781090850162,-1.6259265303483594,0.4402380707190843,-0.780843557601324,1.1848760400237055,-0.5391589959805176,0.8943974989300552,-1.2391914556540227,1.059680099530969
6700,9900,0.895385011991705,0.8972458469256624,1.8483888441314589,-0.7072180150409549,1.0329255062668945,-1.2121502157441786,0.9765890180578501,-1.1471916353239249,1.1838114541048574,-1.4368477225648122,0.78236725970548,-0.9132932958103127,1.5031319106486418
6800,0,-0.3454441705962229,-0.5534289416895695,-0.43473222871807254,-0.1182335484847877,-1.0663800800548862,-0.6461953424723045,-0.6421532878390959,1.0840730226216635,-0.6158265151051426,-0.6663528181074314,0.16351089218890147,1.1552438451512832,-1.1823548180252834
6800,100,-0.8385829433008056,-1.1607518625841593,-0.6915722066104844,0.3943848211248069,-0.2668943043857348,-0.8972310805702998,-0.8173173236195471,1.196329809836608,-1.076365773046669,-1.509318453649693,-0.457485531069856,1.1826935373665977,-1.0106817990465344
6800,200,-1.113488957130244,-1.426095494119051,-0.9953027882351622,1.3473690305331298,-1.005069235128331,-0.3895223792321994,-0.11803582342434203,0.20629099121916492,-1.1882231086555106,0.5566637268661253,-1.0037545328944184,1.8942565684543542,-1.4218950951558
6800,300,-0.7866725987107743,-0.9856664395703546,-1.0719072709126474,1.8097785680451193,-1.0570283432871137,0.1743651946620241,-0.813393144665367,0.812131609404788,-1.0226680091960165,0.07656574791059197,-1.3928683868878358,1.7185020342867046,-0.4889837689252181
6800,400,-0.4266403834269399,-1.516400803295169,-0.3484819502505548,1.2597154499041014,-0.731820044298967,-0.4853919803379508,-0.2720443166961676,-0.45423413439697097,-0.9845619535663169,-0.6373393306111674,-1.1792919339773922,1.3146039196456576,0.10012564641305133
6800,500,-0.6110738026195985,-1.0930440793199845,0.7173538624461048,1.4770642594068069,-0.47636465809711603,0.7925101795614515,-0.2522042621375866,0.3082592605222433,-1.0406690918790187,-0.724782896117711,-0.698708429675453,0.8819471456204901,-0.23284455977562757
6800,600,-0.16152398633762557,0.17856459531671762,0.2931047798068437,1.0519668585000543,0.2505896641747695,0.03639854605450832,-0.12642256828316326,-0.26705360473750334,-1.2592528739806728,-0.9524247947256522,-0.27829559913929586,1.313977821804653,-0.30769308955354524
6800,700,-0.2274425503319229,-0.03136534632105579,0.8466588800289405,2.1211480520957258,-0.7413984491213509,0.9858785088624776,-0.041259355646665594,0.539901101297657,-1.4105294615272082,-0.0671368433077943,0.5282540086377082,0.821260038599052,-0.653780683039622
6800,800,-0.41690972951298755,-1.0250942819826305,0.006741155932181046,1.0065182381819207,-0.6568983048417987,1.0942938468429304,-0.22301065486240762,0.8140354582913636,-1.2340586848196482,0.18271636112578732,-0.7416675603222587,1.0841289729843302,-1.0620987609685861
6800,900,-1.0715751316427913,-0.6001031365902587,0.21764161303786236,1.4054983761860536,-0.7827879044688408,0.541762169374861,-0.7591884383124962,0.5493336366653537,-1.5747048415307279,-1.073062140716813,-0.7068566860514707,1.1292368402228015,-0.7534476966797223
6800,1000,-1.160647322691454,-1.1807808587817046,-0.038347076187924656,1.255991636715956,-1.0621494706455845,1.4566899574373586,-0.8757406520707414,-0.1064072840816505,-1.6642897575304123,-0.9196253023098283,-0.7121316761289354,1.5213751815480965,-1.3526422413920856
6800,1100,-0.3585266346443875,-0.9329159972177501,-0.2590307303879905,0.06377765585404678,-0.2878676822114265,1.7478348017084318,-0.32864406203502405,-0.21283324238239548,-1.0757235412172048,-0.569401647739697,-0.4038854937839401,0.6755717756794059,-0.8745045228574146
6800,1200,-0.8966936862485605,-0.8325741328728897,-0.38614985384732015,0.8940374763330259,-1.2352100718917476,2.0423633382483017,-0.5955197157269541,0.14277812303349194,-1.2680232852003017,-0.3520189549908782,-0.5018031841851527,0.07608459317854936,-0.6464265376413116
6800,1300,-1.7052009729123017,-2.174043209184267,-0.9190787695438719,1.2484707797636265,-1.3097892857997748,0.7513676772926877,-1.1377507121940529,0.890995209685192,-1.4406936492191293,-0.9463984987504054,-1.5413640566892932,1.600095581317394,-1.392010939053514
6800,1400,-1.4284775467981523,-1.4749835854936053,-1.5161092812276102,0.9114211133156248,-1.497601159682912,1.5396499334475515,-1.2498716859571157,1.2273096092401807,-1.6939679725356285,-1.5534799287299652,-1.0949380564040656,1.2712159295024856,-1.0116121108808993
6800,1500,-1.5960975782573765,-1.980540728525245,-0.8540663322721259,0.35537214990651017,-1.4450587131159716,1.3740535507167169,-1.82095911896283,1.5698305889242172,-1.4693015489875516,-0.7616162912658285,-1.39670455478702,1.0624446841414397,-0.7366004275989755
6800,1600,-1.3329440059239068,-1.9003770118741001,-1.6963484894868168,0.47598503986889446,-1.2068146773907134,1.9403518946341334,-1.9744232298960196,1.047417038513209,-1.1386083532145297,-0.6910660625443904,-1.1326172575367899,1.1471455335100398,-1.162377345003847
6800,1700,-1.5319444290081337,-1.680259571626094,-1.4361476231910297,1.531278531004303,-1.2577272423227308,1.704006984891019,-1.636932263929923,1.0246840172346958,-1.4530092424742667,-0.49806236556850564,-1.027360831889366,1.6399911195382357,-1.3911724948892032
6800,1800,-1.1940663136762295,-1.519499030833256,-1.8506052880119934,1.4352635860184213,-1.722080801838156,1.3649174268706523,-1.5197330447400268,1.157239140903982,-1.6332260486833627,-1.118237287409619,-1.752165756749145,1.7068513047376055,-1.1845816029929055
6800,1900,-1.108460542312172,-0.4207200955081159,-1.4647055382344536,1.3195160459768063,-1.2149437089068178,1.8775842618308094,-1.3295067064661077,1.6152262494877716,-1.6994407100528715,-0.5017149010141715,-1.4626881108888965,1.8816341959251663,-1.7380080617038147
6800,2000,-1.54306052555949,-1.0085199939246376,-0.7164229678467547,1.0171624584025005,-0.9796975461971565,1.539470427158605,-1.1515869565210375,1.9227570518333752,-1.1046497495798144,-0.18669220618461518,-1.8631317481497485,1.4995705415092002,-1.8529800316206464
6800,2100,-1.4158921071068524,-1.3957841315446982,-0.9876070671287811,0.4398873109180102,-2.0585900302139692,1.6585065696838215,-1.6114582067665661,1.6046071225100653,-1.361258940550704,-1.4385707630529885,-1.933204010700598,0.5964604939758373,-0.6509038083944768
6800,2200,-1.239445962814549,-1.4304803395691197,-0.16265544603384663,0.11543220198540224,-0.9149112082794263,0.38163972480386527,-0.9276572607048565,1.4168997787349913,-0.3594585197075871,-0.708564506347543,-0.8456726436707701,1.6979382531844345,-0.9855138706662946
6800,2300,0.18148900102354293,-1.351018910808742,-0.9257080563024401,-1.151670228752829,-1.0964848215213912,0.5128964999599076,-0.28424879476739867,0.8859613825496556,-0.3255895386777359,-0.6921543904595506,-0.8071697013963008,1.175490713352864,-1.0214399493280542
6800,2400,-0.3739458513776758,-0.6866797844747129,-0.6786657363532579,-1.6521494396117755,-0.21382292305132522,-0.6225584998702025,-0.6940716420091049,0.6268480627120164,-0.7884784032226541,-1.323825345025038,-0.29173847538683706,0.24318443054533562,-1.1789468265301586
6800,2500,-0.46276557187921624,-0.9118073240212443,-1.1706409595315033,-1.1535043832746001,-0.9183585897878427,-0.22304638529582768,-0.4186257131085151,1.0254020419820704,-0.6659988800358109,-0.16127767821353287,-1.2887225322420202,0.2848740892614324,-0.878912455013109
6800,2600,-0.294246364793846,-0.7189855734117435,-1.4844867424311643,-0.6301560074792815,-1.0914738674454254,0.5372793688995665,-0.38429754959053086,-0.29085680818269005,-0.8452243333350479,-0.5599796494028373,-0.32895043454003187,0.015840472223687032,0.2633636056322364
6800,2700,-1.1957552465021397,-0.5829084382716094,-1.0990933218290784,-0.9271195885975232,-0.12075446302890816,0.8709434147603687,-1.332442750344368,1.3457830637288162,-0.5420162592601876,-0.050053806904117266,-1.2330094571120918,-0.3273529048734688,-1.3276222531932176
6800,2800,0.01950353971964986,-0.8827793399524474,-1.847043477653964,-0.8833733971010242,-0.7408178632324607,0.7384789401432187,-0.16424311366504124,1.3857835862778962,-0.8560578354879044,-0.8241452414569991,-1.1338775926141997,-0.09239071400177878,-0.6213787715845458
6800,2900,-0.7984285644428191,-0.7902728221961195,-1.59547520485955,0.8762648139906897,-0.8929905852239728,1.1232250024138026,-1.3692283449944185,0.8875624313210003,-1.0549578537731923,-0.9269039071327754,-1.346618711128778,-0.3394427224110665,-0.3925375537215204
6800,3000,-0.9215283758164093,-0.9064225947785508,-1.2276743668422194,-0.0692157269278094,-0.5671799606312725,1.7084657900401083,-1.0968778917547586,1.3762633732672764,-1.4607718020687037,-0.6832490910126562,-1.14909797894205,0.2632482922429275,-0.9546747093069802
6800,3100,-0.8481606281661501,-1.1120591501164252,-1.183151794153792,1.0058028096727067,-0.5354603662590715,1.5707798521680663,-1.0788435119387454,1.288561715365949,-0.560177313874815,-0.6843621613295207,-0.3592297765318709,0.6014974900513552,-1.0006772169470448
6800,3200,-0.8563282260067319,-1.0722016020086436,-1.0812069933170616,1.2610915280939408,0.3159950342608416,0.11087323406916239,-1.3200201547629102,1.550178035940361,1.0383414976070597,0.017349231394540737,-1.2806874493698375,-0.6282066208506162,-1.0310350154946761
6800,3300,-1.090444643742943,-1.3007114833599736,-1.1995788586161322,0.7028776611766471,-0.45985167189178316,0.8081964724432055,-1.0387615236771865,1.4168085305487805,-0.01845683870782509,-0.9842596786545899,-0.7473892798686487,0.21012336905641285,-1.1534868322264271
6800,3400,-0.9180453217333171,-0.6936992853641138,-0.1446694995097411,1.2665205530486108,-1.0885290223194521,0.8143248885816394,0.1798062067634332,0.42796238360370453,-0.6889955760527141,-1.3352900680259436,-0.6701215326318714,0.8942853981576047,-0.18891303688061012
6800,3500,0.0009986760061618802,0.26577953703064766,-0.5654129463743213,0.09448239555235705,-0.8649486554132783,-0.6597532756168029,-0.1707548881090374,-0.20335033132355415,0.3646583547225598,-0.3429375648474432,-0.29377374000229567,-0.3723606245766861,-0.4344041302402334
6800,3600,-0.49487034207499364,1.233807506502161,1.5386331843693712,-0.030236201182548328,0.28457245519139757,-0.4547374569809095,0.14576544528865168,-0.27917369733387504,1.7540436916357898,-0.9075078680892152,0.1794739682464749,-0.38555179900574477,-0.9909023943694784
6800,3700,0.3058329240561934,1.1612265000162032,1.190875720016677,0.22205503539458568,-0.5139566975144065,-0.8067743548421227,0.19413825066072105,-0.03147443256082327,1.7659084213945497,-0.9498199539278527,-0.6445849582047098,-0.10374868328054555,0.09706577606381415
6800,3800,-0.1516259012344513,-0.17132454222685378,0.780155896293224,-0.6378983152608229,0.07343455997545811,-0.8411882863207738,-0.9529555839747332,-0.8379284566304573,1.410218393576597,-2.1909115749189225,0.17309199961165148,-0.5635845041060156,-1.0660846125127066
6800,3900,-0.8596713216663197,0.4484957818432577,0.4476086726083406,-1.0858562920526593,0.3200001084344228,-0.8907284303116896,-0.20784303909480523,-1.1854039422850124,0.4808997722118169,-1.9843187543341876,-0.05239202537982193,0.06795116188472633,-1.001210820776356
6800,4000,0.23942233992947948,-0.053633558435592144,0.4261519895466935,-0.6871467242126899,0.03864009944200976,-0.6596834584197881,-0.5864483648796937,-0.20759473293919606,0.3059130328352595,-1.2473723513543247,0.48509004494318436,0.10124104331956121,-0.6387101107405377
6800,4100,0.3278816944136618,0.3969033383873482,0.536993956541421,-1.1461003640443774,0.6264031898812608,0.5168258076239851,-1.042430868799415,0.08425244137753787,1.0941531018996762,-0.48971647156933945,-0.6589429228194066,0.0229677189075331,-0.5419073947825398
6800,4200,0.8541146296194666,-0.16142886846399548,0.450180371611246,-1.1671771864302491,0.4780090641151041,0.1579575335430768,-0.5150274895789658,-1.0578750260115353,1.6693503220534296,-0.29755506206670407,-0.41052089498954863,-0.3827332661868087,-0.18369187138618517
6800,4300,0.9652719437017941,0.9906365508583317,1.2616754418701241,-1.8152889703476454,0.9084823081336356,-0.14229579877901732,0.7318391637533395,-1.122269597801128,0.3905343890243237,-0.29188755551308815,0.6293781533791813,-0.8248958662743169,-0.29638494646531627
6800,4400,1.3641894712126619,1.0275252293513375,0.39196392926862045,-0.5611558981390434,1.5749657794617065,-0.6260859412921622,0.3571270658640785,-1.2855174094687838,1.0078143087909295,0.044322410375216205,1.4397160004723193,0.07555529503785674,0.24648536381321784
6800,4500,1.3820346530743646,1.4390905843852726,0.7219805394009537,-0.6652349975332235,0.7086928223930382,-1.0765946272586113,1.1495772059850864,-2.003825655788668,1.2992669306511102,-0.2754313845576504,1.7975090939408593,-0.37667456691794454,0.6812954574420731
6800,4600,1.3103336043928617,1.2732634784565706,1.1075978841839011,0.5536839269342733,0.709864487435379,-0.5782638200260325,0.8194988669057017,-1.3369970825910806,1.8475987415519326,0.030238909135636066,1.121145243239093,-0.9954495307949964,1.0049830499891375
6800,4700,0.6909423824471513,0.673650740597886,0.7915917431309957,0.28035716008364575,1.0137873251642457,-1.0428258106945119,0.7886846232178735,-1.301469100332319,0.8482931015803927,-0.1850201985267493,1.065416600627622,-0.21094334206490273,1.3419411459558481
6800,4800,0.3930341606641922,1.3614695242859074,-0.6191858016885465,-0.4516887727653908,0.06173694043029054,-0.622789328446105,-0.3629189808049446,-1.0992206010767878,1.2859507114574869,0.2377323707102463,-0.19038356116408836,1.3692926233296496,-0.2921222168650462
6800,4900,2.0065693833723697,1.3003075143228942,0.10025506700728347,-0.31365902272405616,0.9526170062693882,-1.4088856907687604,1.0897501661825986,-1.5768043976660437,0.9665748455418856,0.3343989306643056,1.0621220962153959,0.53887631635006,-0.683308815663936
6800,5000,1.2404082879325775,1.0760360719989017,1.0017187865274217,-0.23958882075271049,-0.35550001641448564,-1.1380199983686032,0.5059633713189009,-0.7870385442959571,0.4190967510260483,-0.0018314951780986231,1.0700440138714127,0.5942075798742258,0.566514779204289
6800,5100,1.5229691757803085,1.5405389502764206,0.5849382748413442,-0.5646865819649857,0.40881509970135593,-1.0924731746480214,1.3596759476864064,-1.1988540675282993,0.590867928806988,-0.08790935540549313,0.9031189824226189,-0.7186860703251213,0.9388703993379417
6800,5200,1.0928801141353965,1.2201030325586117,0.0675768524123902,0.31245406332839926,0.48744517415450866,-0.3511445323220657,1.2245344647395873,-0.9432040372707502,-0.19934020169874858,-0.4040491464022487,0.8744073439944626,-0.23606952260749559,0.7434867038853796
6800,5300,0.30811508735953114,1.1433770907296061,0.06823534834851881,-0.3645273877581994,0.6667791777933386,0.23062184347831005,1.795236326304417,-0.8962562722672123,-0.09972350067897079,-0.19860729829807636,-0.24885987975723514,-0.3418857027097575,-0.039833437728264226
6800,5400,-0.7256888967766476,-0.13739145485882204,-0.09595456460182361,-0.08822206696297756,-0.6999071230334398,1.0897016750468977,-0.3237363718014664,-0.005819358496595681,-0.9174305609694763,0.30353154627645734,-1.1252317897532693,0.2173959002835788,-0.8400003914876965
6800,5500,-0.9376859838467344,-0.7644722676366601,-0.8627750605631107,-0.6734360997429678,-1.008599390886596,1.977996147101941,-0.6574727836734505,0.4603423248644238,-0.8566256987378346,-0.12647513240409325,-1.2488034348917256,1.3382243741654212,-1.094655710669705
6800,5600,-1.6873198538139795,-0.6806490082500635,-0.44173528920344557,-1.2256638436698488,-1.50059125310094,0.15541640918935098,-1.7445864196357803,-0.14984821520013902,-1.1009839598661495,-0.06459192702944157,-1.3446929864966102,1.768455138732119,-0.37882136165952857
6800,5700,-0.6593151595765454,-0.9348325800277264,-0.8281001661205323,-0.5060878689023749,-0.5624525927703085,0.2907685855188711,-0.7627215993618603,0.3642016937528504,-1.3812814554219266,-0.8158297634519538,-0.692299604461254,1.9693024322915327,-0.30245490862932045
6800,5800,0.3405318320013638,-0.6602799778398494,0.22419598751546754,-1.1875635410112095,-0.5849525395899863,0.19636881856386543,-0.18528331467284495,-0.24147421061827126,-0.4325882295695039,-0.16498155915019,0.8094132897099451,1.2396234734307057,0.07785377887599584
6800,5900,0.34867394642056104,-0.02312946430671998,-0.20523473474523996,-0.48513548543435275,0.035345348212226506,-0.6279400705468194,0.7282102927806302,-0.7201977473873544,-0.018960584382645206,0.3354902487143295,0.4994962383909773,1.1053068443069163,0.9275198065104993
6800,6000,-0.6357042076745717,-0.7573637362789468,-0.3581927144656149,-0.846062546800565,0.7699874422550925,-1.1222400218556405,-0.39213218179017073,-0.7357776969924176,-0.0615725813153507,-0.47782269669653277,-0.5778653555518286,2.114875758090015,1.0318525554084688
6800,6100,-0.219194153703502,-0.13041353970162203,-1.07704286527863,-0.22435913731506857,0.6733361868596011,-1.0533130462196407,-0.4406393308477905,-0.9865097761222578,0.2324970980139885,0.06420923209665783,-0.4685289695996089,0.727414905829297,0.5478332503010208
6800,6200,0.8293696620484202,-0.7143589124320949,-0.01586828386821535,-0.7327424774325562,1.146794685139589,-0.7902095070545732,-0.02148165618258434,-1.1562426690778906,1.26840720290172,0.5435268210407526,0.6582852480965004,0.37801251683186327,0.08644192700714948
6800,6300,0.9566816328878931,0.5024159640188862,1.012936236082786,-1.5113438413467055,0.2507018412818893,-0.5746860529224209,0.37511562791040864,-1.4851605624410973,0.7210278379452708,1.1675246095417424,0.8867711622036579,-0.24222350783663826,0.9004582780274588
6800,6400,1.8101385624264843,1.3870482625440719,0.7304783895974702,-0.7357131035831482,1.2087241557435675,-1.2471843937047813,1.653971011960425,-1.0377920075444764,1.2831645338050217,1.2361118758556424,1.5842335805048717,0.01413957842706803,0.41558964666626425
6800,6500,1.311735260111983,1.3073787249097362,0.8124808739991078,-1.7473671592479667,1.627649068865544,-1.3391085622701984,0.9505894092805205,-1.5235797435581355,1.3780395764810014,1.8818565192162948,1.6978866739792295,-0.9437039796744514,1.6672576243978858
6800,6600,1.5141651646090053,1.0674650785192934,-0.2622688385019596,-1.3774805549912221,1.6929056998164285,-1.2791742985376418,1.3528668120790157,-1.7491264968650095,1.2439917441556048,1.5155807412804558,1.3977330219627573,-0.9556093116431171,1.1497145598580554
6800,6700,2.1938893685110603,0.8833602671423861,0.7762900776395382,-0.9574490702983826,1.831051022872838,-1.2853206901447893,1.5539114250210482,-1.0984652901330347,1.7923483762590362,1.4437034738385037,1.522748135539517,-1.1889229919571138,1.2748622241682943
6800,6800,1.7414753819398359,1.6729031927326006,0.8974771524422092,-1.2202595716896978,1.871765721375367,-0.6626776675686251,1.9568599317275663,-1.0005453652531493,1.6741157162224836,2.0817773868541645,1.4461281563581945,-0.5289815413330697,1.9812363957577699
6800,6900,1.748328390472267,1.6733246070637824,0.5589404779194757,-0.7343768139822581,1.9466966860453312,-1.712995672550686,2.3079169009649974,-1.5402680126731474,1.5355790392401245,1.6180047562091822,1.8875525087319673,-0.5075287340035858,1.6982569035931967
6800,7000,1.5200004458847831,1.8143324790614372,1.4802502105401045,-1.3858363516788237,1.4325832187238847,-1.251634850528494,1.6520153279063505,-1.3151826338507633,1.8646263683677111,2.4358967249609393,1.6163435983001495,-1.0988835866038493,1.605764805045067
6800,7100,1.642226928110403,1.4991577298134475,1.2048629293823023,-0.939203823131526,1.7508425008454058,-1.0639609324399,1.8576012618897209,-0.9794350055871778,2.077394739664865,2.03023915246435,1.6117160984058079,-1.3591389187742933,1.654662803814127
6800,7200,1.6749696045361433,1.5291343369485775,0.5235094910298504,-1.2392348277900083,1.1908995811890197,-1.1738197886698498,1.359313353213106,-0.5136567283602452,1.6321875951022107,2.012967291515998,2.0884979805570865,-1.4916103110435865,1.5539485782935818
6800,7300,1.458313134204741,1.8345460098610973,-0.08954130965226416,-1.3696964235651852,1.0732967677477652,-0.8805538545765574,1.5046978352437816,-1.0990216669388961,1.9033948051808585,2.399043780735409,1.6302100373469768,-0.22610216072066142,1.7881380354674752
6800,7400,0.914336875493934,1.417676866798174,0.5995721101230892,-1.7717979294943509,1.7201131028079206,-1.242023999395074,1.3850276265831245,-1.0699439535312703,2.259951036939198,1.4652206251034636,1.3710736364996186,-0.9477956632697956,1.4024732321656412
6800,7500,1.5059350221994625,1.9122213120828047,1.415503659048602,-0.8989669523911374,2.350240603196188,-0.6586058747805859,1.1284897368874034,-0.7047950243851802,1.3395139889146253,1.5930560913487846,1.3938614844175228,-0.86710543473337,1.2023806514829485
6800,7600,1.8116897373979328,1.3561878180894271,0.8823658556349877,-0.6773318653676377,1.336916491161145,-1.1521301251564222,1.881119338526428,-1.7510127988585038,1.4660499958903537,1.6752578465393007,0.9706902247399191,-1.2939981589995653,1.1153279856481186
6800,7700,0.8509914095968424,0.8531730142596398,1.0558127251736706,-0.6113987652766352,0.7341428330536927,-0.5759520934843387,0.8073491216760301,-1.270969911164885,1.1322798567223233,2.3269766319601133,1.3638169584117985,-0.5973144936167624,1.586576019080107
6800,7800,1.1554919446006684,1.3217439518544716,1.4009557125755947,-0.6104986301212413,1.5748297897925059,-0.988867243320379,1.4440734211397264,-0.9437756571922998,1.2588598726598792,1.7054249115776847,0.8691236978671665,-1.8261271049217789,0.9936183528511026
6800,7900,0.4597209301813364,1.0613116520710182,1.3123858814340326,-1.2505530684155601,0.6432762704171912,-1.3177814431505734,0.8560810301809093,-0.8205378357027806,0.8629826978449565,1.176738397959159,1.4055640573935682,-0.5407720122355126,0.1520030519567502
6800,8000,0.7186001573112057,0.7446435861422288,1.3665490843034929,0.9427014525820874,0.38718608299531715,-0.597228195700372,0.8408671681851002,-1.0986786839038951,-0.3235446573184378,1.599366375985413,1.329603404767845,-0.1986812386250598,0.5839976311883704
6800,8100,1.4437970092016572,1.2980744252815748,1.6100548625172135,1.1363618235731923,0.30425681017150724,-0.5007870921540686,1.2702695875463215,-0.9056208723503294,-0.8371092307272536,1.9016501812918198,1.3026571779175455,-0.6960110093773262,0.17376554560527235
6800,8200,0.6883920627062697,1.2428159768880858,0.8086443723374165,0.052763181568770544,-0.37535400328048796,-0.3573994848985274,1.140605628350327,-0.25485210304917194,-0.09878165624804042,1.0842895824777434,1.8042956761122084,0.4510630745228232,0.26750548876215585
6800,8300,1.2057925434467414,-0.06057000435722133,-0.10150076389583587,0.6935451999077679,-0.05779982311061785,-0.4383914532018448,0.64935658982558,-0.1854476311569984,-0.9445386876894404,-0.23197522344071944,0.8646470957853657,0.7693202948108727,-0.2907223687405144
6800,8400,0.23221040364198745,0.5543830116084177,0.5346323037498611,1.5276363891630036,-1.0528120120803963,1.0361841947519441,-0.7248092612055884,0.7255931313383011,-1.6296795592502449,0.37786601403765335,-0.37272822065074096,1.3884519835806757,-0.3667142982006802
6800,8500,-0.6593397122033713,-0.8462991771728252,0.026049006667499465,1.8508860744550713,-0.642327259696977,0.9597366440727167,-0.8028869528583261,0.8393503085347257,-0.9298931249069347,-0.7411918072909093,-0.5040392968406603,1.797095415193672,-0.8172780691313569
6800,8600,-0.4277948207903121,-0.8072265107853788,0.35764789230007077,0.09705722363270491,-0.26648396836797833,0.9041864762205398,-1.2726492537818503,1.0582494063416281,-0.8474786321282991,-0.3355416867413913,-1.1398618356770063,1.1936492425375582,-1.1462840519033772
6800,8700,-0.09215900915311227,-0.4658650172680997,-0.8372576391955404,0.2847712401395833,-0.6039169638577053,0.9293329294765499,-0.35017738333820936,0.493654781488241,-0.9964300234273771,-0.6281722148133568,-0.8456172993707892,1.40257151807249,-0.27718120298828147
6800,8800,-0.8551929339805981,-1.1273256485628274,0.031025327541327734,0.7431486225830106,-1.1556322045410286,0.33096887486741683,-0.787763685756307,0.8930383033635572,-1.4108134815378544,-0.26979700849887206,-0.3837882206475177,-0.13763463769959808,-0.3957484596441158
6800,8900,-0.6421169161403246,-0.7434217010122386,0.05563153600847358,1.1518977209579926,-0.5900281553537075,1.7803673522012926,-0.4195333992826377,0.7453674600395807,-0.4920009946046279,-0.6400553031964817,-0.36528856121523523,0.5215149371866232,-0.5623684110622014
6800,9000,0.12974664513090103,-0.30145772101130114,0.8955808017818696,0.8175077476260751,0.20696277854331438,0.0316178928506651,0.4892518231829423,-0.43576915214117096,0.41569738256677,-0.6157851045809113,-0.780418820745609,0.2760828634179678,-0.46771998526647973
6800,9100,0.3665384241610236,-0.22876712969440385,0.5237968147234393,0.4511846363460282,-0.9782479610027218,-0.1680978505451258,-0.06727868692381182,0.01931301728190061,0.1568252493478994,0.2052887321379417,0.41494935063101074,-0.5879675351229122,-0.4664533288860714
6800,9200,0.8315632628383358,0.8818597711701395,0.13746476639369726,1.6752529921143235,-0.8819212000949149,-0.33577224758453755,1.1692047214504955,-0.7986450563568872,-0.9922443185686995,-1.1113556069787045,1.1106062746227159,-0.9802006312040211,0.7217661550241706
6800,9300,0.43234591737492817,1.0905567288145488,1.605537928186341,0.8948961561939588,-0.43739650022190957,0.09140768354466347,0.9319665520046785,-0.8876119532428715,-1.0323993740518491,-0.1564261735923051,0.7581067519537183,-1.193079160816003,1.1934362847843902
6800,9400,-0.40186672010807956,0.8795053883844055,0.9603095678150332,1.380354035170511,0.22944484466744747,-0.02334534609291501,-0.5317851148102308,-1.4806876920759813,-0.04005895005243131,-0.7825445292485839,-0.4845541079541592,-1.0358556322281662,0.10550210035094733
6800,9500,-0.9731712176128384,0.49318990866894935,2.0623669788820433,1.6051634000364845,0.2820595259227,-0.7060359103142122,0.7243421217808288,-1.103185874488297,-0.8582247679947196,0.004108165991219567,-0.13723007331634948,-0.886717714505819,0.8923415749734213
6800,9600,0.4462160798945091,1.6439195717375792,1.8204707991832323,0.9368716156319149,0.9178626782310443,-0.8271676616665152,1.1730688876262532,-1.0030059831220324,0.1997853238447318,-0.7830303047092825,0.21120543138029582,-1.6594498364730825,1.7754022276322918
6800,9700,-0.03405533954604095,1.1499780567907603,1.724428152899738,-0.3240655026517573,1.5749325804006455,-0.9712641956773466,0.9659007670141492,-0.3628819541428491,0.33593988173287437,-0.3764588211231503,1.1465835007127343,-1.4870178732191102,1.236172915272926
6800,9800,0.346753379988716,1.2235567916316505,1.2383612662317132,-0.16133791311149007,1.0782561873079168,-1.474900028557232,0.2569486193786917,-0.4715630094483251,1.2992468896899434,-1.3955912827198003,0.662652532402595,-0.930217723832532,1.302409627568421
6800,9900,0.06641981543192492,0.5474784790332017,0.8855866421079471,-0.5836127388928176,0.37087117459172897,-1.2867779715825034,1.486840207146303,-1.1607209653567037,1.4059616073091232,-1.3073993593190956,0.6421168163627412,-1.1686517221466501,1.3323859180103572
6900,0,-0.47883819337764644,-1.4442312030138023,-0.0693142944498859,0.4631507779361442,-0.8261956195431575,-0.4408074808808315,-0.6587280377128166,1.6045008544704802,-0.6924521928319194,-0.9339130330764781,-0.5634496034171619,0.96427750186226,-0.1638729895639902
6900,100,-0.3016737692584113,-1.2191299807723492,0.1977463544192318,1.0449088238305324,0.1312962952245102,-0.775903198070219,-0.617312013748993,-0.4495143721477524,-0.2189992276150565,-0.7909804794687029,-0.9105460979614883,1.3153775191644959,-1.198220054165484
6900,200,-0.16161115936931078,-0.9250365504229789,-0.7106661129859717,1.4557361612085078,-1.6448032360150782,0.07449935861488065,-0.7496239901531067,0.2657686756501325,-1.3101158326666162,-0.9440136918970822,-0.6141112633856355,1.0444994266071286,-0.8299486329773418
6900,300,0.11048364383335918,-1.1013194009962388,-1.5311764458260875,1.6529201096221866,-0.6302527142915068,-0.2474924159501014,-0.25549611422366647,-0.03100776298525661,-0.7210558581935441,-0.29360858310184634,-0.29297534853791596,1.559281363873256,0.2815306588672828
6900,400,-0.26564465850277846,-0.54638419519445,-0.9880935624412097,1.1872649640519433,-1.0208781723811857,-0.1036133439623821,-0.7885668912736953,-0.6706648875032142,-0.8386514093262131,-0.49700786879528863,-0.2876643069956931,1.2849996174000218,0.2990513445024523
6900,500,0.1905626617203534,-1.2320590378512557,0.5941230540290947,1.1933336107505028,-0.5408509385478751,-0.31658644819271636,-0.2843788286176428,-0.9249673302276533,-0.5448332404108789,-0.9364549814195449,-0.2370910431188941,0.9508054947125316,-0.14297678497620203
6900,600,0.028090624803005556,-0.8282583141669289,0.033305114760628314,0.9913787812207823,0.17983419901465017,0.15908587028549714,-0.3032491544061497,0.2805879175042331,-1.08993938181169,-0.24054880825447233,0.011994758798213314,0.7623061198734352,0.365363306864129
6900,700,-0.07937398237891818,-0.5195701089622508,0.04754834098858051,2.17567824145038,-0.5866655498567663,1.5172570488894261,0.20342084197653582,0.1435702382944348,-0.569861616004606,-0.8562204593196305,0.40575939760290053,0.13992406275159272,0.6542482162323088
6900,800,0.017239257505743708,-0.491451345159655,0.940201349345197,1.966713461609769,-0.13197257009802477,1.020213245996142,0.3110893429284768,1.5124392726506968,-1.734877875985816,0.31745825550750567,0.48894463351556766,0.42636454493043635,-0.7039932528323366
6900,900,-0.16922804357698643,-0.3251360920058073,0.4371320668551274,1.986260211447309,-0.677084410740196,0.17902790341057748,-0.3507572806470622,0.7221077926918038,-0.8513979139268474,-0.6696157637948127,-0.021100876202112446,1.669661647427561,-0.8796192969452176
6900,1000,-0.6296269868650729,-0.9641579086224102,-0.12323240077918604,1.0630529171162368,-1.3571559449261577,1.184086796153504,-0.06517624704326973,-0.0844562781538485,-1.137836943953237,0.3306670801830375,-0.14251748661643,0.5182213158140186,-0.28344849359092245
6900,1100,0.47512415945820696,-0.37664683195645016,0.11852955243648441,0.15211519129980958,-0.9427353278421764,1.3366147128573562,-0.3460422392111156,-0.03998432670970083,-1.0585992985973067,-0.2926976609157055,-0.7476001657777228,0.5982142122355519,-0.5253680127665563
6900,1200,-0.4792008323933787,-0.12665240662048757,-0.5799285768349713,0.7597124299432851,-2.2064260380389205,0.7099404363270702,0.20663696933535874,0.6184846710835417,-0.05772685265054921,-0.18163245747865853,-0.4533717860726835,-0.16954118905418708,-0.09441933353935618
6900,1300,-1.446726308287952,-0.922714650036515,-1.3763143107988975,1.813490872992225,-0.8448967563541883,1.288030980655986,-0.5896376550643497,0.583590424143204,-1.6400991393173472,-0.9848661136806962,-1.0245362603492918,1.0220137230935327,-1.2604426672262108
6900,1400,-1.9821096888291097,-1.3170312282789538,-1.0486866691023247,0.6508578407623744,-1.0739817905779658,1.6844581819376458,-1.1220347970801914,1.2694975868643883,-1.4940918127014728,-1.277909905559813,-0.8432011087376573,1.154218703070478,-1.1264318777630529
6900,1500,-1.9403632949691303,-1.9336465909421368,-0.7680441852317886,1.0342927302976044,-1.4147356494932661,0.9807682049010671,-1.4327679362283907,1.717729763531603,-1.2160646530875052,-0.7082533530895923,-1.2877434266215693,0.04280870385607118,-1.3514808230634618
6900,1600,-0.4785805222091811,-1.4058568451027877,-1.0757525295525294,0.7167804258035285,-0.7259664828341011,0.8374626348353483,-1.205300689405306,0.9223001377006826,-1.7009755040371133,-1.0718392754975585,-0.9059253927005404,1.1657311907292125,-1.506561274248365
6900,1700,-1.2650912196473785,-1.1463859125500928,-1.5911056740557983,1.211752466765377,-1.0913437075012278,1.8220395606783044,-0.8926080280164083,2.2297421079688475,-1.8292880349075933,-0.20643408809216107,-1.6016647709567704,1.4344503348149789,-1.8251961539953951
6900,1800,-1.33386182894391,-1.2572212332660848,-1.8016441966171832,1.5083460557463906,-1.831747373046611,1.3425752718344557,-1.3771962895881062,1.9758902702513823,-1.4964565920247146,-0.641900344774535,-1.8852782156227597,0.7985556367897817,-1.426048641370586
6900,1900,-1.949201935014144,-2.14457024961113,-1.0082691993909925,1.0078723600049735,-1.3362307829115176,1.1366561508287705,-0.7010337645679979,1.7746498924725125,-1.0838462801309392,-0.9153550447432149,-1.0931746469067127,1.6012787935470159,-1.5302637207329655
6900,2000,-1.403913652153939,-1.7779410366699568,-1.154034507486215,0.7523190352384349,-1.103522266937667,1.9630606638342105,-1.405321874447409,0.8846025481312909,-1.107876118874128,-0.8613854591610947,-1.155038817590247,1.5095582326737411,-1.2588700747628734
6900,2100,-1.357879495028237,-1.2611385760536313,-0.548112665072906,0.18966022891989445,-2.221913438084569,1.5201250886237934,-1.7414303003035314,1.5608103406744847,-0.9450978472504531,-1.1244291018744488,-1.3917263652174132,1.8555135779922072,-1.077493157472595
6900,2200,-0.6005095185571016,-1.7854579136995088,-1.0857704528418177,-0.7085096556209131,-2.2701475768603805,1.0483849576412783,-1.2611307833406755,1.128809970933398,-1.0591799365379124,-0.693679306294448,-0.6439036947994753,0.5922241473680359,-0.9478817457282339
6900,2300,-0.8561038708870083,-1.0365095092996788,-0.26419703505943876,-0.552855559984614,0.2588718897773244,0.032247132913830176,-0.007793734548313059,0.8645357074708513,-1.105262551555411,-0.7129671539695699,-0.4750897669587885,0.5507372817000882,-1.0699940958435008
6900,2400,-0.7556983910544308,-0.027314516235171702,-0.8522120424762332,-1.5609255713486894,-0.4367300516829688,0.2734044597074539,-0.536985384716404,0.39941704968728436,-1.0516006547138832,-0.8125949270656054,-0.6091022289862182,0.5550452283850714,-0.9481445715170429
6900,2500,-0.9475513735577762,-0.06141240825325626,-0.4828166946548959,-1.4558705534172542,-1.222402663217713,0.3642736041564767,0.12599761990477262,1.3490642206470458,0.14159394399016004,0.17329664906148445,-0.07165229503593183,0.09205672979202001,-0.5657091135821114
6900,2600,-0.4313007500669517,-0.6048402818798629,-1.4771625420112549,-1.127461884559539,-0.52119129652012,0.1408479474818467,-0.43463385237278584,0.6433980087205337,0.032388821098560706,-0.8928560872087953,-0.8464528436444476,-0.4259785126956911,-0.967181191487795
6900,2700,-0.556812681647265,-0.9189747154285801,-1.5155038144943553,-1.4785214951964842,-1.000990617999165,1.1067749480202542,-1.1721889974737418,1.0574388173726814,-0.648922525157695,-0.8752891498976682,-0.39666076220026913,0.8577669301987755,-1.27602907017682
6900,2800,-0.17497669167918306,-0.7624610233305897,-1.5992313291616476,-0.7152922417268927,-0.7636569673939445,1.3161333021375152,-0.6360321210096226,1.4457666008201515,-0.8108453652026312,-0.571250568454105,-0.7726254979926196,-1.1570939790486863,-1.7013816386479812
6900,2900,-0.8613354841916123,-0.970235339801932,-1.7290892753602682,0.7825399824366382,-0.771697025972189,1.9266856729625124,-0.6651108657523381,1.133238776865498,-0.6553578270537085,-1.235170004932865,-1.0890434795681427,0.2832185935265884,-1.513348666923917
6900,3000,-1.1278284801757716,-0.6980526963856638,-1.6767649889298288,-0.30384816155210786,-1.7742417281896954,1.7393400166412256,-1.4980427247451642,1.7494041527134987,-0.8228400168850208,-0.7536781919740609,-1.4562186911951056,0.25860715553888847,-1.105328040942118
6900,3100,-1.098945024553652,-0.9380703764533315,-0.9796038159072619,0.9879930271704862,-1.0540198082539707,1.453673004358178,-1.2366672910862202,1.2524708675672844,-0.8487900806169124,-1.2126590440753338,-0.31708076413890546,0.8032154474607657,-1.247834742331494
6900,3200,-0.9202871982655845,-0.9938052675162364,-1.455336328406329,1.8321329295492934,0.22033596722820323,0.5520910057363215,-0.46226212459116567,0.9280496583073738,-0.41520663547644054,-1.2319236398103568,-1.0632641269555938,0.5806581798109045,-1.5402229809162093
6900,3300,-0.869069889376881,-0.8060455245463836,-0.26604060772126176,1.3407998742346572,-0.5741847407149224,1.1648468016587006,-0.5437063351534492,0.7585526055778461,-0.9588405440541903,-0.8694260700754473,-1.9267073360063465,0.8332751217903601,-0.7959355216436507
6900,3400,-0.4431801818348255,-0.8376025858894998,-0.6520292666811223,0.15231551326345513,-0.4461772610902244,1.0508997017953394,-0.5584113947120017,0.24375972839627652,0.2988208985753338,-2.134671515160544,-0.38821593718890257,0.5094358255576678,-0.5345563503250271
6900,3500,0.5602357514052025,-0.013997197678478027,0.6077956749693291,-0.763161437890035,-0.17397056302782227,0.1669317074827949,-0.5867544818428523,-0.31477159435927765,1.1281771298565342,-1.2310634019572975,-0.07493203056903826,-0.4709089406398103,-0.6846925586382365
6900,3600,0.6339639717600446,0.45900933326975446,0.20811077915279363,-0.34043045308883385,0.17602953272563768,-0.6584613391371383,-0.02460582885822587,0.4116891160415402,1.37291330290266,-0.7715458525202212,0.5167352441690695,-0.021214396951130976,0.05397159880544939
6900,3700,0.2997537587818976,0.35754901480141643,0.9513567189202653,0.04749732093041726,0.06305911982260684,-1.0821759317721025,0.606379490114876,-0.2875279964829185,0.6578501513216299,-1.4110257911425053,-0.26086926557031714,-0.2372068544719449,-0.4357501035104563
6900,3800,-0.5631864830373612,0.3782085546641485,0.9327720938891683,-1.205951395763329,0.6152753830222802,-0.10362452966387493,-0.27370612109276965,-1.0252837520758504,1.1523076844386524,-2.002981260738937,0.11338830891342516,-0.22626222065274093,-0.935501963716281
6900,3900,0.2077886608775612,0.017160683343186395,0.4761891214968248,-1.0322987303746682,0.11518711106584355,-1.2359348667836667,0.058737264204159034,-0.1754667411669074,0.7120258471043822,-2.152457480721335,0.26360680600823766,-0.1705123843834029,-0.3417158355083289
6900,4000,0.278858638040782,0.45770239864034556,1.4492016684697198,-1.4558591471433355,0.14836087035551565,-0.0759317817895227,0.7511800923691947,-0.2261671288778828,0.2023744725901499,-0.8380718825570441,1.2369181923318824,0.563533435981328,-0.9689826905774408
6900,4100,-0.41321866162166365,0.18009664797783506,0.8453053863083848,-1.2572705672248203,1.012749331126756,0.28854041577198253,-0.6766588308034762,-0.045308314804950685,0.36768898403044453,-1.1454815969450622,-0.2058477527829408,0.33695327313017137,0.6494753077517187
6900,4200,-0.6228781615350064,-0.6469291296719586,0.28668054265282444,-0.9108841682503477,0.7938769066464585,0.25140099002294325,-0.046537845919998724,-0.5439532445798247,1.1154031651010505,-1.1058088763766096,-0.6942938670229181,-0.2028050438672384,0.07265348602836644
6900,4300,0.3164770361441296,0.02100421416205586,1.3591275259648874,-1.2679268169831681,1.607413721078272,-0.3811859530658064,-0.10037420513260044,-0.9023849263743107,1.219973132839154,-0.946661073602177,0.48854453647590446,-0.19212690534558804,0.3766623753661647
6900,4400,0.7188825907029689,0.9466593450462961,0.18582102826352723,-0.6606586643324224,0.7438696265123032,-0.18451524597684876,0.12560972250004773,-1.9346252345275254,1.1226053439584305,0.2923398893704884,0.2807988846250233,-1.0156328159741994,0.7078400450198966
6900,4500,1.1976572586559844,1.255917557792613,1.1933324329163495,0.41927917728703196,1.0314268479871171,-1.0687815096598294,0.9836751470267389,-1.019390386067983,1.3563034458760213,-0.03718666036798694,0.839876827221649,-0.707511235388413,1.603432530261184
6900,4600,1.2921089657612064,1.4206542788770338,1.154667235015763,0.12126673350540558,0.958155291059208,-1.1928476639428136,0.9997612073926755,-1.6234730503763661,0.6411213001988479,-0.7983662977019829,1.5861244287551266,-1.2118462529263645,0.6487227432175884
6900,4700,1.2879057701279297,1.4636820209420318,-0.04388589200480356,-0.23905654740938967,1.2357100145165336,-0.5105320805436947,1.0870363793378457,-1.094677155479189,1.001943984380434,0.8412466641208904,1.1641846982500796,-0.5240055697671459,0.741934729221253
6900,4800,0.48495057070430225,0.7539648743288615,-1.042060747326576,0.16004254081956576,-0.3502804786127158,-1.2054703087146312,1.5026725992351697,-1.8101377805762178,1.047476639694714,0.7670362993825259,0.4787706096589543,0.6959151227232435,0.6831367619579674
6900,4900,0.8574084835074633,0.9983575110524403,-0.5964186077432062,-0.6297965968472832,-0.24749269395153448,-0.834849579607074,0.7662351349443804,-0.7159772581723761,0.7698935081408026,0.3978183521267185,1.5719929755015292,0.28682097034220255,0.21463779579126321
6900,5000,0.8586542492915541,1.2218731971203889,-0.02383338015489965,-0.40248834855379456,0.6823422990480551,-0.58600683220061,1.044205684551688,-0.9763178891520038,0.8844387017070173,0.2897181578474242,0.7148416334350709,-0.21585904510987097,0.9579016615521344
6900,5100,1.1312147367238934,0.49039917738001937,0.43979894719478624,-0.6115397030624333,0.5109512070561754,-0.8920198544621293,1.4641077080328229,-1.4501220740403031,0.2610851861639433,0.4759547307456165,1.1552970289700877,-0.7355559747385725,1.340069792474905
6900,5200,1.257091778106388,1.4008488234862448,0.17706412775540695,-0.3427426186549095,-0.07292602817496738,-0.3289361906142538,1.6828715544612542,-1.2566253261710814,0.45176653387185706,-0.6238563521873903,0.5597218642436369,-0.18526530799423027,0.09050972679400168
6900,5300,0.09884047982754039,0.5722225010015237,-0.10387092815601782,-0.436544267593817,0.3180331742488795,0.29394563363613896,0.5962978525358562,-0.02226590357553466,-0.08485150365719286,-0.1984378335761499,0.9373398064069577,0.1695719300328613,0.6621131988148976
6900,5400,-0.003075047530389353,-0.019617567885835723,0.02950239696527615,-0.6903950660499651,-0.932746122696603,1.3002973049414048,0.49317291074171776,-0.37410871040958377,-0.985221282379456,0.1191793703195322,-0.8169567925214294,-0.030803276315974917,-0.42320526418867616
6900,5500,-0.2517563019825872,-0.7054430391646701,-0.5060013010960397,-0.20832643150219748,-1.0493212056650685,1.692514887902963,-0.5180379275829012,-0.9668116210691536,-0.41741943145097343,-0.8308437848354436,-0.09052961861138631,1.7539327870622263,-0.6530190434208287
6900,5600,-1.9689935227721729,-0.8913645412144081,-0.809575980573374,-1.902372860004918,-1.3612311741413468,1.3408407525312496,-1.591189464703659,0.08944471092359796,-0.802701996336013,-0.9460205200294355,-1.0001325116195057,1.972439434341047,-1.2007419064822822
6900,5700,-0.5746930850618552,-0.27436782528860143,-1.1263006169531713,-0.9966844750102932,-0.49291700098106805,0.6253238827684389,-0.9172783452805736,-0.637925585343706,-0.5233762001485139,-0.8447414482833625,-0.6197447063701579,0.8220564472383328,-1.555290382018732
6900,5800,0.05155356491600002,-0.40864782631636615,-0.32795738978063965,-1.2756747314303647,-0.5737788236436211,0.7040721604623362,-0.4381644223645149,0.29085446483486216,-0.8587017635598949,0.1855014671867965,0.3900942901593509,1.3578452642368757,-0.39253625683709936
6900,5900,0.9333888848669055,-0.4853366696431625,-0.8256905592073529,-0.904089859231042,-0.6259292371392026,-0.18508334217461356,0.31959931352470267,-0.8004001361298997,-0.7826114757751892,0.17881274421820287,0.6842094396330441,1.3546374756689132,1.3063062208394889
6900,6000,-0.26873425482173463,0.13947644592366232,-0.2317190328094195,-1.5397122436951018,0.04351177984836267,-0.16981585075409128,-0.2577835311062993,-0.8037047308535753,-0.06968401322232465,0.4529891582544442,-0.31034186198719527,1.5400123403898847,0.3062627549187186
6900,6100,0.25251622856120354,-1.3745889764316779,0.11520676200996349,-1.286146623657401,0.6266354629120198,-0.9181269213530778,-0.3635603047483795,-0.11589737529993312,0.08153368463786985,0.968111637219569,-0.5507701619411781,1.6600936327790654,0.7416325851516067
6900,6200,0.6343339798968974,-0.3079830081613644,-0.030724755276503722,-0.11553921413718518,0.052520602012457056,-1.145613564865607,0.23864383540108772,-1.032206023492917,1.5755291446019872,1.2834836598218726,0.5359729582952433,0.3300611390016345,-0.056176573327438195
6900,6300,0.4767548085173717,0.7342623569485509,0.9932075597532963,-1.0846245803778063,0.7421392688397971,-0.5722477590720484,1.0739625080851494,-0.7600749343197993,1.114545162308511,0.8074772972117923,0.8080952973716954,-0.31276104633407403,0.2738367775682624
6900,6400,1.3438870253318012,1.174184751821103,1.0217825673996055,-2.0556026775310143,1.389468603674538,-1.145640199406364,0.7540245397129041,-1.4586466468407648,1.3442684114675083,0.25319893205841293,0.7064569017877338,-0.7578535949773328,0.5255743827385309
6900,6500,1.3380123518420102,0.8788237889348272,0.8226223468520237,-1.3982775739243902,1.4546651151194043,-0.3199303638076714,0.7844370857790933,-0.9905487117369108,0.9748826295034313,1.8707314338940122,1.4057732545409558,-1.0792882490633695,0.8161619354501566
6900,6600,1.2913652658185373,1.551291238675058,-0.061331497960743685,-1.6513946224860416,1.9199815481082183,-1.2290868984757544,1.464081915553637,-1.3563374823293712,1.6766154527664985,1.7134975034682975,1.2186552673853446,-0.863832646686003,1.6230462860574328
6900,6700,1.7026543152123061,1.5873951400179438,0.9439476484712842,-1.1429023441779211,1.2433958380134331,-1.664382271333348,1.0289206409780862,-1.0176434602236553,1.8066177739888583,1.7897196366583314,2.062679777111172,-0.9836139362833984,1.7828111121809862
6900,6800,1.5008872795125907,1.7897704909238465,0.5878030608027875,-1.7151819119100875,1.903915006997983,-1.0060511015356306,2.4630216543255954,-1.018383791718849,1.9470497055554825,1.7597870639125321,1.5206322041806666,-0.25822555318308577,1.8735715281615373
6900,6900,1.6080253260930213,1.0058238791397804,1.744714497846413,-1.2262907940493823,1.588014933492854,-0.6706738115186114,1.326168356687388,-1.5337520280650494,1.537059200065461,1.1994434756599588,1.37404399766015,-0.39531936560148956,2.1037572035658734
6900,7000,1.8781169932599782,2.0340514576282085,1.0776498250217688,-1.5750700004202667,2.2691061401088026,-1.6146834213472288,1.8085558964725916,-1.4235196476850522,1.9165429156783018,2.092582489803889,1.735262657017074,-1.947783549830313,1.8643878166904184
6900,7100,1.9250713005050732,1.371642571144948,1.458837526167331,-0.05661739742144483,1.8800462037186834,-1.4529487537279007,1.8113767231542004,-1.5290200553987836,1.4845957319464964,1.6948792116246194,1.3794915259933431,-1.0165822068540413,1.6897499231867663
6900,7200,1.9803453416744037,1.5237765307297073,0.9569366736973639,-0.941264373805981,0.9453443509094752,-1.3597592565720076,2.5954214962593007,-0.8333859803320383,1.426626443398487,1.6656294097923308,1.8661096058679587,-1.1334071615318642,1.393062515530796
6900,7300,0.9660757122450238,1.9422173172850679,0.7590560104035071,-1.8527434712767066,0.9559388121218966,-1.5436400694106447,1.8699373635510916,-1.1261802983750557,1.1782618050605087,1.7878756575328865,1.6930946970503633,-1.0137827810450586,1.7503246956920606
6900,7400,1.6374909344733894,1.5536927256591662,0.26124394333346274,-1.0168078435441117,1.7202714629832088,-1.177659225653647,1.5889953245470265,-1.2988080317376338,1.872181488313852,1.919233170842561,2.1552050077934415,-0.9458990729671888,1.5911832846544538
6900,7500,1.7489158483521974,1.6058797523726955,1.0681733694067461,-1.042551469284465,2.0917256822499932,-1.338893998885158,2.1514200272324127,-1.4656724006028103,1.0205935699714017,2.1822157504481403,1.9113789709506732,-0.7354803134849266,1.6173178418933825
6900,7600,1.666495562874144,0.959616581275698,1.1198861407574265,-0.37848680144321645,1.5037053391016442,-1.650486490180339,0.7340327946755982,-1.4363056062701003,1.1350158272240374,1.4017613099589061,1.2001972885432308,-0.8698301485732982,0.9243082944174046
6900,7700,0.8682181338757362,1.5012940161265553,0.6178390250379685,0.045205741478714444,1.392099128973729,-0.8516111916756289,2.089382502691623,-1.047410224100659,1.4775980567312201,1.3738112793483788,0.6695926216344196,-1.341124975780066,0.846516460748914
6900,7800,0.3169019362344821,1.606427556022324,1.2964640148372522,-1.0294691333284942,1.003909847519523,-0.900920215633372,0.9268751946726983,-1.057960425805474,1.4306153610226864,1.4914542321080042,1.343107043946948,-1.647118343559406,0.9260735251405299
6900,7900,-0.7469983464048267,0.9145592237176031,1.0786207512317778,-0.23667613877294627,1.0538641509359767,-1.0928964689571639,0.5150170792739491,-0.33422223016619956,0.6923606236852344,1.4202730709463092,0.7235700387843456,-0.5256084338146496,0.879289616352219
6900,8000,1.016383889492527,1.485864277814939,1.3365696617062868,-0.30573463904743914,0.8359966262339311,-0.5852855136780352,0.21896933437088523,-1.3855420783538384,-0.7303163900970433,1.323527140788642,1.2127861298453013,0.18784344977480646,0.49437012563020216
6900,8100,1.6822601167312858,1.3799208206429048,1.3561491663657597,0.7567739049098554,0.5093929043646912,-0.4917866964191646,0.9717400031077484,-1.0236048439831331,-0.5671088441004795,1.4871301312876308,1.0460205662883149,0.5187942869996574,-0.8201441280188306
6900,8200,1.316799235196291,0.693841940864818,1.361633710748864,0.19228616161350076,-0.17525732668291222,-0.3923418889669476,0.7687069454256897,-0.3906247294905716,-0.6679550326013245,1.7994480889304707,0.6112637652185843,0.07451341546750843,-0.07730283859350723
6900,8300,0.9274869698779874,-0.3588486365950047,0.6768122004216754,1.232361904200965,-0.23787215358897182,0.7269973010372903,0.26946855628273353,-0.5152417088333501,-1.1062947034549921,0.5555079036630532,0.7572337588867767,1.2959281715011444,-0.9361313092167897
6900,8400,0.10521924508793327,0.24475297435514484,1.7985649659643237,1.637461718371658,-1.2095260108566968,0.834865446136279,0.02817465729779876,0.6174078889549289,-1.097716055438938,-0.4058254306992726,-0.11172670334763334,1.4921632997941998,-0.7967557445513389
6900,8500,-0.5596465046502523,-0.683291165979754,0.44429180575002886,1.6860817382175677,-0.23045569099704688,1.4594768930453719,-1.122582519900932,1.1080964659800832,-0.8822472392071612,-1.1805091444775495,-0.2097770419848016,1.7473215698814284,-1.4091367567022015
6900,8600,-0.16773787780773294,-0.5536405561633408,0.47352205040546497,1.5314743128119297,-1.0291162778706964,0.7598065991147511,-0.9242386300962228,-0.2323848601436093,-0.3826853136610886,-0.883296684770101,-0.1435979034121724,1.4048251764246342,-1.0259632311392057
6900,8700,0.2715120264127052,-0.2642678632539954,1.0952772371146686,0.8397364441934257,-0.8704126211114942,1.4155473673373482,0.15734980809583818,0.511652638300685,-0.5553639236716617,-0.4958951016038031,-0.741153610888554,1.3724797600135576,-0.49600711756707977
6900,8800,-0.0022247393308332366,-0.26042970975133184,-0.15370706157956018,1.2101521585030421,-1.0959223652276429,1.408915245844798,-0.7958843657598093,0.5811473315381949,-0.7676522326788663,-0.23442692179002816,-0.43274249756262767,0.447491144233498,0.37989543497900646
6900,8900,-0.11102965306948635,-0.3717304703910769,0.24672084241619413,0.5594547858384911,-1.11808557946758,0.9281813866474365,-1.1293807346766318,0.4306702315421442,-0.567613061643861,-0.21286541161680697,-0.5713266281650013,-0.35838830799519594,-0.6497953611697994
6900,9000,0.5680007485157152,0.19106106433083178,1.4385722934955154,1.8180658802857732,-0.8770854186234561,-0.8776213244716031,0.2559474036199256,0.12789693674628175,0.07269675811461689,0.25866432877129597,0.1875516291261757,0.17810957688781456,-0.30799388526425386
6900,9100,0.8154598165991276,0.4348767114363046,0.3956498438130784,1.0915898833121724,-0.762888649599856,0.20876189716650798,0.9730727360697552,0.4699601719567013,1.3169549818132553,0.3462895128019506,0.32271710657935004,-0.2262473112086608,-0.5867022751538901
6900,9200,0.5251774604451419,0.22992579715981176,0.9810299311314042,1.5929407216147258,0.07258930348605026,-0.46505786059419707,0.3661018794917194,-0.5742721833972236,-0.35343554499927865,-0.1811345112349134,0.5967095896082621,-0.8845859740440819,0.9026709754652293
6900,9300,-0.008851406310286991,0.5270507191577424,1.2981496497597105,1.827775260080582,-0.707028227704328,0.6146194341671659,-0.5265705720176483,-0.8873832610055866,-0.6051741597474914,-0.6347862318393696,0.1988237543250159,-0.8309968940467,0.42106737714393133
6900,9400,-0.7406215802597219,0.6211501114881726,1.2089766358223664,1.3485635846487294,-0.18333487478748345,-0.1284252382916406,-0.3349998747512369,-0.18469113078633298,-0.39085416880259544,-1.0186409184917875,-0.28611286992759544,-1.2857322712741492,-0.665551851587784
6900,9500,0.3010343442211961,0.18121049939136313,1.8631639330299625,2.037637305219925,0.5114989765178247,-0.4402684777006952,0.26920888233201307,-0.9684537328752504,-0.4315492231514694,0.19575831040449482,-0.35976768466826664,-1.1187412084263306,-0.42283143807090995
6900,9600,1.3773955331969823,1.1330723034104517,1.3445307112374845,1.173871332118572,0.8588469323256351,-1.168037737223906,0.7191863812588494,-1.1274914270481329,0.1640282301454926,-0.5992589451962292,0.6825114116760038,-0.8573229999924784,1.759901167995171
6900,9700,0.7779567679848998,0.7636911249327527,2.2576313078377344,0.9775446142604292,1.9766644986685322,-1.1942772383571993,1.2011312215238223,-1.1126017555277457,-0.22454201179433592,-0.6032045465655156,0.4106978896854122,-1.4631065556478309,1.2785380562148156
6900,9800,0.3587711092367577,0.8308007739531267,1.3076820779049514,-0.6631612441649024,1.778519225094717,-1.8656252654403471,0.7533141911356646,-1.8219584552253558,0.510877914103724,-0.8438713473076083,0.6819254869772303,-0.7109335226686585,1.5668921750775722
6900,9900,1.0133698451264326,0.6612432426544965,0.38123487284495383,-0.9654864585865197,0.9220885636096519,-1.156850888741118,0.9300896679689534,-1.2999393829089656,0.5139971287878807,-1.02101957909869,1.1143751919906881,-0.8192070528336708,0.7761283027374686
7000,0,-0.5945216531463198,-0.7899989269730031,-0.7182886514098628,0.3311298657014348,-0.6616350537274884,-0.2655109535265866,-0.7257804740430027,1.144987249641723,-0.6490472978980167,-1.2349536817548505,-0.5322575384963887,1.9228417706245662,-0.6203915429656731
7000,100,0.49482267381622974,-0.7912427051419645,-0.14909005107693452,-0.14866515498485958,-1.1356552435243288,-0.8913664085494407,0.07050735427381367,0.10711983662183122,-0.5299959958846098,-0.6621580920123896,-0.8005195041444217,1.216104078459574,-0.6263200616185206
7000,200,0.27943076116871296,-0.7408520524413043,-0.6631358494599726,0.5630254632621318,-0.4064464849589339,0.13991753242171112,0.3054563287171799,-0.21754447675039887,-1.1605854677575915,-0.8819945338430428,0.020817758930596182,1.049478059797661,-0.8949492859100899
7000,300,-0.11038224664312542,-0.682640221273799,-0.5854020619020011,0.9713596658577989,-0.465271045625664,0.7649087022251578,-0.6720431758529065,-0.11926249177585704,-0.9770831517015309,-0.8353924936967437,0.16095811927405138,2.3194464552871703,0.03370053885050961
7000,400,-0.7825765929638523,-1.5061427066520099,-0.4337156377389338,1.0816179153716499,-0.2254319344924423,0.19744504714171923,-0.6926268469690103,-0.4544601130026412,-1.093992648584555,-0.6080767145060271,-0.32966367991153694,0.8810436198106898,0.08567479735433368
7000,500,0.8845867556549138,0.025337247274181497,0.3492722918948322,1.6294050719393742,-0.17141021521733307,0.45145590893047444,0.5395177860063742,-0.2560739664608225,0.30623054272918215,-0.6103098402271184,-0.27601272030808977,-0.055734367844089625,0.6941568089046194
7000,600,0.22984483533700822,-0.23687628732381683,1.4042183323603268,0.9328477740123404,1.285829065757661,-0.6348933451845632,0.4349040994810711,0.22361949274259335,-0.3247693462346543,-0.7994525238265489,-0.5210257597712327,0.29109599739133385,-0.20398894443669685
7000,700,0.653772771862144,-0.5647228602447273,1.039429100606638,1.6847448478866098,-0.4192938698619775,1.0666518942014325,0.9474829899825871,-0.07863050369124042,-0.6174091776183623,-0.7710454002847782,0.5498178487382539,-0.4316891709819542,0.8826481898403118
7000,800,0.729464358462103,0.31072217316573525,0.816822385667408,1.0185395702678681,-0.012713434532257109,1.3350973308403467,1.2953126178441148,1.0602631705914856,-0.9126553899433733,0.3080769052072097,-0.18282836746837727,0.8882394342777931,-0.050305774088900614
7000,900,-0.07479128613472256,-0.26243184768519034,-0.04830722800490714,1.7304174197925715,-0.5956828268238972,0.3171605305406618,-0.2599320087711503,0.7713887351101658,-1.8097647341870058,-0.5330141609538522,-0.5615715270258312,0.2821722796062733,0.2064155233368385
7000,1000,0.8757450373781085,0.19414691461599085,0.26193107876015675,0.7355494392979092,-0.8635363262380054,1.0349252901170334,0.49216872089038455,-0.6805729092705497,-0.7809784915693928,-0.6926162343414975,0.8169964303186976,-0.37136536570907486,-0.3030672135444907
7000,1100,0.6544505590406732,0.2699661949033692,-0.18901501976055718,0.706312459269255,-1.0151458076473983,0.6906460816278598,0.22024276556992126,-0.4512483929642628,-0.7070155812278899,-0.051772672810232546,-0.4822293032098882,-1.0423672195242173,-0.1806783940820322
7000,1200,-0.9785287741352962,-0.5354240102173092,-0.21676434154386884,0.20993655032716824,-0.3170108487701866,0.5675276212507471,-0.3467791448848332,-1.0082775378904565,-0.577298922855026,0.13231990297156962,-0.5226825738315046,-0.4981797265987847,0.4817421055449318
7000,1300,-1.6359510687843752,-1.1204903402892943,-0.5887048256984307,0.9003839329598028,-1.5546684370457968,1.6679299479198975,-1.492329683539728,0.7450009423087537,-1.4163740056163383,-1.0424993307984993,-0.8506775877176121,0.0999175915166007,-0.5139541048684731
7000,1400,-1.3953066583240332,-1.6506723707631255,-1.0333168763546043,0.4445275504559434,-1.1062620600966697,1.2992974547953364,-1.1865908224414186,1.4920257649285635,-1.0058623237812399,-0.7278478115506238,-1.2335051692529955,0.6108267120426436,-1.138016924995642
7000,1500,-1.4067095606773716,-1.1775394797975502,-1.052576349224345,0.8224271152412367,-0.804165029534744,1.2872183079458177,-1.7463952085640582,1.4940548940577405,-1.2930211836787964,-1.1456898502209467,-0.7378131843893263,1.1166796396993466,-1.2124500657426713
7000,1600,-1.431556265192464,-1.7351856136027584,-0.8095496522468496,0.5465930316933918,-1.7158840318088715,1.2531645423907432,-1.163051444257935,1.3255866513628263,-1.07271592980532,-1.206432797766842,-1.4802871501209736,1.28599202968547,-1.5534927896914539
7000,1700,-1.2614334737646704,-1.806748395936221,-0.715978866181289,1.6472445265313913,-1.5155256233119285,1.6129853727420607,-0.9797920144406715,2.3193195716123562,-1.7011556916783581,-0.9859598166455759,-1.2020243512216409,1.3860652963095919,-1.2901378577851865
7000,1800,-2.2760093784321622,-1.6632117431815987,-0.9670384898945563,1.5527754554175375,-1.0320657066886634,0.7917359947656002,-1.0611156327821811,1.723930954463161,-1.5161883840209898,-0.8522990550365797,-1.4055296879280776,1.0206313356170986,-1.2754678079203203
7000,1900,-1.1901883730919698,-1.359120585961803,-2.0863546549092584,0.6998780974286506,-1.1356105848726643,1.4274969763854994,-1.6667174606946142,1.3611162376725627,-1.3476708403600555,-0.8097698224685445,-1.1817949694322991,1.2756864962827166,-1.4405613720374668
7000,2000,-1.4586182733577768,-1.4477506213060958,-1.5794782602306354,0.994416396504065,-1.1141840378299948,1.8953395592081188,-1.3358839344151945,0.8895716620773346,-0.8827413858892212,-0.6960086439837774,-1.112567714909695,1.201035649381834,-1.8410747726964392
7000,2100,-1.5917333135929026,-0.9930875614448932,-0.3863849297370446,0.6754584115309213,-1.35737576822187,1.66121840045793,-0.48739415663107655,1.0561058971191843,-1.3417574744239185,-1.4174832342848942,-1.6526897456792105,1.3615617622715737,-1.0014153735638682
7000,2200,-0.39221076740364075,-1.5287263771366135,0.39274267871474566,-0.7924883171378645,-1.4141575971443974,0.9282240573763982,-0.950062412243163,0.7659915923134384,-1.1352964650576234,-0.8484032969407016,-1.075422991868029,1.8888382661392165,-1.0453483002882367
7000,2300,0.14766316119852596,-1.1878910612042386,-0.4749929669621914,-1.4082240915428303,-0.2855971269690968,1.1073084348035298,-0.24433005408212585,0.13462094334666294,-0.9436185373656555,-0.7749778665193231,-0.1013300635170245,-0.15889463983183694,-0.9928890004421015
7000,2400,-0.3859549485222832,-0.7064914518284493,-0.8600761462267714,-1.3772769220678323,-0.6318116735706196,-0.43265994029634647,-0.37088551777771256,0.34748169039283805,-1.4415009918652992,-0.5729723835202492,-1.0363474767465692,0.6822430286232682,-1.3135140498436222
7000,2500,-0.4687015545353853,-0.20470783844404464,-0.9638647840960698,-0.9978010391629151,-1.4752608277348582,0.5162809543821215,-0.6182684679848235,0.7856561523286708,-0.17797212780384788,-1.0334606105172386,-1.252497984291746,0.5814133852253881,-1.071213582879168
7000,2600,-0.16726103114686613,-0.6918801386139222,-1.3468475279941925,-1.0884775534949325,-0.8445290535536066,0.8827409292021089,-0.7402637383604563,0.6162903602261883,0.32277589532245754,-0.6707750450410848,-0.5463752818473134,-0.643827654566603,-0.9124651262836626
7000,2700,-1.2240487416702839,-0.836098656819333,-0.9376052011119694,-1.1860123911311746,-0.5559404982795421,0.6698073969324652,-1.4963747870633732,0.9297419947676412,-0.9572817562577706,-0.5368831334205192,-1.0629327908873125,0.002398326728804601,-1.0285797536189207
7000,2800,-0.3126460625283041,-0.566357359065719,-1.6270711181841127,-0.9382393348108651,-0.375226071212103,1.277136032130115,-0.807050571266379,0.778983085723755,-1.6993234448164847,-0.902874007681439,-0.4804902557501452,-0.36443878365865096,-0.8940783672933366
7000,2900,-0.9502571544637245,-1.2451211742023083,-1.3726328205054545,-0.21397616069891326,-1.1586738925558284,1.3997515332954118,-1.0678509171270303,1.5091557736336367,-1.2936380867690915,-1.6214156541193023,-0.7998584549910465,0.19344872547334976,-1.227603834167257
7000,3000,-0.394127410663187,-0.7275761687048634,-1.3411400288899389,-0.5358962875044099,-0.9917368381877026,1.2784859824494124,-1.872403507845391,1.1954836382651333,-0.773251661548613,-0.12138039836468628,-0.30791957996135944,0.34426522839653784,-1.4851245569135705
7000,3100,-0.36364580350965436,-1.4490736146490726,-0.6658733433221559,0.4979823098044903,0.268121270023564,1.753027338934135,-0.9520417662482268,1.7778551665514186,-0.7837565475090553,-0.16999312121594254,-0.5072167399781583,0.8852963373327691,-1.464677463536918
7000,3200,-0.760166376343324,-0.9763453341509377,-0.8502919127326235,1.324699091950789,0.183575600653625,1.1660463894804332,-1.4123522705881792,0.9097640133240597,-0.6220311936519979,-0.30683426900420785,-0.3065326290561106,0.7460454463686893,-1.1275982064345225
7000,3300,-1.3224668786361264,-1.0309503855059081,-0.5353962221389478,1.4672807773932401,-0.35775395690417644,1.0021248904087108,-1.4541703399113022,0.7656769948859545,-0.59308556009835,-0.8069981792377938,-1.3672738171301808,0.5685759261470135,-1.1082137956114597
7000,3400,0.3183762581701399,-0.7629038370326754,-0.4752056340295858,-0.39558172239250744,0.14050474817639044,1.1010983126069291,-0.8064950128299823,0.6704254985177202,0.608256471595762,-1.5388704624016547,-0.870742930118271,0.5430520076748253,-1.3476043908916062
7000,3500,-0.28166124774907353,-0.11060846873534579,0.14641103859409096,0.17710980669523088,-0.413856111998807,0.7417898414632511,0.23910296327734015,0.43030806442590097,0.621712245534213,-0.9827675806127772,-0.134081158205857,0.45886694062398226,-0.6992458791749789
7000,3600,0.4888563147009521,1.0331059769231916,0.9409427727317772,-0.8793195658497296,0.6757050867211613,-0.5628812751302934,0.3293221027888662,0.13596783199580875,0.9021073920918575,-1.0378919272240588,0.08872868807629204,0.23066655753583284,-0.05606862165718377
7000,3700,0.5588785472023051,-0.3424249557276233,0.989346606773726,-0.811219779184779,0.07368820160141606,-1.2165839755063828,0.25860112498265353,-0.3911897405977554,-0.3083396276018718,-1.2365232992275073,0.6882719933915781,-0.579920513592702,-0.2090210420188002
7000,3800,-0.3687602749109535,0.5662218571722553,0.6278338633470504,-0.8032976064841159,-0.03365344147388053,-0.47259090504201334,0.3650529406218774,-0.5528624776130227,1.3004795131629672,-1.4352894060166068,-0.42457606131232944,-0.36202938280728675,-1.0263128648068365
7000,3900,0.09445194011529644,0.2906023927121247,0.9838303537051096,-0.8007738542754478,0.7724876749806807,-1.1812820003687696,0.401591914547047,-0.883501269567819,1.738111228955071,-1.5592659541033485,0.3179987560270503,-0.639371009066414,-0.6470453454601921
7000,4000,0.7259236841511985,-0.44421203048669944,0.6435565570016031,-1.3884224263074953,1.02460316674282,-0.23317698756624736,0.2756415499261925,-1.0691898074390511,1.5880068751164935,-1.39183548311559,-0.18492254991188917,0.500055136167657,-0.4420719281804384
7000,4100,-0.9037084935990037,0.40082656893576873,0.9405230972333541,-2.16596849129896,1.1377596324639663,0.7548250736497264,-0.9542581859782505,-0.2357915487286475,0.6236257590823377,-1.3542554984480266,-0.2972938590049631,-0.17566137592974615,0.15651238751007285
7000,4200,-1.4191154950448954,0.049364041935900965,0.05920735174860996,-1.1911406392726045,1.0302154770972647,0.1569822523401957,-0.40573286073670556,-0.5244856608144151,1.1655725430097288,-0.24977564220094176,-0.7643899547300133,0.2616274066875794,-0.06605783922907216
7000,4300,0.5250958339937537,0.038813891034338306,1.3532558890812758,-0.5274048709583498,1.4243039941000826,0.4901620078923554,-0.15388890459090634,-0.9134812863904264,1.033960474844966,-0.20053699913026748,0.0027849203138498703,-0.20242364941808913,0.43907076719846627
7000,4400,0.1482455084830019,1.3233525674270092,0.825883158974209,-1.072153864474132,-0.14161851858142455,-0.18203968881298774,-0.14784374889751645,-1.4891121724786542,0.5145562138103927,-0.4289850096187233,0.4494666188261721,-0.04805015842782033,0.3861118693915587
7000,4500,1.0202598495220845,0.9293531981080485,1.1944299545100872,-0.4361942478506861,0.8082249251557329,-1.429100949756448,1.1249886045249855,-1.6087530915920252,0.737085486181807,-0.5901875092471057,1.249871595592231,-0.4090457142177248,1.479932584394968
7000,4600,1.0950509829945276,1.9429928520542268,0.8648856673348928,-0.33905099429455793,0.9804631280725873,-0.8641651152280085,0.8549585192675382,-0.7660532382228465,1.4261923578458677,-0.7605669915519757,1.5868784440358916,-0.33954816565364204,1.1524713903137827
7000,4700,0.5290807341963808,1.2871191814932006,0.6128210792610628,-0.9334200981037571,0.12334980315068156,-1.3384984566819682,1.1631415004490309,-1.0050719840526254,1.1709035857902956,-0.43419216403161043,1.4099881390866473,-0.38941878792148793,0.6153438513819441
7000,4800,1.2180596305332767,1.5575490720259675,-0.34763077625841854,-0.2179082436633587,0.22571466168079019,-0.7213786648722037,1.4540100339910025,-1.1890492651879632,0.72190335310127,-0.011718627157730421,0.875005958411327,-0.2028183022930895,0.694970204730886
7000,4900,1.5446995458440909,1.453826463149316,-0.4034042129046892,-0.8919596335930773,0.052847847014400054,-1.0834647275057279,0.6599491433073597,-1.300138709921433,0.8308346834382666,-0.48270323712692637,1.762386500145345,-0.00042522526884970833,1.6499938044604556
7000,5000,0.4803454742436166,1.021021810066267,1.6473343785819787,0.005699403189125505,0.38195609378249434,-0.5462020334160491,0.7678340470429766,-0.7753234156713386,1.2712401183283437,-0.2652385261581961,1.0548156102152877,-0.42537271956382533,1.3862323726753139
7000,5100,1.6435560419103248,1.3590842836962915,0.8356627948810664,-0.21958286301329843,-1.0212198861745174,-0.572321779844423,1.157363907560853,-1.3844821217887167,0.6058143709158638,-0.7852791337477537,0.4730870639061988,-0.5908166548990725,1.1771507195157918
7000,5200,1.0560102337248087,1.7239082337571705,-0.07680083871166613,-0.7566910120256573,0.4383923914157054,-0.4487509978806018,0.988186325686162,-1.4460499659188204,0.6978141477159718,-0.10084911126522692,-0.09076208388148214,-1.2667680787306768,0.4901813809818509
7000,5300,0.1524353163597082,0.7915934678056932,0.048025082644835584,-0.43577802678111466,-0.10876608096780588,1.1840432141409214,1.2308004346485046,-0.8196241299877386,0.7974118535555885,-0.0544531938194569,0.5775499590703497,-0.45031007999168615,0.9539507343877535
7000,5400,0.14808902905247698,-0.0836847861561615,-0.20472973240743791,-0.41884749151577866,-0.682416594486005,0.760399822844437,-0.06655737930887629,-0.024542293737176903,-1.0892772715516064,0.15368907669428059,-0.45865194496795814,0.6171097623803244,0.8756096128256028
7000,5500,-0.49755111116355816,-0.20790744903039754,0.16714779114516104,-0.8211991348779832,-1.1600448164462807,1.319619825202355,-0.0020495272315357565,0.4010301182601959,-1.5232657704848727,-0.6244649110858741,-0.4005210047293423,1.754073363895326,-0.6561334015701816
7000,5600,-1.5255298606969525,-0.4123843520845822,0.22140967068095857,-1.3634002260673497,-1.607646356620328,1.6700567305131406,-0.9176775747494409,0.5318740743122062,-1.4042977189809154,-0.6753854975762069,-1.1176496208121802,2.0631497036947732,-1.4707582037774507
7000,5700,-1.3885496644156776,0.08106298938610117,-0.6264131706663155,-0.746749415473954,-0.7019865836678952,0.5966670953618213,-1.1706222875903918,0.1617858912595392,-0.6182605056752526,-0.5586160238557099,-1.0761104063558378,1.3699149314362566,-1.1726945233021848
7000,5800,0.5021456216612137,-0.17553547389270954,-0.4828231524463413,-1.5998628415835654,-0.5054590792374792,-0.4051493027724815,0.9330621825887978,0.33787112278466924,-0.8112009830374372,-0.09390518216327759,0.6965794910844245,1.2016144577573606,-0.1407762622881035
7000,5900,0.6905062178273096,-0.0880646658902039,-0.9991409513547702,-1.1923440454003438,0.033686104829520044,-0.09054146770080476,1.1617800009554344,-0.1032139455375498,0.06245692573117406,0.5037482152243911,0.28386470497802724,0.9524888492586041,0.7338330608226888
7000,6000,-0.20280060857318102,0.12520529618404438,-0.3606235178219401,-1.8541167965957899,0.36405494362266105,-1.0047013385421129,-0.5339019479236967,-0.35437293983263096,-1.1813465014793878,0.3675387450018452,-0.6101079560768007,1.3086847126800545,0.5130901739653885
7000,6100,-0.4019987501239026,-0.5054188651337674,-0.4316220295326528,-1.6489339566009573,0.49617688502689733,-1.3435383131967795,-0.3877783384020744,-1.013872963655225,0.4257294413734193,0.9871029836931077,-0.869868807846057,0.4111204237073246,-0.4921628881037131
7000,6200,-0.49344933333280844,-0.4859708360288927,0.4022777116358775,-0.39540076541664265,0.7659204690066194,-0.6443713504210452,-0.9493313584181583,-0.046336568839117506,1.3227145702437921,-0.2503862907612963,0.409156872227628,-0.38246101644125097,-0.051919828325071186
7000,6300,0.526886325005008,0.7554421574706454,1.3373821154956915,-1.6703535966834722,1.6346954953082256,-0.8119500469613878,0.555575651195005,-0.5386537561049816,0.8884801748997007,0.8519373644432829,0.30844096315646824,-1.242609042816743,0.4080908261441566
7000,6400,1.0647104358843962,0.8030421864770312,0.6433692637599633,-1.4519107745417241,1.5776711010080144,-1.3701771848866067,1.0095524546591441,-1.3733375678234403,2.0782402689006183,0.2799989104199615,0.933865066144803,-0.041924366455514256,1.1442519428533906
7000,6500,1.0041367429428145,1.2891991756651235,1.0706213156530686,-1.506355589855103,1.1415978963202573,-0.6559909579833599,1.7461403818943566,-0.8756004737389684,2.2519159470836136,1.361607801894032,1.6781861556016395,-0.7433764074326901,1.4519213417495191
7000,6600,1.6455120075609775,0.691114137451187,1.0964844932876443,-0.9887615922827986,1.7791717685807686,-1.5371105431522352,1.7171348160620656,-1.068880362973099,1.7553058441780016,1.9933402284425419,1.9621945143860702,-1.4441411221165212,0.7643927576471081
7000,6700,1.758243921079707,0.9310660989846354,0.6076647119793123,-2.0838120050351576,1.7663477772994873,-1.1727587177450909,1.8462527912761153,-1.0253679393840922,1.4315516245384166,1.5875208196913586,1.6877722089316474,-0.5693971180847098,1.7667405975751092
7000,6800,1.161330713676919,2.119727729793167,1.2247268011079475,-1.0358621877257752,2.084390409834638,-1.3778238164892145,1.9963238538740264,-1.7018074981748423,1.726752158270976,1.602881751507081,1.8868206957525642,0.16180554483437798,2.670081546774257
7000,6900,1.793294887641722,0.9700619299812994,1.706278998626632,-1.352016596738268,1.5960488002869886,-1.62086202550238,1.4802918942238454,-1.2589617099286536,2.0241200875639405,1.911688150875355,1.8943388700666675,-0.7541617699879358,1.4253891411616297
7000,7000,1.3563993665229517,2.0187834028691047,1.3749609044216375,-1.2812561789372607,1.4779792111070886,-1.1614569418266492,1.8179133755703272,-1.6479781498038435,2.624258829169007,1.002710611677454,1.8827740503592265,-1.0324299757854063,1.7210107345402121
7000,7100,1.4753006973039517,1.4301872175914332,1.3053744513355645,0.26795216834800983,1.3257325205644053,-0.9772635063892761,1.4695443343180843,-1.3596528873206313,1.6701979792127701,1.3704206466279383,2.0690395861488238,-1.1221863423226,1.9363936089975502
7000,7200,1.6014563979815364,1.618564706881081,0.5521802733228074,-1.0945792916852217,1.2069973907187237,-1.6485521708296509,1.8777867538965762,-0.6757575143331481,1.3674396459734741,1.6985000430927013,2.255541671513918,-0.6094753432896576,1.9204946031105659
7000,7300,0.9637634623052728,1.7628312564492894,0.16077796257332602,-1.2755680968862384,1.7401301118019972,-0.9739156433400054,1.9114963387325443,-0.9761986564850536,1.2911004173926446,1.6070543245778481,1.579656232794188,-1.3361866989521214,1.458740793807966
7000,7400,1.7353692546460782,1.4381441388405838,0.7484188460164036,-1.4026207243507491,1.7896850635653407,-1.2326487013825569,1.028197167850469,-0.9435230598160922,2.1287135567903057,1.5191091737718811,1.8074973469750006,-0.8498163118932389,1.7455684518369265
7000,7500,1.5698315576507287,1.5754664037410833,1.3620654944416357,-1.2708656364534625,1.9807348323251566,-1.2518973234184114,1.6574977060781584,-0.5549865685323411,1.382950830240923,1.1448873879168482,2.1090111741642397,-0.8895866623462082,1.1978119788427646
7000,7600,1.8022053448087616,1.0341530398736876,0.9644292650568578,-0.618147527652234,1.0032955438771722,-1.4601973617659094,1.032736139321263,-0.945793979698172,1.2228554699588872,1.6285465555129843,0.5838490235410458,-1.0738990652921763,0.8692723644879576
7000,7700,0.6856303306314343,1.8159750236590724,0.41442151152667195,-0.9265129244957708,0.6763924873225023,-1.0073304526303135,1.5102442169225339,-1.1013191382432304,0.8366259485442062,1.7754605961760381,0.7210224798478715,-1.32168873003608,1.444138161810604
7000,7800,0.8797352706561539,1.1310998945626018,1.1121800495889533,-0.7485549436052035,0.8756835515645212,-0.4671269743074054,1.2185412557330995,-0.6530198646208158,0.8009095582203537,1.3363808543650872,0.5645657579931568,-1.1988084411541153,1.3661850507593172
7000,7900,0.4498321065147282,0.7443017647613152,1.4433595813936548,-0.8048329380922771,0.30170969726728203,-1.027720551288546,-0.09833754324831442,-0.49575768077462495,0.19061713327452964,1.0784454261188041,0.5832205349553632,-0.5816506389776224,0.3731715032852343
7000,8000,0.7419833873817184,0.20748015347543242,1.0502534162744095,-0.8823740503065479,1.008327728234178,-0.9579918239480018,0.18779084977733906,-0.4223755952943253,-0.29271793654001405,1.5420825429475382,0.9888399684986865,-0.5642445696981826,0.6301675657562432
7000,8100,1.0264330960232562,0.582627090985798,0.7919637404304299,0.9587426349498509,1.418266435159108,-0.5206859478180301,-0.22432440443960824,-0.10855535210055428,-0.6529390664534771,1.798050316155809,-0.19517974925536108,0.9050962730801746,0.2895009604776867
7000,8200,1.075402547431811,0.4348533566419925,1.145499726249176,0.49600154488867654,-0.14543169722274063,-0.3320060908500163,0.4532177176208038,0.11407158259565352,-0.7035195798116405,0.758808965912151,1.3299325465058858,-0.16968699280173552,0.27665981033018355
7000,8300,1.4302196827074403,-0.2887957371986669,1.3320947657569342,1.4617864600788393,0.3376489116851369,0.18695409869936627,0.02440333275070887,0.2715420275043259,-0.9516566738046817,0.40603701928689945,0.800359267463004,0.9669500007778049,-0.5858335597889556
7000,8400,-0.2933477669469919,-0.3574582477328435,1.5663314844332663,2.061138261326643,-0.7487260003643531,1.0988001364572515,-0.88909012083079,0.6821196738740088,-1.6447483372015141,-0.8672436802495975,-0.5693779764216486,1.3976940991392677,-1.1489212452631552
7000,8500,-0.5869545237377412,-0.6735498210331733,-0.05726219845142261,1.3108052102786747,-1.2383457182063622,1.5658866858681133,-0.9896499318903111,0.5990739814981548,-1.369644479641604,-1.0091147327954302,-0.947183636733261,1.7106043850707524,-0.713410305072869
7000,8600,-0.33078755385177194,-0.6677735006488372,0.21521015672740879,0.897494358362102,-1.0512861311853914,1.8989393408219448,-0.9700480783329056,-0.06622570226044865,-0.2546256133981496,-1.2328247512506991,-0.17378246962442384,1.3106620214731666,-0.6903747926490803
7000,8700,-0.409485610840121,-0.8388140952073028,0.6348111125761673,0.8318493052346773,-0.7197964423637869,1.2948444210592713,-0.24833930664643214,1.123065709864915,-1.4586953247077046,-0.025760734813142405,-0.521085024333098,1.0940981762044322,-0.8889841710985915
7000,8800,-1.1083548812571797,-1.1640502167737254,0.06065454898517245,1.1954667618781945,-1.1662780041858767,0.5292075806258543,-0.9157926418203679,-0.20904337756472657,-0.4035123585174556,-0.23727387450599838,-0.3854547002488931,0.6653061249243307,0.45611943031235214
7000,8900,-0.29710698302118066,-0.14051219236541462,0.8933324857658598,0.20249972290478985,-0.0654465712849734,1.253803010178055,0.2614009258427636,0.1549482778195203,-1.453586234411984,-1.1616547811618856,-0.5505257704965906,-0.028608133727398226,-1.0886217187878957
7000,9000,-0.012449241579824974,1.0447307467876672,0.26678575357937084,1.1652076168637537,-1.3695874307069553,0.35292813652534755,0.4989687109305352,-0.5292423972638394,0.08909023025662194,-0.33846975878428565,-0.26628814568800496,0.8490682300836822,0.24073213669231594
7000,9100,0.9292124037197799,0.7592309156345964,1.0393817962767042,1.3189881038389204,-0.2553815002785482,-0.7143506670753494,0.40096538239544804,0.38863440010400413,1.0104867027840074,-0.2471993280202237,0.6750940378646981,-0.2905521943274833,-0.17065948624300842
7000,9200,-0.30633126738356353,0.2621847575631833,-0.7488447533879571,1.2821418250323355,-0.1791265266028455,-0.006673349585241796,0.3352161926399693,-0.4393150722774708,-0.7869354693829951,-0.7259120204369023,-0.6264859605347004,-0.6522727725369922,0.5329854593516199
7000,9300,-0.3709854626985218,0.037213614567365896,0.772051465729076,1.4754283320472796,0.12653258143825044,0.3721822438579764,-0.4190444727959916,0.5948250970246922,-1.4652683674552947,-0.2645468280183408,-1.3251697669156393,-0.8326040361473868,-1.0570265248787043
7000,9400,-0.5373692047396108,0.16538876637361904,1.2309961424889815,1.5213898995957382,1.3374996729879551,0.06533902559900484,-0.7265762117308984,-0.35636295658495404,-0.5603212633145634,-0.8761892800197683,-0.794927285929532,-0.6719474779442971,-0.5101890968483905
7000,9500,1.30847218195415,-0.08903186578997939,1.7117799681464028,0.839174170378876,0.6205347839460722,-0.7474411841854274,-0.12782344256943934,-1.1522360343395242,0.4165942360547281,-1.0728452920484979,0.47877813401864894,-0.8406932289696688,0.49874674979764627
7000,9600,1.262853640828802,0.670849054483066,2.081964562341026,1.2689173694564537,1.468096554612334,-0.786120303354545,1.168475623144584,-0.46122804158958,-0.008302192193475175,-0.24799952013087823,1.5597429701182983,-1.48581373514029,1.3524991944624294
7000,9700,0.9130117762807752,0.9945815031344248,1.7568667495214245,0.6304688970593954,1.2298919639592816,-1.0975533064285514,0.5790793180294214,-0.6459119655273869,-0.2289107896651162,-0.10839623579475423,1.1174598758240533,-1.1924502790416256,1.2485714930773564
7000,9800,0.9166020063082508,0.7161909278889695,1.4034949336113935,0.1890354257125128,0.5186841055447071,-1.3449732914680068,0.7575420637422051,-1.4478331056595535,0.3802187646041369,-0.8571359310611195,0.34205314772310413,-0.8454185824143757,1.379050554095637
7000,9900,0.8793354533453507,-0.7499218673213293,0.42425476964074793,-1.8369095560026383,-0.8201827009436023,-1.0018537602138544,1.3904482075313123,-1.2859645709148286,0.07085396622963996,-0.4521399633718409,0.6013675713332871,-0.32081250262716116,1.2797795037029147
7100,0,-0.1267851874913674,-0.4012197881468477,-0.7164815669339939,0.9674645779936974,-0.45145614248436056,-0.7958769895826724,-0.4557956946158999,0.6027692941796029,-0.2446368508571231,-0.6251224844439921,-0.18565705446554026,1.0593240138284794,-0.0063887212594608625
7100,100,-0.09316257832845493,-0.8884842678532299,-0.4658333739478563,1.3228861879758305,-1.0514737674620787,-0.46650779976610035,-0.02994606285111403,-0.5609550742272232,-0.639762612594069,0.031441034761131366,0.21557182325837104,0.7532179308178985,-0.39849925668585284
7100,200,0.29280205343673704,-1.056272358803288,-0.31088048764839965,0.14075967482209603,-1.0862493413667167,0.25566463260394257,0.5984768246204536,0.6223473902299734,-1.2550023147761842,-0.7416976204962832,-0.7036730643398031,1.5182130962584206,-0.8396696312250144
7100,300,-0.4704746360435626,-0.08836133141506294,-0.6357254768317313,0.5655820196633881,-0.47774053351196705,0.4088858939915654,-0.2893455996854373,0.24700138293837468,-0.7813876457702785,-1.3092534114537218,-0.10145572851629708,1.8671270379028493,-0.5952317595352207
7100,400,-1.1233203627000663,-0.721067111417919,-0.8228241399137869,1.6109295014775582,-0.3749599030465117,0.5614283011236899,-1.214583554398877,-0.4804084372888756,-0.8782348302101569,-1.12757073736515,-0.6151340338229561,0.6611020055310475,-0.29961337092873624
7100,500,-0.2094122071661338,-0.3805077615431771,0.8436052336599635,1.0405632387282369,0.010707171366830436,0.29667555080477037,0.12035479325495829,-0.8609703724616004,-0.2978642411789521,-0.7313764049200875,0.17291405392207093,-0.10748215200350048,0.8216947473701439
7100,600,-0.63437052666554,-0.23141501217154034,1.4526128031128758,0.7543108437847066,0.05258563256288916,-0.7630507763151522,-0.2083318464392389,-0.24203785730729374,-0.8077969541943307,-1.2429744682423507,0.053707201442333846,-0.08661194363036223,0.021832830493427956
7100,700,1.0479414129166245,-0.22655505547822175,0.37390591802581036,0.898176320255304,0.8737494367729174,-0.1763925523779395,1.2681498837032428,-1.1773320874608932,-0.576098020847683,-0.6152040636883701,1.295830722875208,-0.29938403325782376,0.3220284940686144
7100,800,0.8562215853841386,0.6948403242420743,0.8815903676089765,1.1722196669857525,0.6907118955054175,0.39026426209199777,0.8324505986991967,0.07217327124099586,-0.11234167865868569,-0.5283730387528222,0.5388932521504163,0.8949680425648652,0.38283161902029395
7100,900,0.34171795224167534,-0.2397038229787003,0.46977918294656423,1.1080369173279712,-0.3100707236904037,-0.7611403314618853,-0.11669061314952221,0.07353583050707373,-1.2938512935739428,-0.9798162533077768,0.9068217055805329,0.1792959783791544,0.6569548625223438
7100,1000,0.3174504932406581,0.5587533130075762,0.8316976042319151,0.6171594121404539,-0.8779742859572206,0.5757199259342473,-0.008520240609111886,-1.0575947400024595,-0.9783664637326734,-0.44381598221789154,0.8442110288377561,-0.7056122425148844,-0.21123310706460766
7100,1100,0.6781148455520586,-0.4896984968762507,-0.5387643835922373,-0.3965091900729581,-0.536838490403417,0.1299631560499437,-0.1517259141255516,0.3504431845930609,-0.8051773576010819,-0.07788246028214454,0.38985166527725723,-0.9668433257272068,0.02137389540388886
7100,1200,0.18691587068573265,-0.605390070791666,-0.2879258165139122,0.11813319788853828,-0.235112256139593,1.0860875285609475,0.5099235652701942,-0.4036417142682034,-0.3608936316451669,-0.01474613543264423,-0.04458779504951265,-0.8250687111237412,0.4690022003588759
7100,1300,-0.4701415165081426,-1.2629833466983444,-1.043277421981583,-0.09866524510121923,-0.46729217876509715,0.6935381814679261,0.09430160180886138,0.9773283943410318,-0.833208996205136,-0.3873177088865245,-0.6749567016079393,0.26956021894089116,-0.6127174523590022
7100,1400,-1.0793352649089265,-1.3283629361197657,-0.8448864986204176,-0.006864558671941483,-1.7950014397266385,1.031963345065116,-1.2203736165961108,1.1010037234523768,-1.3183609154513776,-1.3334693157380935,-0.8250507068814784,0.9606344960419859,-1.0108952364483317
7100,1500,-2.0913416000227207,-1.3133725062748183,-0.8457596473741898,-0.24626479197161438,-1.260183674957485,2.0932956420719844,-1.3014343507511306,1.3506997670601086,-0.9819576767317079,-1.0312348691218063,-1.1987083506283862,0.22187959519825554,-1.2371891757614066
7100,1600,-1.380031162625763,-1.5525401370802767,-1.1553532851265784,-0.045774809193857825,-0.7966605728923511,1.4743583621345322,-1.3288449903515722,1.173195308607594,-1.2499668334576322,-0.6606345065078857,-1.0253356119206014,1.257385821809336,-1.5527619273804167
7100,1700,-2.064798542111587,-1.4248328870396207,-1.5776969061459512,1.3776098774997483,-0.9204847756027941,1.2432478345408846,-1.2489108926845118,1.8646580771462422,-1.2922098474792354,-0.4118343126512391,-1.864328751930104,1.2291377187056365,-0.9820398730356336
7100,1800,-1.0786820664707482,-1.719046017159304,-1.3590471833586701,1.4126972347632867,-0.6893247304583764,1.3589661675056073,-1.5562806426687101,1.5795172033299731,-2.0222545633313844,-0.43100121405520414,-1.4601000015672099,1.5500300061700947,-1.3297355795520172
7100,1900,-1.3299918984410029,-1.7775175352966395,-1.3247993843750516,0.8438354125376261,-1.4731720026087647,1.3632211902983598,-1.3418956093956729,1.746058514059617,-1.314092228381733,-0.9389441673746749,-1.6995103381481982,1.642588968921635,-1.226424542067451
7100,2000,-1.4888513815253477,-0.967181525292739,-1.0797731305405702,0.5891795658056749,-1.0616214599570604,1.8396612919440953,-1.4212720945764266,1.8695705920848336,-0.9208633650480288,-0.9485137386570969,-1.316431361665983,2.1303172842171847,-1.2206031636568373
7100,2100,-1.6807504593017744,-1.4669266891502895,-1.322526873823213,0.30288285225969974,-1.487783702110902,1.5833680891113882,-0.538807731236255,0.9952158350190694,-1.003435644918872,-1.010132186514763,-1.2909094826573126,1.4629921838066064,-1.5493397659590256
7100,2200,-0.9019748966705337,-1.4268830698560906,-0.5542837187367621,-1.4238560012574488,-1.0220777133889567,2.093785630089515,-1.2611904463480963,1.0711006020040648,-1.401839532409522,-0.5937457625690405,-1.1659189795980671,0.8400204286168674,-1.2067653669285485
7100,2300,-0.559205361920628,-0.6324814314749879,-0.623868319890076,-0.19506382770266262,-0.3807427509344215,0.47078435238359656,0.17036914110269977,0.1574235226832682,-1.0786140817824683,-0.6660488236115073,-0.8330584809809336,0.934714635889928,-0.6698706268488847
7100,2400,0.15821652353235463,-0.12008595888797804,-0.9919023400729408,-1.2580416801863799,-0.9423203696954143,-0.20940082456794032,-0.1838080664385303,0.7020284975821107,-0.8998578159347521,-0.7854474638582273,0.4565898842641994,0.6706653965224635,-0.6685721197407253
7100,2500,-0.4236958873833775,-0.41091291860012896,-1.355388970601522,-1.2739808958978347,-1.0353633460172222,0.220213567203585,-0.38090486902073156,0.7418691745906604,-0.6555095418588648,-1.3696667508803844,-0.7946554761121501,0.7834989546217919,-0.6756654494309665
7100,2600,-1.2647385627018,-0.8619590424653081,-1.0269972631673157,-0.8421956368240007,-1.2348123114821494,1.0475618531348712,-0.47630726687510977,0.49378139385271924,-0.9210580918247787,-0.8652882174960068,-0.7453469957170268,-0.7017914111570155,-0.9744488055405477
7100,2700,-0.7384170736408303,-0.8881053190057696,-1.4125678529021508,-1.3225261139850533,-0.3785290454529223,0.8374328052831942,-0.6129344355951717,1.4408377514609871,-0.9451537209754008,-1.0654053613352488,-0.6943555820889474,-0.11420836670016832,-0.5729381197990551
7100,2800,-0.7265919324669514,-0.3883686953074258,-1.7277513252299659,-0.844414763628748,-0.05423827660137332,0.8187097610991082,-0.6927135582978545,1.3562060276764214,-1.655856537200643,-1.1053070610928541,-0.017654888140340393,-0.15460791149045738,-0.8410581933983843
7100,2900,-0.34910062398019254,-1.2402999536484127,-1.660269608464719,-0.7482448769142706,-1.1024980230085064,1.1100898891299045,-0.7341014281557271,1.3818295932533258,-1.0304356928563878,-0.9958436830427508,-1.1328824468997754,0.09715464735314262,-0.31761374017691724
7100,3000,-1.0236549852006345,-1.3186063082648385,-1.5768796188857832,0.4388944643622373,-1.2938435438648554,1.3786803342640492,-1.2954503313396597,1.4111848001098888,-0.8332169556147608,-1.2822418675259064,-1.0718005963429282,0.9984595360572055,-0.7206715344835021
7100,3100,-1.5729788790335755,-0.7898373772027455,-1.499643894270777,0.8099445329588271,0.09156747314101704,0.9831680565073448,-1.2705723590507136,1.7154546372799273,-0.12517904810555233,-0.43628522672545916,-0.8248599900045529,0.49024615058921767,-0.37077130816482357
7100,3200,-1.0454504283385933,-0.8138297218580128,-0.6367435673651675,1.3290858327268487,-0.005217526946597101,1.2863508772962164,-0.6514983649874769,1.0133448042191597,-0.48998873228443934,-0.9455974202300151,-0.7067414077466765,0.44789924335969367,-1.3379878627611221
7100,3300,-0.6039199282197891,-0.6276381169526751,-0.802323220865424,0.961527637694193,-0.6206864393872746,0.681752935394872,-0.2575798832698424,1.0428738809228928,-0.9790447491647002,-0.5684336961875963,-1.2250153296725124,0.461251404597709,-0.7941000964361257
7100,3400,-0.5401838724326151,-0.7586228627089897,-1.1206749127723643,-0.6112524256253977,0.22086161397573245,2.0736289203357305,-0.8192196502279997,1.0233815671107322,0.09220669689401034,-1.7197474353137077,-0.47133847839668225,0.050759193639226534,-0.8007174405027463
7100,3500,-0.4588556306183267,-0.690127432603835,0.5575743252716828,0.06577796499225617,-0.5235918167794299,0.7590311902952376,-0.06638838884041984,0.625146690235793,0.3301009490059019,-1.1641112840347216,-0.9121051828497472,0.5865343858728013,-0.8772137684511024
7100,3600,-0.24863740150640554,0.48295186951898117,0.45207847235161147,-1.19874121181506,0.22927059688884527,-0.519690943701753,-0.11444320132470989,0.32864249634678244,0.9326107039356776,-0.641378174231664,0.403321140023899,-0.6895403031538758,-0.11009217168607373
7100,3700,0.03783309980284093,0.7462016987776937,0.8303233293522951,-0.8477908073324987,0.35535032223344576,-0.9337248366304974,0.7609035831683576,-0.2716892104261815,0.3036877374721036,-1.6173987626449462,0.7241211198802926,-0.9338695752356992,0.26630126727463777
7100,3800,0.20995341569446818,0.5427300954128437,0.7262528257817216,-1.3137581939399565,0.6236700665068716,-0.2912647677790195,0.11236269778221006,-0.48677050623694906,1.1899644079204688,-1.2386929829044813,0.5547001513967106,-0.6210397981047949,-0.9402716798068499
7100,3900,-0.19324872812510743,0.6844744360876056,0.8400756786195335,-0.8484033879348715,0.7931285499908589,-0.7160212893080355,0.7168496088376115,-0.5139277234505442,1.3839536772570435,-1.2911705430794094,0.4141108356258887,-0.3358440774547383,-0.03940688947653559
7100,4000,1.087251926881763,0.344033180591034,1.3359260774418023,-0.6231877324187579,0.9809107950260917,0.0019921809744672158,0.6724289966754997,-0.2824006842906455,0.5767114998157987,-1.4245034060311217,0.19793565365303262,1.3248860668309468,-0.321522606745776
7100,4100,-1.427691905719607,-0.3240292417650111,0.9749646153066238,-1.6177201001296064,1.0995187285709969,1.2434437938896818,-0.370646349886188,-0.35706784330157226,0.42402365347764703,-0.9594504795382833,-0.0482261353547759,-0.4915021124690132,-0.11410360722797869
7100,4200,-0.4139602989454189,-0.21082328221005764,0.10435897420214808,-1.1795278856209497,0.9028200487526643,0.6529814677659026,-0.6816404489664484,-0.3032441133795541,1.0884417881036428,-1.0663004875518751,-0.8782019030785615,-0.24325718956098316,-0.3345278974207348
7100,4300,0.3809527123733915,0.03625625633441877,1.0091906841530176,-1.0813253991705878,0.6338543832840307,-0.3648008020863411,0.00401780208235729,-1.533956853204835,1.1392653414896365,-0.36297998851903884,0.09802021154247437,0.2808234570670259,0.22981388954466703
7100,4400,1.0885935175272456,1.2881266530345024,0.9641443691208544,-0.4785099375356441,0.678230274628283,-0.2737667501158541,0.1514239538793714,-1.0540184564670088,0.4186177150562485,-0.9457622703712386,0.4905896580658457,-0.9765617509133072,0.5190170545079569
7100,4500,0.8177148490982801,1.39268928182569,0.6974006686520735,-1.2226083327886756,0.8024520055268923,-0.8905980039831387,0.7818732942969496,-0.45836231137734756,0.9083208246774684,-0.7209086883021482,1.20328869211982,-0.5840321139393158,1.2711915029407073
7100,4600,1.1134113584383323,0.9154473215854897,0.9665879840073562,-0.8500151605674053,0.7562646557414489,-0.29846707262874106,0.6016508687169165,-0.930029890223763,1.8646684339542008,-0.5281487856976914,0.9809702196291603,-1.1573238721150747,0.6809966991231817
7100,4700,0.7044351152495373,1.466729835775161,1.196200202364064,-0.6331387892969397,0.9396129701730794,-0.529631527750596,1.475348686350893,-1.4198281988181831,1.402410392875356,-0.0922332270194056,1.1322370515932974,-0.6558406199007896,1.2427015495789668
7100,4800,0.8983443314960786,1.3741915275121772,-0.8512927205621443,-0.9113294750431579,0.20240774983229912,-1.2466532292886394,1.5783410866064749,-0.7078608860043664,0.9896102500024615,-0.40720829046681434,1.124111617711785,-0.5913942973849521,0.7438449727977312
7100,4900,1.5117369978319108,1.3891422230294217,-0.021365497435101227,-0.4501045721453712,0.7332710623668881,-1.157183668644366,1.5273962383064614,-1.7421272438376962,0.9764588203393308,-0.4315649880400668,1.2507714533291698,0.08820640401297843,1.400126618141422
7100,5000,0.89709591631793,1.0077909427370695,0.4554251737880318,-0.3098640499525963,0.8889058355957317,-0.7710577105686035,1.302039845654273,-1.07329778323524,1.0663261124172108,-0.3103506780639479,2.143921560245467,-1.5477644846619967,0.9253488955294789
7100,5100,1.1096187709674088,1.1248487451276308,1.439699589809306,-0.544639763520939,0.6507226565213837,-1.1726280702939726,1.6461080568786648,-1.285056288108737,0.9089173903364975,-0.4934377026710177,0.8028337395219807,-1.408300426259152,1.4794640617116679
7100,5200,0.3147568854085383,0.9162819013273763,1.0446707590604531,-0.6062066316251018,0.24569882757040395,-0.5497931165509511,1.7970631443784761,-0.9516728637354858,1.2306740202114537,-1.2261534080898737,0.9616346200031777,-1.1804211867801668,0.04213079905222608
7100,5300,1.0884952214086363,0.6273990977399025,-0.6403763584346512,-0.3857175187107928,-0.42519874177510314,0.376036575189897,1.0436943111831627,-1.2363378786382984,0.26408745117136706,-0.6862829404816136,1.4519983698073051,0.23860295046377514,1.6544893513407333
7100,5400,0.5004150385035806,-0.1467449573513796,0.3103540092240562,-0.7387072287346504,-0.635384176670282,-0.0746043784025552,0.766797785087838,-0.22214676477945625,-0.3435942771527187,-0.5601358464619998,0.40032910574423436,1.4859190487020755,0.618212979845453
7100,5500,-0.27666977441459667,-0.5426561646409201,-0.3364931125082903,-0.949592769448077,-0.8988410580601273,1.6254566793909389,-0.2786782321494011,0.10152023334878911,-1.6551730866889032,-0.9397948925756839,0.6770293254335366,1.2948696704407736,-0.3098849656481807
7100,5600,-1.5468355023514244,-0.01566361780525273,-1.0703441324632308,-0.8061329943446887,-1.7668676697745636,0.9366534024962122,-1.0242535483531248,0.9069503629153671,-0.6359898703619474,-0.6916664113080344,-0.995967219994609,1.7951585161331034,-0.6776314459818178
7100,5700,-0.5754437231696787,0.3864831516470238,-0.5511202418034187,-0.8130024170394644,-0.9165977597621038,1.2287330247559365,-0.45533391588157207,0.030229534607655466,-1.2761636563246348,-0.3868198809414939,-0.849592633525787,1.2289016586755641,-0.6073961569041679
7100,5800,1.0754187647889637,0.18631095780652276,-0.6247458223937201,-0.8299729952491163,0.20259953890342852,0.29308168666961576,0.18505393769411493,-0.3702635695200389,-0.4040492562993834,-0.28650419094744134,1.1435144281145169,1.4656648617763097,0.10579232915371932
7100,5900,0.9175095706359091,0.03149574044682097,-0.7279455024773264,-0.6692784069172566,0.29782795721646393,-0.4126197001090668,0.5432402845132615,-0.2514293696907163,-0.48437596358062057,1.0851471535184665,0.2228104854228473,1.1293609724348144,0.6725266489504907
7100,6000,0.10470438181570302,-0.3996898143467952,-1.2058945058325812,-1.9106191909539376,0.8617553747406695,-1.0080038473415256,0.2387390133840273,-1.2235611719389445,-0.7316597085579504,0.7991812444495698,-0.22884873847208026,1.4509617086098936,0.6959076086311964
7100,6100,-0.521003920058716,-0.39237538576319975,-0.24972932980846804,-1.1593680410924556,0.7756536606845522,-0.87091661869276,0.09097442141681979,-1.0617348300932592,0.23285955451721804,0.5903961157464707,-0.4749946344411397,1.0154602194459827,0.9041490235403842
7100,6200,-0.22294638428319308,0.43620938927627595,0.4984189960723625,-0.5519853606040204,0.029123827752400456,-0.6463368489131927,-0.4646697296646739,-0.14226217799918614,1.3356815829843827,0.32710137764767894,0.05527853697166567,-0.041481578943319136,0.3469764169638286
7100,6300,1.0155520976735886,0.5826992536386187,0.30347688745173407,-0.6794448772371895,0.44277665846669145,-1.0700903448666141,0.8331742633715723,-0.7022086417379583,1.0991905012675176,0.5720583623331637,0.6293537274798907,-0.21241475214592564,1.803997949701342
7100,6400,1.0366217326184965,0.8558569095938291,1.0076889443897838,-0.5976115200058366,2.0351539086378647,-1.3535356240873937,0.7701871453135927,-1.1807248437091629,1.3004107685024104,-0.24287580622103017,1.193219285041319,0.18370633225217972,1.3746957967643139
7100,6500,0.8347092108169123,1.5200144368335435,0.8507784536099278,-1.4309910572495685,0.879552291113435,-1.0873841101193382,1.353098614362564,-1.231302115161755,1.4598763698022699,1.7806610832979182,1.4859480196909496,-0.7436891792350483,1.211682363005727
7100,6600,0.9478426854052535,1.4068103168272859,1.225960735793048,-1.4359781917669439,1.9595926834081498,-1.0002673533584667,1.308546438292834,-1.0821784258538651,1.6191760057197204,0.912785133919755,0.7545134765565187,-0.87650288993677,1.1681081799443358
7100,6700,1.7773298836864575,1.1169438601398551,0.6001935321822529,-1.4520755948615685,1.2749354010538527,-1.3281863213517813,1.1204441027034084,-1.1100907606759984,1.9800173223316957,1.6722067261041453,1.561826746038697,-0.5584399996522956,1.0243615532818624
7100,6800,2.0471711536168344,0.9868855303765979,1.2036443729920556,-1.3525510379386958,2.362884196179969,-2.0516321789018903,1.5134476552492553,-1.2839578580049003,1.6645505069555049,1.9770296065821895,1.8253646301341169,-0.012540432043377283,1.564573329496852
7100,6900,1.539946557820391,0.9785779189449414,1.6098949770504016,-1.751524109509026,2.406120663941369,-1.6042126099075125,1.5045071444708424,-0.9500953853217959,1.3304762799644902,1.942560739356479,1.5564574329232534,-1.2302846699910774,1.4556587301282442
7100,7000,1.727307500661441,1.5589994051640936,0.8899760570949657,-1.0030963367478156,1.522749022052965,-1.1458941715531619,1.721662954469104,-1.2465943315703278,1.4778131355059454,1.721147282614762,1.7761341960909098,-0.6967831056602326,1.5356184533934298
7100,7100,1.6590215506044437,1.6672100218397705,1.7520860926729114,-0.6418322661596547,1.6149348349058592,-0.8526121172156998,2.0529880805502856,-1.132214335044322,1.8070267821036365,1.9507036536699058,1.7835540829827363,-0.7785180305917314,1.0449386673067602
7100,7200,1.8466743067463136,0.8622129484601322,-0.15287183584236205,-1.6170800749686525,0.977136910214545,-1.6073721105236893,1.6431282999330785,-0.999759131532131,2.2547938201463764,1.388097930988122,1.961494961366707,-0.5066922349514363,1.4785534961098348
7100,7300,1.705462325350638,1.2589725507440837,0.5362091783354574,-1.1843573353016432,1.1608198084407548,-0.6131815676524731,1.5706878291384212,-1.3561645808138525,1.638464964212848,1.78310812602518,1.2748637361622437,-1.0546201393387895,2.039531857520723
7100,7400,1.347077661969322,1.492663053985269,0.7740960625416367,-1.5205931326782514,1.6986399158067356,-1.1631519380927309,1.5592292641289167,-1.7457762091447528,1.2622180895741182,1.3505344328463367,1.58966425251054,-0.8961737723512587,1.1590971914179973
7100,7500,1.5852149043179586,1.5509228925258234,1.2736439206053742,-1.5332867121579439,1.099504540635747,-1.8679310786863077,1.6517365065095744,-1.5025748400358752,0.8733114504841443,1.8541738518646034,2.0138063041399543,-1.4085837056767638,0.9105904781453488
7100,7600,1.3350049946851585,0.937139462203249,0.8944700734434329,-1.0734113591718881,1.2568557312058086,-0.9028012428688172,1.66175261752194,-0.8985156780169075,1.4051568037539435,1.2076036168683997,1.8002780292911185,-0.7513686762351218,1.2262977105626847
7100,7700,0.85138701312783,1.5999115039483462,0.14629393512717434,-0.08481844025512258,0.5015568566828846,-0.9725086821714326,1.04654487219885,-0.5879661254318438,0.5911511608720024,1.6341219148009212,0.2013051742335719,-0.9030921628039036,1.1361374786434355
7100,7800,1.1958153877942257,1.299639985729836,0.06499250175878335,-0.3470701140501942,0.8296729843941855,-1.2207771524287798,1.4234899727917758,-0.43014381761368864,0.7646229987656247,0.8634512944000058,1.010957849643235,-1.6023247313634454,0.3544337828032379
7100,7900,0.7594872946401574,0.8294773124337723,0.8935448088102637,-1.313424139333956,1.6514942020308452,-0.80191599087559,0.5286334525159089,-0.7515324396397599,0.8055778369250872,1.9138608956855094,0.4725588523003596,-0.07945646866215768,1.103268959413662
7100,8000,0.06763313761263981,-0.21071055632920538,0.14865808467913857,0.07899728873214125,0.4202100512871885,-1.223205381872627,0.8264292876391803,0.5421765249301724,-0.309510484641136,1.6079704930902325,0.1877059468519034,0.2905164518045313,0.6591103231249207
7100,8100,0.5250949413527036,0.44550215274314264,1.500457917643,0.43058104271459635,0.16476953757956062,-0.15278497872899482,0.1871793508165477,-0.4520852959494047,-0.12472197074380142,1.6107495080115277,1.4023546593455274,0.4154109309869494,0.7442344737489591
7100,8200,-0.2405605746396521,-0.7195264801292404,1.302837170439126,0.6783625195621855,-0.10666810935550328,-0.41417113091755225,-0.763439480794158,0.937367813436381,-0.5519023040105165,-0.07407517019643402,0.3962266635986449,1.1089701490358495,0.15489255864358167
7100,8300,0.47753120662446835,0.6211084546693619,1.0997488139708673,1.0134391426415228,0.918355500906424,1.3916507151017732,-0.3618013531494027,0.8876215116376396,-1.1935226794086393,-0.15064072431167425,-0.3875700596857802,1.0774970382218654,-0.13874353661978572
7100,8400,-0.18690931801447466,-0.615924325748885,0.6360189617397318,1.6872151259849266,-0.7983450804407758,1.5695883965584445,-0.644681161994657,0.4529296390455735,-1.037865896837165,-0.7760134720100048,-0.40960672276239657,1.611526700560627,-1.3249377180621091
7100,8500,-0.8045503101462571,-0.8830416602901594,0.955225503375788,1.401089963620597,-1.4535507121086417,1.7673169749360518,-1.1393349815881295,0.9154854750452464,-1.2738941993825237,-1.0911965880283068,-0.5864187401736265,1.1820680022202132,-1.0592521375132404
7100,8600,0.42855102937115325,-0.3038750327775417,-0.3134941665185988,0.7262125897151882,-0.7690177197715865,0.9143097846436576,-0.4874388555607635,-0.29279141569488265,-0.9187971673395844,-0.6894825074496242,-0.4643084948328449,0.9701093281849722,-0.8322546145653724
7100,8700,-0.4526634373243755,-0.3884781498973585,1.0440894370112757,0.9237846303232365,-1.373100372261112,1.1916978693424982,-0.09013486641876872,0.2457468251464083,-1.308502608089995,-0.7374912877306385,-0.4133997406292572,1.1920567851332577,-0.028367062706948245
7100,8800,0.4955583525522244,-0.14622391652880895,0.6581670603118291,1.2698721593406581,-0.6705370430859748,0.02884232443250219,-0.19014506743907406,-0.30404173486958996,-0.996947829655444,-0.5223524058336575,-0.7305795911398548,-0.2647690187146097,-0.6794582291597386
7100,8900,-0.5477501317297598,-0.3281196247163508,0.5768248557373594,0.585843362132426,-0.5689609643678103,1.0118153377505117,-0.5156234433734145,0.9106543055294327,-1.0351088359668568,-0.633322591701809,-0.30634188386566197,0.09744422263350477,-0.7693510647115834
7100,9000,0.02252865984155229,0.39216281083215776,0.2746922394035761,1.1200376405863193,-0.7177035960954518,-0.09284141703558259,-0.07980604041905401,0.10182046802976456,-0.23572815701417896,-0.39380581205161147,-0.7544965849249775,0.33943270028598393,0.40815746886153026
7100,9100,0.1935104306943775,-0.19778684188519663,0.33629332583074284,0.6172719863103067,-1.2734813959035862,0.0004952011045968222,0.37682134632308806,-0.25348300895318726,0.29931452500147665,-0.11463792984203887,0.11664631202502465,0.12798271689943735,-0.11378110499062143
7100,9200,-0.2661887244926427,-0.07017855401801985,-0.18779779174101482,1.2247679563211602,-1.1345051506772408,-0.6169146249090408,-0.9443152240367175,-0.5239676005007107,-0.9427723677474413,-0.6130367768703928,0.0890372825439266,-0.9897680594563284,0.41718035768156136
7100,9300,-0.9183285670067636,-0.1112788076876494,0.487554972111817,1.6336275570438523,-0.6325854225417822,0.8568383694424889,-1.4573880883269832,0.00844665075235553,-0.8619164798739783,-1.033607965369694,-1.1568032077305817,-0.31858760419809207,-0.43973708801858996
7100,9400,-0.5610372423136026,0.033966198007505846,1.152889078664552,1.9507820126874562,-0.16394403411899297,0.8663902646680335,-1.0048966070659684,-0.10020482991976562,-0.19417479370935908,-0.7403326243577146,-0.37343749275101074,-0.24535755495905923,-0.7367905438676039
7100,9500,0.7103911195361453,0.965611268649672,0.8902717603226918,1.0222106566786688,0.7161482831858477,-0.46437261414880726,0.4112083049187347,-0.880297454986444,-1.1072959350104563,-0.49438050312565646,1.0220834909861731,-0.9845835249738795,0.9755748440657948
7100,9600,1.1901958696403,0.5837349215445357,1.7339613415345418,1.1674309459013572,1.7410321688137536,-0.8040338218445128,0.759471323331805,-1.6771824621466955,-0.7249360451077764,-0.5231130506776002,1.3536024774841997,-1.2138718438191345,0.6514886709537033
7100,9700,1.223195357662133,1.327725944962295,1.7178877779333723,1.23236817642244,1.0835754395443933,-0.9450796383691505,1.0420153205481621,-1.4429865964722681,-0.9784239998674414,-0.3242406871868638,1.7677212581133683,-1.2927324360216388,1.814175246168288
7100,9800,0.2163077823099335,0.9058904214238701,1.6914631149791932,-0.29445871510775634,0.9800599098935089,-0.5390384950993655,0.9015071650614856,-0.9808298071457046,-0.3948054633599072,-0.34964991174455096,0.13774105569297104,-0.6618047959047487,1.2745737131115866
7100,9900,0.8052242661497502,-0.17390145721178574,0.820399996694932,0.14539060327669992,0.47218532502201704,-1.118871939048058,0.9477889947381979,-1.268636250122904,0.021580512386263413,-0.49262962953767636,0.883467484619639,-0.6714699686418195,1.716053300152242
7200,0,-0.16178983014925272,-0.8123833164014216,-0.8631535632099177,0.9015766773066833,-0.5954490678920875,0.22278582463618704,-0.038510905633372526,1.2804056431338757,-0.5655396349014178,-0.19890440138719706,0.6269241945189948,1.2305705491958825,-0.2774442167939358
7200,100,0.47967746073278633,-0.7507584431699346,-0.009920967573649369,0.7538579157069204,-1.0381231440392578,-0.7126095356987545,-0.22855064933218097,-0.640225141363094,-0.3574151941207851,-0.5300725193225326,-0.7431878081164744,1.8186790543664313,0.09731697998705935
7200,200,0.5472665897149523,-0.8113204876677785,-1.31351694042441,-0.8327709919182414,-1.347055486283796,0.18974378638320297,0.2344709879566649,0.7131092821322035,-1.0448347930519621,-1.0835775301701784,-0.22500997015258722,1.2249215541517289,-0.2587971198907953
7200,300,0.14482794236020496,-0.5293867638059903,-0.20022723833832087,1.1654096907364324,0.3015112145440945,0.5240879512524573,-0.5086803852455947,0.10159391100685908,-0.6323913153412559,-1.356107479935514,0.5675416397771211,1.0803362088803175,-0.1532012579623769
7200,400,-1.060128376513782,-1.1416710113246185,0.360631374386092,1.7386790152395157,-0.5484145721966733,0.5802709242151186,-0.27688694908580913,-0.6313415524786584,-0.9451210322344165,-1.3620450582837627,-0.8291873911581905,0.6938634069471029,-0.799846617787576
7200,500,-0.4361424126152885,-0.008205986206191252,1.2566658915968105,0.43044764599317104,0.04930741165051817,-0.4498572952190435,0.2870620074826781,-0.07178069089924966,-0.5449450535756067,-0.8316869718479487,0.32302429111092357,-0.45800903399052256,1.052475310420416
7200,600,0.3225488127108042,0.7702118591189212,0.9584720405608806,-0.4678244946375668,1.23967936014588,-0.748313663504451,1.1680299033563613,-0.612619139258858,-0.5366524177656425,-0.41677992670593894,0.21458817360833574,0.6472070109313699,0.11029193898622827
7200,700,1.7380074837172717,0.4475219247072702,0.3640388609435503,1.3565496268900161,-0.07143419616017935,0.06390911647673089,1.1719463166354345,-0.8552388759810207,-0.4537040527707734,-0.2873663871310986,1.7473094331736452,-0.2214958858643659,0.781102434467228
7200,800,0.6034026966194601,0.7310154072641939,0.20994724288191347,1.2377517579902895,-0.04891719419416482,0.7776647270857477,0.32631035680454257,-0.40355317524011824,-0.008970061574750672,-0.6208603710692404,0.6763665321543778,0.584669059241349,0.15761320670305515
7200,900,0.6051611355773092,0.6822642639118961,0.5117315460776659,0.8608474185569367,-0.029224580857501722,-0.3314612477487601,0.6652733501397728,-0.34207299088860776,-0.9743409615953148,-1.012686657063092,0.6173077551583225,-0.15517840800699187,0.34954149698819936
7200,1000,0.2223692203650066,-0.1294628326069237,-0.2474500547364798,0.851462417295327,-0.803744399396294,0.2658527071386034,0.34511719387027917,-1.0185391668489752,-0.7552023971928702,-0.3965908050813993,-0.0017317063714727154,-0.47822576629239916,0.1882785100966776
7200,1100,-0.10033990569234824,0.23482252006180632,-0.11190667557675796,0.5941375526148543,-0.09192367162924549,0.08204364497920193,0.06087317732050692,-0.2487308169520213,-1.1076557759369967,-0.4723704314451055,0.23837294675465734,-1.0914610228769275,1.0329848091634535
7200,1200,0.4002248867031974,-0.1262769633658952,-0.5436976032381434,0.22855900532297954,-0.4161989800176251,0.42741193285636675,1.148061417357399,-0.5063552816040433,-1.4324082118184327,0.3735689617641935,0.7938798390513331,-0.5197550101986591,0.328715722054849
7200,1300,0.01364830943717286,-0.7039270381721037,-0.44075390982969626,-0.1516680072930643,-0.6448266420241708,0.892310847037427,0.005027196228946751,0.38423670166586527,-0.6412906130667593,-0.7347640125286427,-0.24132828695649086,-0.9864901363665733,-0.3666627006930551
7200,1400,-1.0323508272326911,-2.0282153274883847,-1.274372727422061,0.08927907058760866,-1.0324078753186612,1.1066047384260447,-1.1471982144077497,0.8525633484059587,-1.121029966623941,-1.597550103365401,-0.7840853256236512,0.5692726378560156,-1.1758517527539503
7200,1500,-1.3199957522407892,-1.191805016166219,-1.274953929551938,0.15006106399017405,-0.9709936821681435,0.7933301787278638,-1.8888693879086835,1.5354658433159432,-0.9907088814222205,-1.2701024106845258,-1.004868166272676,0.503979689724556,-0.802039138477291
7200,1600,-1.7860429756447467,-1.7938129832676077,-1.046260387955668,0.08177188366024057,-0.8919289856369198,1.2907527045653626,-1.4683641890046177,1.0683658019359792,-0.788328273375425,-0.8467974576383068,-1.4905032413199315,0.8571680329794575,-1.3591186463080664
7200,1700,-1.5171932583498755,-1.033367080698905,-0.9976755688635085,1.2226242765667348,-1.344401596190474,1.4091537305589534,-1.2905895199114041,1.0391416616617852,-0.6625177737678997,-0.6490546495081725,-1.3393865212005573,1.6096027631901764,-1.0816873936625404
7200,1800,-1.3516911543820693,-1.5653371621283656,-1.5540341460916112,1.1103723192200539,-1.6720898417046037,1.852304500361368,-1.8770914830286125,1.2654036176094012,-1.404517191342204,-0.27576422188264105,-1.1208172404058476,0.7955297272833095,-1.3740994170395056
7200,1900,-1.2908507948579533,-1.450547763589498,-1.2810124020014326,1.0375052572896004,-1.7002730788127112,1.8869260153076024,-1.225223714802731,1.6912927897031724,-1.4799620746553255,-0.9629675370296719,-1.679996387628395,1.5163334688145442,-0.8844270031909333
7200,2000,-1.1241161546993246,-1.3887329859768927,-0.8248462379772568,0.5214008377836307,-1.3414099309047673,1.5888688063367746,-1.4829296304281823,1.5424882561012363,-1.135223270742443,-1.130000738825579,-1.5319390652813623,1.6900955175523638,-1.6074862467715718
7200,2100,-1.311223237651757,-1.2938797696705604,-0.8693516876066344,-0.09951157852299779,-2.07225071872136,1.7019842576569506,-0.9553871734887491,1.2153955742738256,-0.9326183992619703,-1.247755180109773,-0.999270450486816,1.6927782463492036,-1.601260290997601
7200,2200,-1.6994468756355703,-0.8969129336711188,-0.19955862965649854,-0.3917979739789305,-0.8270097091124435,1.3099390992882074,-1.0860893756865067,0.9250813280384286,-1.2897819427517472,-0.7689243262385338,-1.6230534307516997,1.0678526370556662,-1.5483608864960516
7200,2300,-0.20583834241016444,-1.0572273959292364,-0.5142517942081268,-1.331182149729073,-0.5673863102664748,1.0322088094123298,-0.7715628116731919,-0.07025667284789457,-0.7506078579820593,-0.6367878890342517,-0.7249233341626422,0.961482704152,-0.8312859985277369
7200,2400,0.13857608881183114,-0.7735304730809948,-1.0200967023549257,-1.3643433216180372,-0.42379611937466605,-0.17290577910365335,-0.44027398360240116,0.6741475603150963,-0.8342521351952891,-0.27458698360002676,-0.22915316510927064,0.3570149634121836,-1.1204219790956071
7200,2500,-1.2488761810994078,-0.28397035638360546,-1.743290846494983,-0.4798461172411084,-1.721603250585861,0.4941914617307427,-1.0081603217350252,1.1274944200664943,0.3591262812309852,-0.6579772731438094,-0.6724146835068936,0.3141969655014239,-1.1372122020011723
7200,2600,-1.1401965374184257,-1.1550318963450878,-1.507814454690979,-1.2016959824831854,-0.5186260110586612,1.6612296946317517,-1.0874560967193974,0.9662591537585227,-0.8202215657824272,-0.662581316363355,-0.7135536326521055,0.4196346601929104,-0.6642922651458832
7200,2700,-0.8708978583457984,-0.6270913420327133,-1.6740777695048275,-0.8201253345033246,-0.21016118278144766,0.9087207514862617,-0.5511500933351204,0.38888851642233463,-0.7981597878115435,-0.8211725555543505,-0.8197990795266099,0.24306197783560046,-1.1493770870755506
7200,2800,-0.8916506248757775,-1.2405433736932843,-1.4429781370423558,-1.2357053720661928,-0.4407425914617214,1.357242549422773,-1.1430536354316387,0.7778607458865981,-0.7059609273547695,-0.8907247158065748,0.15495386397081606,0.2466677233685066,-0.4549594130349494
7200,2900,-0.5341568262353131,-0.5341754001028541,-1.5166992963391452,-0.9758603164566554,-0.7610312056328254,0.5481180559535266,-0.5771667034458263,2.005208958325329,-0.4766753049160903,-0.9845741973800918,-0.616363379502964,0.4008971254747953,-1.346608490918746
7200,3000,-0.9247983034009257,-1.0272333893236274,-1.775656363986093,0.2572198702251777,-0.4357699738449533,1.3404774159184651,-0.8652323985417464,1.7455282723321206,-0.9131207606890475,-1.9839362733681132,-0.44635596780194897,1.2021862358285171,-1.512550226540068
7200,3100,-0.5274492801689002,-0.9007533460398289,-0.9988997703052668,1.7110164233603233,1.143488735530484,0.8754254474635536,-0.8916608127138448,1.6831089580046394,0.01167089031062012,-0.8267764419981642,-1.0721841594721775,1.6505470776218123,-1.8328745859395013
7200,3200,-1.268487459763868,-1.2366275956746773,-1.3460278381870656,1.0770605965679352,0.5619122816619684,1.3997490890763475,-0.7985643874811145,1.4367843605877675,0.14137299616591678,-0.8948300732481401,-1.1227048980973624,2.319177026909036,-1.6122710996574006
7200,3300,-1.3234908262570353,-1.0352726402911292,-0.9248404788363215,0.2885571985232241,-0.3588546079306487,0.6289245002130509,-1.0706077540711811,0.7136894193612524,-0.3696587715735771,-1.0922008901377196,-0.6468975887750362,0.7680209724842134,-1.4175940169249825
7200,3400,-0.5959424419679847,-1.1475133210432351,-0.3866646682620072,-0.922334995459693,0.2623725200160814,1.4320959615886724,-1.472904132338105,0.34679214511619144,-1.040015143529318,-0.9071648526771307,-1.0652741923733866,0.7284988411555418,-1.0720131603837473
7200,3500,-1.2344418226391256,-0.8834849251526357,0.24033705826044502,0.04727185823885289,0.03813751028324975,0.2618686106181079,-0.8603151220266881,-0.6492687285131004,-0.031769241359839245,-1.9817383344177186,-1.5342783659395665,0.4968467903509016,-1.3784945446975194
7200,3600,0.26415203813559057,-0.13545296149070252,0.4836668854018917,-1.2219895773694553,0.07294703509583265,-0.8722213419360288,0.2520771307728842,-0.5996266967003393,1.4598829497655736,-1.7957677930822717,0.17579695484380356,0.22687464422476708,-0.2277607615312542
7200,3700,0.4879420653032863,1.221269257176535,0.9160323200421878,-1.2795275288387757,-0.09126976395250626,-0.5843256277414606,1.0475567879114056,0.10765185680120637,0.7343483660903279,-1.2246862093684407,0.1089783415170409,-0.44160652383311144,-0.3077422264383114
7200,3800,0.322905141970109,1.3522037810227878,1.3120340166520776,-1.2886308040961425,0.24620416354761304,-0.018155685710716674,0.30557334983865847,-0.3686645566113951,1.3734593720938908,-1.5441349279040746,0.23979465463682495,-0.4680539511357868,-1.1694558935950736
7200,3900,0.5401963497766441,0.6636780727997313,0.8851830179832784,-1.3853193399543298,0.11661748909728684,-0.5254886294150651,0.5463298974223567,-0.38486843512649405,1.1460890468299205,-1.8777471762199232,0.20627964759465595,-0.35389046396301005,0.44780843730979797
7200,4000,0.003753378298678963,0.9096584697677378,-0.06706662468053518,-1.4946739079036169,1.215719730454012,0.05738270466115488,-0.28905710626862724,-0.15677667844898363,0.5117836400511776,-1.9259796339347304,-0.05154623420148783,0.8255937021322697,0.004187202944698634
7200,4100,0.11296958325572623,0.058303335727247996,0.7780624589222703,-1.0844723744911342,1.679621823236732,0.3162942716716902,0.17056714666235578,-0.6758454214343451,0.6665263490760431,-1.4252510511299659,-0.6839910692573177,-0.5926917643979286,-0.013183992458636077
7200,4200,-0.46491079114366235,0.7411656409297139,0.4797445157875424,-0.9166623076269962,1.053539798635572,0.7404166905725689,0.15122288890984031,-0.16898939794238452,1.1314412458089176,-1.0711122626605676,-0.2525718006727572,-0.1229686160637841,-0.08935986093538212
7200,4300,-0.0739562046422207,0.6697881669424859,1.6323801208308393,-1.5995066065873296,-0.1334571786737255,0.5645468318075525,-0.23936511026312962,-1.3006147536249133,0.6492142645234307,-0.855719409174871,0.20139236295838453,0.2913359312752596,0.3768861590978636
7200,4400,0.4666023305285581,0.40660679642602016,1.4457173825093481,-1.2873317230119024,0.9302137829354671,-1.3865981110880952,-0.5758391803445562,-1.4074220181686177,0.7034161810898802,-1.1119262579144904,-0.1009472440566355,-0.9907741931707101,0.3919254949228323
7200,4500,0.527565458837938,1.2802247867968692,0.1768647807589497,-0.8692186372457519,0.4865736726021505,0.2458618905536178,0.3305394872585608,-1.1285024949783802,0.5446246891342994,-0.7083340824327164,0.920118799302185,-0.24810843385224235,1.8020045096172121
7200,4600,0.7305089691990239,1.154076464354209,0.6418103456815689,-0.6041414350667138,1.2167869981794792,-0.28674049136653873,0.5238921453751791,-0.8886032725735776,1.1535012799649118,0.2250479020295302,1.2380805041820881,-1.0100600361189702,0.6291196815543453
7200,4700,1.5236999582929054,1.684287687236924,1.3378929412060507,0.17822847465051067,1.0141539024119672,-0.9075242111768441,0.9362499036507788,-1.3058554864178962,1.4845918551023414,1.5402532057641887,1.3290397544130859,-0.5506952102172789,1.7319947257185224
7200,4800,1.713415556261466,1.4460051756090635,-0.3736006478441055,-1.1763268426904825,1.3201528772631448,-0.5726593477613163,1.1440800133705777,-1.078136453479295,1.2477576335550618,-0.7927968339727172,1.5057545231130323,-0.39135585037082476,1.4010666886557153
7200,4900,0.8889085348091159,2.088882517073235,0.7584899495177152,-0.11691955914442087,2.409511289316843,-0.9702130248016684,1.1499250607282303,-1.4734339652158437,1.3423050162005932,-0.6808977466389653,1.0531256939750544,0.29243912395773697,1.4859738362466517
7200,5000,2.1040877194949412,1.1295149585659787,1.6294753653579679,-0.42432826022994236,1.5097447413819696,-0.9068394278217533,1.4321651078669955,-0.9146666748457989,0.881948822946375,-0.9521010282748321,0.9776289965182033,-1.2377215347312815,1.6592115579843527
7200,5100,0.6853225672546132,0.6755748676219199,1.6456217802744604,-0.34566656818971064,0.23997533141001542,-0.9599163820586296,1.8339123692581127,-1.0490509689674752,0.39131100864468055,0.7804344942585428,1.153683042380202,-0.5677298302221839,1.1419469007912526
7200,5200,0.8950269763023109,1.3424549923865616,0.4353977701620872,0.516893279377162,-0.16352642905329326,-1.1530755186285286,1.2648206951481615,-0.8256362144836911,1.4225685140149016,0.3390662231962831,0.43886346857673203,-0.48293749457442353,1.2659527280381444
7200,5300,1.1283388280790672,0.6177977448332667,-0.19287499803350222,-0.36898045032044635,0.7220080331170582,-0.28014550569311414,1.394278799420962,-1.9862139221160147,0.7516026371260102,-0.6604566871162856,1.1929963157713415,0.7679609506870568,0.9106974914761593
7200,5400,0.014770797918311703,-0.16999588510014413,0.6349796003034612,-0.4376060283435612,-0.15652402919346853,0.33629042975036433,0.5779348785206561,-0.8014899164160529,-0.19147292566871485,-0.24038371062039496,0.9430345944020274,1.147310564007986,0.6281428112155023
7200,5500,1.2198305648418473,-0.26368216858789495,0.10251406630400214,-0.5562584094419324,-1.0911588090059452,1.0474981813255368,0.00014293877948553683,0.0845281500110204,-0.41125754498431183,-0.4145208798184506,0.0482418440583976,0.3924926377147407,-0.5177309565330893
7200,5600,-1.1786348167229714,-0.3124402720517842,-0.11901414696113412,-1.4520342535531525,-1.890343797744703,1.253822150367599,-1.2109915638647455,1.1472121916911786,-0.8354498021728295,-0.6009065496835124,-1.1124828857751887,1.4009090592840268,-0.13149555465455665
7200,5700,-0.44443683342194507,0.5480269927463605,-0.5240263092454924,-0.9564732860807015,-0.9040345932888089,1.0260459253660965,-0.3426990023805461,0.5086494203929726,-1.7682454802986984,-1.0949594921614543,-0.979376290844517,1.1600962625450781,-0.8692644120382926
7200,5800,0.8067332700481594,0.8293938706850206,-0.0150251431369084,-1.1904179843893754,-0.05186045399664881,-0.32401811197968294,0.40327656328557643,-0.7389450836633809,-0.7054057892647811,0.321239834768599,0.9684206250722631,1.7457410637931232,0.17318291414158887
7200,5900,1.1295423398621605,-0.43269837502844033,-0.270677190023121,-1.0625294309095856,0.1562172548019246,-0.2489968210460136,0.7120789897603962,-0.688640520902849,-0.17290574850242252,1.06740031417703,0.4751894485167524,1.5975892593112948,0.8460813114529123
7200,6000,0.6614772108827269,0.2771627541733525,-0.6460287955899722,-1.3824499676333495,0.4106591547493162,-0.2728224702086176,-0.05072382979792402,-0.650234157128301,-0.7300601225109259,0.23562768826842095,-0.49932845165869755,0.8795070311500115,1.173355186266919
7200,6100,0.5385257043153078,0.499256737112487,0.272661650288334,-0.9615738169436424,0.03579866717006234,-0.7941598558107096,0.2731278080503751,-0.9890006205496159,-0.08771950937701378,0.946121773362073,0.29339684116684256,0.1516622810939061,-0.1282149084386933
7200,6200,-0.39026957614566504,-0.19082528401215884,0.33302036587226796,-0.9765974332022548,0.14609070289614737,-0.5000030991767551,-0.7340362565358332,-0.24149387165388314,0.8443640575284048,0.7101625829380079,0.7103992012616958,0.026745023174992756,0.21394163315784587
7200,6300,0.20756477055293898,0.3241052823318098,0.4561209030059659,-1.2352724192047542,1.0956451853793914,-0.5658630486930157,0.6821966500742789,-0.9647482278962586,1.268124888202384,0.7746777456061785,1.1302150966063436,0.433048107953664,1.0640521913522332
7200,6400,1.7929286842941563,1.1304988950587591,1.9282136767388818,-1.2912108969467455,0.8583081094171805,-1.051724056359919,0.8655732690216733,-1.1297107300366163,1.5077792966635974,1.2250233583111805,1.3963391693630154,0.73895778849328,0.7805666100559431
7200,6500,0.8537120399375249,0.6039574214848444,1.74712764394959,-1.3627736187601396,0.5752875038821493,-0.22244209188016376,0.8640874453882063,-1.0640677647059453,0.7639274191270281,1.1031917996978227,0.8507580283072161,-0.6451388122204886,0.9924866051857067
7200,6600,1.7280161093279687,1.5195704594166206,0.9619659824951333,-1.2520975070610292,1.2210190197880146,-0.6002821333943212,1.4411410365210766,-1.4231166543865463,1.9274184681156084,1.9367062605990797,1.4121091871971647,-1.0005011835676167,1.274961659901642
7200,6700,1.3169330769254832,1.4209156507966894,1.0503905187498062,-1.5062530486546992,1.3596601415083491,-0.8516046917305883,1.5820860451503935,-1.3945037360035506,1.3773748665224412,1.5858923169719048,1.1731149755548236,-0.009349329932223245,1.3550804405835128
7200,6800,1.6312800836735468,1.2416497147865757,1.3708498263089228,-1.8833422384144396,1.4957142290807994,-1.0714390599929984,1.8028858486496755,-1.240324608821204,1.0630570451971324,1.2442593594020472,1.374091904005147,-0.3821072537624887,1.843767066021314
7200,6900,1.8222687039592795,1.2584291737711073,1.433081571503303,-1.429315863495701,2.1037684829574412,-1.935160275008912,2.100808238817229,-1.4791091530831815,1.7554351080779411,1.7413946236093243,1.8213068563929762,-1.4875405353934825,1.6252851866115574
7200,7000,1.7418911992116302,1.7787497806328445,1.4267539809485945,-1.0658856095857006,0.8172524619570296,-1.9523923103016367,2.1352464379658325,-0.8883111511515542,1.4106507534490664,1.8494147348001595,1.5580310546203844,-0.9806376405976062,1.5564139172447211
7200,7100,1.494061870156313,1.7042629441573762,2.015645664073937,-0.42249739872657793,1.7132641514080067,-1.0732705211380373,1.595398959047152,-1.5489354964718645,1.682484605477798,1.6779853454788964,1.867015524703814,-0.838874900031372,2.113056638475477
7200,7200,1.6644385170732523,1.3643949766909682,0.9791961827190026,-0.4786270915170428,1.365437373194335,-1.405752479404156,1.9929680438169157,-1.010846769432492,1.92573370257778,1.7223572020987221,1.5659403592291914,0.4327908057084041,1.528533040059851
7200,7300,0.9598296624544455,1.415549544281008,0.2865992656224888,-1.3774774358913149,1.2519529892744146,-0.9766713547192337,2.284230733638345,-1.505833134840658,1.6898658480591018,1.8288020343232854,1.688987582113397,-0.25453150882969916,1.5210597052576325
7200,7400,0.9044109323238589,1.6620536167905533,0.8493652223223256,-0.7866933798661927,1.821751516253672,-1.318804827575625,1.3874151342564518,-1.6531737152600097,1.7573733731400019,1.6855913006395071,1.5881388316682619,-1.2382947950958052,1.9983429880204269
7200,7500,0.92026521428341,1.4982870659879217,1.3012438910592738,-0.6284956277233302,1.3379760983866043,-1.275517136767729,1.1984889927402989,-1.1728375102139532,1.0719706461070768,1.5433731729086453,1.3793371246295694,-1.6217067306311708,1.0983733822166517
7200,7600,0.6273880543231939,1.4365348264898852,1.4490961606279293,-0.5930376061773179,0.5187669596181426,-1.2457094330241507,1.006107399436986,-0.8421325680143757,1.3902287190407343,1.5932556244852352,0.9638327889535778,-0.5960811566144821,1.0072584088967307
7200,7700,0.25548106683537897,1.046333278771054,0.5463268565742282,-0.5759659269327123,0.5044435768338495,-1.3655231794586706,1.2646527467730673,-0.1118244881451184,0.9350358850297064,0.823087222394889,0.8785161807590106,-0.3461962955362438,0.8657556069109615
7200,7800,1.293281772885635,1.9031841989633653,0.35632276112471706,0.25188619984498595,1.3382192442619163,-1.1220631631493463,0.6358395721315218,-0.2640006946352953,0.8910136482879142,0.9359876103933812,1.150322740558348,-0.8173518201157864,0.8876085910105539
7200,7900,0.7163129578530671,0.6194932625965752,0.2599268163830793,-0.8567198991095487,1.6577022278805387,-0.7543170959662941,1.3388335602022083,-0.42023149425246875,0.05674563562581451,1.032082311066591,1.4134079707037783,-0.13780233282692167,0.6117291960074612
7200,8000,-0.03679063339851895,-0.5811483326370726,0.5044252856349006,-0.3150832471545572,1.178244660146956,-0.9034810298195098,0.4288427827770887,0.3435779145042556,-1.4685589271063888,1.3101564805081767,0.47378518596037744,0.6877749772969953,0.7016386285827398
7200,8100,0.40442492140455827,-0.22231820162820504,0.68376985545379,0.8642127458046577,-0.47881955398193954,-0.2276180569220502,-0.021537221154932354,-0.2116441898218653,-0.6413368503245958,1.003111787838777,0.7354207800973033,1.1811312191139403,0.9197540572724029
7200,8200,-0.6798961507412155,-0.42678109131095077,0.7329432364454143,0.8644131194593839,0.17044134982255194,0.9309962495105402,0.21733926375964854,0.04339884933012899,-1.4761620036160943,-0.6622839496622445,-0.5313117750954367,1.7579323686149835,0.07779341715221151
7200,8300,-0.034608022263865036,0.5162594105619773,0.9142593084474018,1.6290686322982963,0.20349986253546096,0.7232525957352955,-0.21418401017073901,0.5322957048271143,-1.4364667134263311,-0.17622448382426692,-0.5474830442271681,1.3162433996387555,-0.47099878500391373
7200,8400,-0.4332955630667413,-0.3802315451488407,0.23575595345542213,1.9700711575903076,-0.922484730924649,0.3970880830167474,-0.7682786468878997,0.450370169069979,-1.1690280957201677,-1.1900290818924442,0.1354562511918145,1.3753166197947995,-2.020967261804012
7200,8500,-0.42314960438132837,-0.6885467423288675,1.0044072367799564,1.6043638100963513,-0.65507547142261,1.669333012114787,-1.1995271417315465,1.4323809012427422,-0.9768618487041435,-1.5303346401012907,-0.806851406223018,1.0017393362764702,-1.3256876042641679
7200,8600,0.24463633864340867,-0.9555213309323419,-0.6522718597125584,0.9039341654341957,-0.8474355151075735,1.2542762741958473,0.0926901295033119,0.5715534588765091,-1.000518486856243,-1.0368682118367585,-0.4189403860648206,1.953306293759148,-1.1867986372278552
7200,8700,0.35184494557931695,-0.7645661429211443,1.4691659947115443,0.8459873169470136,-1.1312392470782435,1.0293883450744223,0.34889735726766324,0.43506688803846594,-0.44755709274792566,-1.0164974073479593,-0.23050861948714158,0.9485042966384197,-0.2364371544944068
7200,8800,-0.35278521146889047,-0.3962647740064494,0.4529796134532658,1.2853183145303462,-0.9378019821854607,0.3824127653571987,-0.9593329349947871,0.24421286801404313,-0.9427882190197276,-0.2940247159218613,-0.6690746043671175,0.28577527346999365,-0.21917593716440362
7200,8900,0.42524461599011665,-0.16977216416227603,-0.23435777286515785,1.0552424061897976,-0.22204910272493258,1.2113570177567299,-0.12012469389128423,0.9350523672765566,-0.5716838528050128,-0.5578482132486133,-0.6529400398234484,0.3953148090158429,-0.6242296148457898
7200,9000,-0.05282217372349433,0.0586220630720796,-0.7815405139655894,-0.15977635169722443,-0.423632325153881,0.9107468486724656,0.030328458678220097,-0.5648245780807963,-0.6260330671589369,-0.9760782543924973,-0.45605213469875067,0.34524031387230486,-0.3916196588809203
7200,9100,-0.3998274928958108,0.7396559156109018,0.06611364212047968,0.888012744537611,-0.5564535947693814,-0.22499003655007316,-0.08372970258726131,0.2569448194681398,-0.3185982981377903,-0.9806458359772005,-0.23095768907184894,1.0609159939309147,-0.6941933415744064
7200,9200,-0.632614595979265,0.6781567731513672,-0.3547076789196116,1.8405646089495076,-0.3471998934741477,0.8984716792132766,-0.32102172952947766,0.006018162760622502,-0.2520888851370803,-1.1461289851791676,-0.9558758735746098,-0.17144094347071342,-0.33634883534225823
7200,9300,-1.339236196219855,-1.045852435260259,-0.05126103941595176,2.064187042944345,-0.7037666700230263,0.3473013324811877,-0.7557916933351216,-0.3252845230380789,-0.840056850475145,-0.9376164498710607,-1.3831207394549965,-0.4431649589566029,-0.8697221962204564
7200,9400,-0.9511171097656789,0.1025501008686199,1.2861170159149982,2.228103789651138,0.304209565219764,0.8841364241492043,-0.9207307564523263,0.14818872530589167,-0.6260911545626092,-1.0427955454091944,-0.765975167967972,-0.6014086287432753,0.0888616593943486
7200,9500,0.41168182104269346,0.05931354739728773,1.4420183790416834,0.620199606023082,0.3379318162898829,0.3180780853476109,0.26051017142318206,-0.44993732137450865,-0.8139048602432675,-0.7071410681755345,0.6191385454714845,-0.7448724693185462,-0.2355339313096106
7200,9600,1.7869501582923233,0.3201309353076255,1.539257510818571,0.7020321073577701,3.0070823959220654,-0.9217367635431585,1.7324812034985115,-1.2448633519048649,-1.0943727707332058,-0.2569213320900172,1.8145037313724428,-1.4956660877505306,1.5140763012942493
7200,9700,1.0016825805140464,1.2274177885195492,1.702005749610509,0.9880209845382019,0.8324547587113277,-0.7889467496437557,1.9268047754124369,-0.5056455784273101,-0.8356729424839029,-0.2407488595031836,1.318901774282355,-1.5748684369290633,1.2392031502107779
7200,9800,0.576594358181609,0.6486660158119506,1.619431415267891,-0.47157987361761483,0.8827406756733327,-1.3612033012298796,1.1237127908739795,-0.5103028781599808,-0.520450366421266,-0.6914984014843009,0.7602704993283096,-1.3735234516946195,1.0284835388431857
7200,9900,1.0695621025384703,-0.2988543156905204,1.4229526907494936,0.31099700663490143,0.3104622221423493,-0.6900317822033811,0.7502678365087521,-0.9363479530175453,0.5097163181311912,0.24530877889299516,1.1065677206624185,-0.6256211449070169,1.0573874071901344
7300,0,0.12043460386864925,-1.2854541753394215,-0.9509865805606043,1.1736112273594894,-0.6071491649997411,-0.5469161482146124,-0.021659985065114296,0.6958212052276268,0.028532049104095958,0.31983728335550154,0.2917218821483716,0.6922313617895658,0.21088457991916731
7300,100,0.1254213760626006,-1.4550402317808786,-0.5777606502544849,0.42203355162734874,0.04031968187055894,0.016996944562529558,-0.38584623282040786,-0.1153311957550963,-0.0850262077282139,-0.8070914968215175,-0.503507181774147,1.2052952463854458,-0.7854510712273434
7300,200,0.32083638828553757,-0.7621275774358712,-1.4937445397852678,-0.08313912141934036,-0.17136264598593198,-0.4438718613563996,0.8645186384392868,0.16348559395175744,-0.27846851990810917,-1.1247623181200006,0.16034970440370766,1.3627630697898039,-0.10962550326971454
7300,300,-0.37339373692614425,-0.7837179890835956,-0.7329766093884299,0.7109517680683544,-0.026930545301147614,-0.4096859964410656,0.33512042705431794,-0.2519695550444244,-0.7727358136842027,-1.044171882405222,-0.24543215214236058,1.6570580509301132,-0.09721928095092383
7300,400,-0.3517714096921976,-1.0610182485779396,1.013914680550063,1.6387001702213435,-0.3776207852411092,0.3721798154482332,-0.2234157428210986,-0.8414554344660569,-0.45520117002862964,-1.0093382680511493,-1.2082449070508625,1.1347154511276345,0.05948970483166217
7300,500,-0.678202923204305,-0.7634983346797278,1.341351855201647,0.6938334426544704,-0.3312100672018802,-0.4492777713806634,0.28355728503387984,-0.45336692406305773,-0.027794541964408077,-0.3809647766901084,-0.9087387507247764,0.2620126009730305,0.8760391743770933
7300,600,2.052293438314239,-0.004673284578167616,1.687325746248137,-0.1868496180856949,0.29918315679354573,-0.6614605824514768,1.23391560861669,-0.2320011280613309,-0.5270519783565509,-0.6495178774070872,1.0647813491657996,-0.09447041937693307,0.4547440035732185
7300,700,1.2661370881370255,0.9061631178981627,0.8608551047482722,0.9591403240033485,0.07158714869642643,-0.1360796066774503,1.7707526836095326,-0.8717164727521237,-0.9961270473403477,-0.1912988203759174,1.232055072376009,0.043462685520639345,1.210827139031916
7300,800,1.7163299030879948,0.12444288945939529,-0.023523248579846844,1.0829464354660763,0.8346376908219469,-0.22372163758744298,1.4526717989993496,-0.04140960708945156,-0.7416326173020288,-0.5824326385697607,0.6631032504082988,0.5485479807806898,1.1258039865922973
7300,900,1.3694718978014893,0.40329522538455126,-0.8516297923254397,1.142580551044591,0.416261564891711,-0.01569191941175353,0.21912878886961817,0.2636619457425328,-0.9424260025388576,-1.3373095322405961,0.4360765857817585,-0.6283683359629498,1.1200146756207607
7300,1000,0.6153341750222978,0.7054985706805476,0.13639023670686473,0.4852562058549148,-0.0017404127349673506,-0.05655176282015785,-0.10241903457219892,-0.6243906103016404,-0.6261022253378612,-0.5637968653625994,0.5299993185364916,-0.26245264873481255,0.956818255801473
7300,1100,-0.04616601130393627,0.34289296467283353,-0.47721163028254854,0.15724532191029844,-0.2070505479662673,0.4681404177205312,0.0680013708441398,-1.216918271235131,0.33614930881955346,-0.15380915800728207,-0.2029567990908723,-1.160550106149495,1.1962522340629118
7300,1200,1.024960570803344,0.15948032769417422,-0.5722823899841889,-0.3311635294768875,1.017698737529588,-0.2969385416491833,1.1551737030842952,-0.6338689075484298,-0.5712153190521555,0.006122195838483159,1.0987882422003328,-0.623890867086048,0.2821449077879266
7300,1300,-0.3236440353697898,-0.6616296755715891,-0.8838891596396847,-0.4691109659296921,-1.354105802290123,0.8529883611466174,0.12503244155427515,0.03466057460222317,-0.8830860001700996,-0.4029427946661344,0.13356777091917307,-0.4508097129566976,-0.7345522630392256
7300,1400,-1.4610408291532773,-1.4058081147904355,-0.873454213131829,-0.05739805980333105,-0.5691417680818659,0.7678353988644326,-0.9890662753771338,0.6128800936502181,-1.3948382721029335,-1.0907374744998208,-1.2040318258580756,0.34841789898758724,-1.2594913298510675
7300,1500,-1.7288917101333814,-1.1325572333752916,-1.3607895524797975,0.15129982477737944,-1.3896620927233572,1.4868351812041478,-1.5776354948252092,1.9216797307899955,-0.9654210538530388,-1.3126890474596793,-1.4983627049079424,0.25434066258978255,-0.9103863189825678
7300,1600,-1.4819733374348127,-1.738314852091079,-1.175814853381671,0.9494606976790579,-0.36051867427688444,1.5130592449699836,-1.04821378879485,2.1227675931283367,-1.5356559520248063,-1.1595247215901054,-1.3970227221932234,0.5593005851068119,-1.6044550742380381
7300,1700,-1.2818704118074316,-1.8231923569038397,-1.6791927112622893,0.855677408831821,-1.341788572651189,1.1602353354727915,-1.8411641887650458,1.193850502599698,-1.0966248188796104,0.15423813340662282,-1.1094428320381835,1.433166328985142,-1.7076533413112824
7300,1800,-1.8827343597076793,-1.4089013958966594,-1.2779847423473718,1.9281542258123283,-1.7136815562353944,1.4785690937418743,-1.7719556972939379,1.7703777490917005,-1.8793867703522429,-0.7013849883261364,-1.339451139289694,1.17766356060973,-1.1040419807887547
7300,1900,-1.5426475605712258,-1.3509036743239633,-1.39990050904729,1.0775866664356022,-1.0444053820105765,1.6636996111908908,-1.7200015605739534,1.609415806895411,-1.2075773829765564,-0.4982292024068075,-1.178243255939087,1.85114984414931,-1.6027995077981654
7300,2000,-1.0962167599499426,-1.3241054156146923,-1.2779537687582474,-0.318746624867524,-1.665811479998558,2.2674798603660262,-1.423800737072376,1.9791094258287143,-0.6682716098444451,-0.26193468103476836,-1.3241212469100296,1.3725345590440043,-1.046462125686411
7300,2100,-1.6078839962299123,-1.2517541300612436,-0.4850235490035832,0.2843664503431759,-0.8170887365312517,1.707068469952885,-1.1032335970777138,1.4010070537299848,-0.6118242296580052,-0.3487015959987789,-1.0651032043011528,1.0251953767336885,-2.088424269913847
7300,2200,-1.0150414188490429,-1.6937297986284778,0.03878849005767112,0.0393361254097837,-1.8296528504956995,1.1502243037983344,-0.8883016937106263,1.6894593393036539,-1.413718116024086,-0.48999150586956086,-1.2941510299494403,1.015327174181102,-1.1446958744609053
7300,2300,-0.40120557953304853,-1.30449047798454,-0.2770262934095247,-0.7977496155265178,-0.5653688615479641,0.4895243259056032,-1.602205483646043,0.8904618815439923,-0.6900392391175262,-1.2289260910770896,-0.34134706570502465,0.8352444642994634,-1.1803979099419997
7300,2400,-0.4913270053657019,-1.2488306981057131,-1.4674914185958505,-0.38101539831923553,-0.9148780850785696,-0.6740910251741944,-1.3578715397471968,0.7529079607350823,-0.8576603732653056,-0.577139303956528,0.1273590499326798,0.6488635079826264,-1.025973395685513
7300,2500,-0.5988768190762589,-0.864448863035859,-1.01172709207677,-1.0252217526472118,-0.9917459339280111,0.42855539472250137,-0.5137835433469852,1.6122222977113518,-0.8340321145864819,-1.1994447570263753,-0.3881199918269449,-0.024846439019958415,-1.1743824278023565
7300,2600,-1.737747744356683,-0.7329561263999795,-1.0854527652224588,-0.7508314819676373,-1.0027640057325342,0.24018467474447758,-0.2876123328439804,1.5129468906544878,-0.5629704841854345,-1.1280402302731392,-0.08928974458337041,0.2561985401474084,-0.9128089436561277
7300,2700,-1.1165948768963847,-1.1157171798968353,-2.4847700728036086,-0.9683362182486528,-1.2163055466230757,0.7242021303801753,-0.560970684948563,1.090457325876442,-0.4626239930995998,-0.5822445517543481,-0.6209950353151342,0.42196993034209473,-1.1306164982569415
7300,2800,-0.451625194582823,-0.5872311849464615,-1.987307081071758,-0.49526170732483643,-0.9625241885480761,0.7400864127850396,-0.7437485634603431,1.060991444845887,-1.0454150642129827,-1.3297334161184255,-0.5236834409866329,0.6477452617883063,-1.3958046921498042
7300,2900,-1.2782005338663056,-0.9419083136868174,-1.173605541632459,0.023127916911153932,-1.0421002754183457,1.4622529006820397,-1.473065285350352,1.4776626407676374,-0.9612324229073104,-0.9594730134819829,-1.574639308713032,1.2087832600863746,-1.5159261576222751
7300,3000,-1.2600696710997588,-0.8740447033805689,-0.8936156152183977,0.07630089736967303,-0.9403473784009307,1.0030432654383317,-1.140447435581907,1.8530414612649844,-0.8773085211821183,-1.2842719245050995,-1.0436716718834034,0.9997088013963606,-1.2705641897392757
7300,3100,-0.21923939574516993,-0.32631604870142517,-1.0379505253006525,0.9836745933897347,0.013471854021521224,0.9329323767514234,0.0012934753107472776,1.995533052670365,0.6070546726828189,-0.9036749279893681,-0.43366851205653434,1.0815116938901712,-1.2001288548942952
7300,3200,-0.974804578673017,-0.8980702803377605,-1.0300259636549445,0.7512012774257161,0.3636568773348729,1.3301280693516098,-0.7080323184557326,1.4578894305465688,-0.40030009466856054,-0.5400438317652908,-1.5059378768189806,1.2540361343670905,-1.6132095527195187
7300,3300,-0.6851343477921266,-0.7853679058705402,-0.6349284183837991,0.0852586082446332,0.09128253467059746,1.9023903068614558,-1.03342872370566,1.4279211801910627,-1.4229950639502553,-1.0863997439532191,-0.6880973513775861,1.3745339674968027,-1.8270472346666282
7300,3400,-1.2724243581517447,-0.6031189676857902,-0.8155797964177228,-0.19237716105062797,1.0368646667583359,0.6031111131220912,-1.0577422933320324,1.227666205810286,-0.7744347753049067,-1.0997032148628492,-1.9588341337580046,0.7017398061390635,-0.9937929041594165
7300,3500,-1.5644280541360358,-1.1107415470520368,-1.0546729596923465,-0.9450045587070534,1.023604313289546,0.6439331738006439,-1.1153190595454117,0.4735462092348869,0.23576358233340325,-0.9417842703572291,-1.2763173463676265,0.6291376915379724,-0.7849785602579874
7300,3600,0.8159972690126145,0.09928528073115109,-0.1894508614560164,-0.507349019168439,-0.4154928324058187,-0.5961754948957417,-0.6371044699940669,0.12552913273355953,0.9234324364166565,-0.8809367872877245,0.4193964071222651,-0.1799284702319322,-0.7021493470229484
7300,3700,0.5317706058152142,0.690805646800235,0.5205994127159274,-0.8357633684475546,-0.23151765772317662,-0.553417798017644,0.9895932232174028,-0.8001672715227071,0.4512504071741667,-0.8924276561765743,0.06672545890226035,-1.1880897252094273,-0.293252018835225
7300,3800,0.12153737013672321,0.9724964786691758,1.1592593268977731,-0.1648687171025872,0.8491433068565444,-0.7709974487430887,0.3340316030116069,-0.40925555241683276,2.0858528220100254,-1.1423882836813548,-0.04741004768467247,-0.7864656908008353,-0.32296931687201774
7300,3900,0.5411032167597757,0.5147590878611721,1.2685832869950187,-0.3592105235896876,0.7431071910739346,-0.16746291702546795,0.5481816343472283,-0.6178389791449608,1.7672383066363666,-1.632411788084239,0.8361886551164187,-0.302244494856555,-0.218066517160331
7300,4000,0.1609212401306746,1.0513048579204658,0.9024759458830631,-2.295035166029943,1.6896841264708675,-0.34267949382122376,-0.22417352249274397,-0.07222278057767276,0.5307242840741302,-1.1126829231232622,-0.5287926885938349,0.03402995942020034,0.13015356564320418
7300,4100,-0.2084388812616269,1.2727073754954898,1.1311248420676316,-1.095137914573233,0.7290423470568578,0.12139403771678905,-0.025562313037961165,0.5704324854861371,0.7198404541577614,-2.0485685985027993,0.5397563920444759,-0.6204006512169338,0.7125392715364447
7300,4200,-0.3400009497074746,0.3622345932735467,0.9373099560043873,-1.5499777383192084,0.8976887412949158,0.08938611610773363,-0.6832498534651346,-0.13897270564551686,0.9157438617270124,-1.5708742748452185,-0.46740117932379244,-0.1491559320900795,-0.46620251103144206
7300,4300,0.14742770053491597,-0.3574054767434341,1.6935858583623697,-1.3321888202956658,1.1588560378774142,-0.6035256530475827,-0.824698178359923,-0.7424043369484716,0.3749246024166223,-1.4606147782324035,-0.22803887068531573,0.29793053491706994,-0.8074751958323035
7300,4400,-0.7319696388319487,0.24639439006591282,0.6530264709921628,-1.0572549587685218,0.3540715629970712,-0.37190800071299074,-0.3881274833922081,-1.3861428306768353,0.11454134768455963,-0.6238686996155913,0.22912956508300383,-0.4582309683490159,0.49008696814257446
7300,4500,0.12972534964751914,0.8675592985905338,0.7217531462311608,-0.5776420617340673,0.6796341396143343,-0.4508307109642611,0.40803704297408394,-1.3473478033607207,0.8526034196686254,-1.4390085977626739,0.588877561988966,0.06597313331478778,1.2818931153195698
7300,4600,0.5950300177695897,0.870814282372627,0.6859902013224207,-0.8855806248462346,0.707254492639581,-0.2920703248051901,0.9883754410530305,-1.6913253296141708,0.9105358114235315,0.10208016573821978,0.7681484498905442,-0.6693940311762352,1.3597080724924846
7300,4700,1.4782231906294498,1.5766356083087383,1.6142517160193128,-1.1830285970218661,1.8480849982323724,-0.5792378545601267,1.6160301258572463,-1.5527552713744952,1.9280118424039472,-0.4203501841219058,1.087729962608863,-1.2077465346944112,1.1962306952464612
7300,4800,1.9288013018480263,1.405109231132172,0.49660757798528093,-0.7834009214164807,1.3472841206324906,-0.6734540626994076,1.6648567077452672,-0.5566360796851797,1.134935616082366,-0.6959736235937893,1.4362671260840796,-0.7083741139349777,1.3241587185091515
7300,4900,1.0443390163040789,1.6031519208900198,0.9778623546125753,0.3006103229449765,1.4734824391261614,-0.8963289421153666,1.7538872617770491,-1.2062890766254566,1.4498147472865635,-0.6005102233237195,1.1915534270425194,-0.5506510761931606,1.2526812224595876
7300,5000,1.6836119674564058,1.1546984005391177,1.1818176359729333,-0.488789926978161,1.620989417026658,-0.08496720323928877,1.2052605712156432,-0.9735952784019393,0.9136939547593336,-0.6292346808339806,1.9815855435133514,-0.5275575909586634,1.3050989541109344
7300,5100,1.5383784810379397,1.2278987706306366,1.0428943052773534,-0.08405705223189185,0.8406501058701323,-0.4680431380365524,1.1719439521970565,-1.4483400216118836,1.3141766291057866,0.5731671754742738,1.5225614628845434,-0.881057666315866,1.9630245442790513
7300,5200,2.032574909130729,1.5411642235166072,1.0670420345036258,0.19063703230348591,0.1692474675726123,-1.6999281463718992,1.3084688536330888,-1.2394250971176064,0.8486914203039876,-0.24472544918641514,1.4795366358350126,-1.3029513716152332,1.2886136668090218
7300,5300,1.4696035993436347,0.9282315584802704,-0.1756281689359371,-0.5777672007540751,0.5715422142221634,-0.1922918473111963,1.4844280866290243,-0.8568387297550643,-0.05892384480337089,-0.9714106879394078,1.164716519783612,-0.11827380264897615,1.206434056382725
7300,5400,1.6038512559930458,1.1366434017691727,0.40177469516090836,-1.2270860925350933,-0.3169358238549066,-0.3123112783561831,1.5783288067133519,0.058020786322313174,-0.15635283292245217,-0.65313141843481,0.9403046738200057,0.7955146445996689,0.20732338131439026
7300,5500,0.9877114890680414,-0.34157167421070955,-0.21832462916705778,-0.8298264085753178,-0.6091274820178953,0.357977750630548,0.6030562438310236,0.844596565035564,-0.7386368466683131,-0.9609533475386681,0.14096650692146873,1.3380615548261359,-0.3299547232308074
7300,5600,-0.647385384068276,0.31546433998872364,-0.37275284348375504,-1.1582040270458485,-1.24936387175497,-0.0429319788232307,-0.5221376853854798,1.2525637680561559,-0.9607256879176614,-0.173642220686488,-0.4759709661296678,1.6554600796334613,-0.33765179371499754
7300,5700,0.11238446008248894,0.4277674352048254,-0.5197453840974788,-0.6284727116352183,-1.189732700133603,-0.04402185770636348,0.027797932767394073,1.2991365227548737,-0.8855542510337041,-0.5896906064091895,-0.013143305815052617,0.5060656272946045,-0.45004038491684356
7300,5800,1.1866006086107967,0.6525832947404985,-0.14185392888445042,-0.9516208993706538,-0.48791801932589496,-0.8285456582091183,0.6970396996485094,0.1974913833802577,-1.0164651360684063,-0.18305020298153046,1.1910127355669387,1.1679838348418083,0.460478568496568
7300,5900,1.4319251812555687,0.6764013403981585,-0.7365221903495681,-1.252368455523695,0.564859738105842,-0.8568729375678324,1.4424168030590243,-0.4970871139272671,-0.8142610426859275,1.1723621991871742,1.0778135499620993,0.8351945519294889,1.24101004960663
7300,6000,0.48790748588400595,0.23596989556017162,-0.19058839172060876,-1.0345965615664403,0.488416277823388,-0.5826162629676235,1.3495668085878574,-1.5503316109337584,-0.4128780797178808,0.12568520244305012,0.3044788750136877,1.054063866821051,0.701701287472944
7300,6100,0.620014070067944,0.46041892005914176,-0.46163365484952945,-1.1440747942630645,0.4594101391933409,-1.1607355461570636,-0.288257310651684,-0.5545680093875549,-0.031242065096993014,0.5993253585126112,-0.2132749473462081,0.473334749085424,0.4434454990495479
7300,6200,-0.5673744005003382,-0.26161109515030234,0.2950866395537261,-1.5109537507153592,0.18805990855919447,-0.4242004464302334,-0.8984408922446515,-0.6630128314801296,1.0076192533468293,0.32550407556577554,-0.114741380732987,0.11828219300066155,-0.10395240812237286
7300,6300,1.1174288610370373,0.7100826121723194,-0.09541677165360943,-1.1326622181925077,1.245017144422287,-0.7592766328214096,0.9078184967652948,-0.5278761417552731,1.048522667270117,0.5848769675555292,1.395487222508169,0.9201250718022321,0.5051787926178481
7300,6400,0.7864981952827853,1.0137501993406481,0.8074680872746028,-1.1519170354384394,1.4932741325652723,-0.9243461040465814,1.4600259918380651,-0.9343533375637101,1.8543534082047846,0.9611495367183635,0.6709670246348869,-0.14075820054387223,0.8149200829395492
7300,6500,0.1647462578248213,1.7549829057282487,0.7623549637637673,-1.374366419428034,1.0908213623784089,-0.007224677312100694,0.8876365675256144,-1.1602859261477285,0.6948944118293693,1.6497744583455787,1.3096736885219673,-0.7830998043050776,1.1163323288158713
7300,6600,2.3368075492780367,1.8057723834588968,1.4289464063840713,-1.861112439645142,2.0578231967399807,-1.022258215511805,0.967813668928357,-0.9991763022510399,1.7488169226512285,1.0815644852451618,1.7414327609187892,-0.3716448004248318,1.760297779205763
7300,6700,1.1535492896199995,1.6796704898471422,1.4486344877317217,-1.5878704999977187,1.08999659016729,-1.2379969327955536,2.1990722144134054,-1.4777578392214454,1.419025395531998,2.03105613681537,1.674265875051744,-1.2491148770699247,1.2304246558808958
7300,6800,2.036389181662648,1.3526256334457898,1.4596586716999171,-1.8577715423101269,1.4978882526847277,-1.0680812365103194,1.5050897762616438,-1.3487966287073592,1.2610159134467886,1.2392465172718263,2.346427067205989,-0.10557388399435966,2.0890174295983766
7300,6900,2.4166229127058036,1.4505453746522772,1.6103781109675457,-1.5839780942043402,2.881741239349137,-1.5469485001894854,2.5015983513633415,-0.8785983979169625,1.9259903664254086,1.9779800511673478,1.582224665284567,-0.6049957862769665,1.4651924042069269
7300,7000,2.0994402857460455,2.652890481562269,1.4309040122345265,-0.5846076888068221,1.480227722787752,-1.1897297040684414,1.761035590750173,-1.0973360294425107,1.6509681924245885,1.5939011222099477,1.6806563883378567,-0.8946828890642393,1.2908311896749045
7300,7100,1.8942179212786494,2.022323512386821,1.3234738945153113,-0.44292222958995425,1.7557768647837833,-1.988532458052804,1.694702724250103,-1.3109001527668052,1.8205959211202059,0.9483783029513786,1.9196364173581941,-0.37237875941111465,1.7673335046492622
7300,7200,1.6808496575502747,1.5496093216999811,0.061509899249435285,-1.0873514979959258,1.6364183787642181,-0.9970788453431241,1.7642816334579088,-0.9005790876350286,1.4637886007452767,1.5320485467945149,1.8008870565803963,-0.3873032545906681,1.3178573260012947
7300,7300,1.4292452918303327,1.2258550541647106,1.115062636390139,-1.2792674302501565,1.2371566495056476,-1.231803155451711,1.4294988368883157,-0.650547005025905,1.4939543389557484,2.045926298114824,1.7079981230496069,-0.8234417452239012,2.2118974672206475
7300,7400,1.6448791307786794,1.5562884055671249,1.1772815324556887,-1.3203973815709658,1.8767180271785617,-0.9800539528825075,1.215809262887812,-1.1880932016949526,1.5046698334034916,1.2751739899445356,1.549545363124732,-1.3617740971003105,1.4946343696448707
7300,7500,1.8119756574601147,1.494211157315077,1.2145397279187196,-0.3406956527645461,1.9745102402762431,-1.1612765382890662,1.450365736774361,-0.910680677458554,1.5540307777014832,1.3350666594757532,1.8439104482831432,-0.8811613966090218,1.6712580416130616
7300,7600,1.1099369068333167,1.21446984726682,1.253039747048468,-1.0063578044192385,1.1172351521297599,-1.5852235216636041,1.7860343807992693,-1.5770328918822036,1.08065033985168,1.5129083116083157,1.7199731914773395,-0.9453364741911615,1.3993630831261987
7300,7700,0.49234418019184767,0.9624384307361264,0.08003859320610981,-0.2192092889855856,0.3164007120732383,-1.500693050380674,0.22300487863250662,-0.9308419489600306,0.7143963392859545,0.6827136936151001,0.25052382392975275,-0.4036266279562297,0.6516353664127875
7300,7800,0.901762792707096,1.0562894313155953,-0.03700959821782574,-1.4760780998649539,0.5472251904645867,-0.6095196603562345,0.6325371939547257,-0.4562619990405424,1.2939842426065735,1.262075223947589,0.5342395750983355,-0.5073421880026412,0.6261740516370778
7300,7900,1.322861745529369,-0.25816479746674265,1.352763765571023,-0.2992464479384462,0.6776779775807745,0.19001460864300243,1.3738249300167298,-0.3141252121309631,1.0871094089254034,1.5172488799590576,0.6477623582877988,0.05729383204127165,0.4790880362011611
7300,8000,0.2964369259873476,-0.626888586016066,0.4680065233570895,-0.6116869706426502,1.3129703008977855,-0.4568709829048265,-0.3051927165314952,0.6003796788477267,0.1391303504735207,1.5486077825817712,0.46789103455079806,0.41455514867666454,0.997819940469339
7300,8100,-0.8870412601659667,-0.6272353402088089,0.2648388453774499,0.50197375081441,0.5327298263932327,-0.15269688755487493,-0.5447113454584528,-0.22166458722525254,-1.1473966931317645,1.4493314860914064,0.07272709257492233,1.5798224518755308,1.021791198339183
7300,8200,-0.4561973133290602,0.2255101314113822,0.20724342906447119,1.3326639229128974,-0.12746834966485268,0.17207051547203753,-1.3169686068852546,0.08083140345396841,-0.4254949288931046,-0.09024055568923438,-0.8012148225228375,0.7862447394540151,0.006657891224753678
7300,8300,-0.7860097154502587,-0.5541536991385341,0.3393574400550799,0.7492259214327088,-0.567154805980891,1.0764600758622649,-0.5636583019345656,0.2327971592233516,-1.3924052153268143,0.10802168156651726,-0.7425155213199022,0.7829866496572406,-0.6969615491852557
7300,8400,-0.9605248043740477,0.3720304899512445,0.23988719883311638,1.1637716274540635,-0.22232478913477605,1.0839116486659837,-0.9335563679267737,-0.3074345719500196,-1.5519845046887055,-1.2286702349169913,-0.745889729841178,1.4853512236552624,-0.4435823924121549
7300,8500,-0.7619714280200958,-0.049645111248439844,0.007699884158444692,1.2088215577362065,-0.48735710434999063,0.38220946782101306,-1.0063588213269252,1.3098894963366168,-0.8408434663342227,-0.8106539331771446,-1.3157011389930358,1.0705704475115108,-0.523370308359938
7300,8600,-0.39043983473179694,-0.1315714336573695,-1.146679896170432,0.2402048197982578,-1.0298569819476235,1.5217549209695762,-0.03942112632907636,0.391042650982933,-0.4099293494787865,-1.259984406681266,-0.667564528965485,0.7242675470096865,-1.1433187480465454
7300,8700,0.8544587420475751,-0.4221168427851041,0.3093131092363064,1.5899632115697133,-1.469284574634531,-0.14761183319544274,0.819338708144164,-0.7326832333573361,-1.3336899315638482,-0.6302780904987967,0.6840304958143367,0.8627953889901997,0.23765919833171373
7300,8800,0.4368775332210582,0.22509847113583634,0.3807303844622083,1.1867544419217648,-1.1923242159786906,0.282665963279904,-0.07407879437993946,-0.044584657939464124,-0.028430363202694518,-0.41414368359668335,-0.17099521621134273,1.070248145196896,-0.019921172122325248
7300,8900,-0.3038886690925942,0.01579586973654643,0.7172708371704619,0.7454384459766182,-0.739099768260484,1.116704819262642,0.252147383885144,0.3953615368115753,-0.6900518048630415,-0.4485686219966685,-0.7075807860099118,0.9891467870084123,0.2250526326181743
7300,9000,-0.5647218847516445,0.5903474591520489,0.364337913895397,0.9907001285327807,-0.6779609191334842,0.14603357499651504,-0.2383378631825218,-0.07301760097429379,-0.24990417004917218,-0.24208359311390198,0.012773454244181729,0.9620835176052948,0.2768694802699342
7300,9100,0.36654239627822305,0.47552057581586543,-0.18962083177407976,0.9407816309694178,-0.30445337983343446,-0.6506284563112852,-0.6910598551930034,0.6875092921764349,0.14869453856009215,-0.9769700747381855,-0.2881784983286729,0.05112309710874823,-0.552773104433883
7300,9200,-0.7606338294042035,0.4059992737114893,-0.7473227456120677,1.3931934547844513,-0.6002379013620383,0.3621665126823216,-1.2352500544039413,0.28258397513526096,-0.645394029061716,-0.9525284457360511,-0.9109348750537244,-0.34862852478568523,-0.7876851645252445
7300,9300,-0.6320086196412003,-1.2994640940353994,0.24354167261465123,1.91127249751312,-0.7931836607451487,-0.004857240607481561,-0.9387509181160891,0.1776379985721104,-0.45811889724394217,-1.5369172270976612,-0.5897061373369378,-0.983119665669524,-0.4081731028928394
7300,9400,-0.7890987361640873,-0.3901621171790041,1.3493919866991975,1.9198308995016458,-0.23545947459409794,0.8059660879047925,-0.7010415145306121,0.0963645466705531,-0.711418241096165,-0.7572060057182067,-0.7627981518778642,-0.5647450707614616,0.12327224639515569
7300,9500,1.0632766725327922,-0.9456325234202447,1.2767777983739101,0.570609264786265,0.30117815282190213,0.5555509196583014,-0.051436082194418614,-0.9467971165535655,-0.2128824049468881,-0.9637929478570966,1.0105055110099646,-1.0405140972324975,1.1812809541221556
7300,9600,0.8333382518947288,0.1709102408059039,1.4895161073926895,0.7517116355825737,1.134987566968031,-0.2654824774103124,1.6613715532814437,-1.3554299451213465,-0.7726370536209466,-0.9146879185873672,1.0000120856594523,-0.9558201589832475,1.1995799506440845
7300,9700,1.2850272148979562,0.06699852727298758,1.691993243713719,0.684822078338817,0.7875065443427358,-1.0993147057371917,0.97935037890835,-0.7867819585438841,-0.1453817879808502,-0.3780161159844831,1.350284262288468,-0.5403387030038681,1.4390934119262324
7300,9800,0.6136148277513336,0.08260302307934521,0.7209842036648947,0.09869711729769172,1.0258886333701356,-1.0104918614055933,0.9638879779553239,-0.8297541481632869,-0.03266528596304957,-0.6569655080887069,1.788263883425034,-1.0344725559627777,1.8921113639726468
7300,9900,0.48328838832781246,-0.3222719960245347,1.0807833786928727,0.12330801519479223,0.26558853870023097,-0.6415662423572964,0.744111440812904,-0.9442270539294345,0.25250276795748083,0.15496657672265304,0.33080122086815433,-0.6225455335445144,1.2937086245036062
7400,0,-0.2967325314494036,-0.98030486837285,-0.6410964804479965,0.4980091045695708,-0.7935445965824304,-0.003602536734929346,0.1681864246905737,0.7203487204300133,-0.2017576442914594,-0.7867094361308357,-0.3795583061959213,0.9596020294690691,-1.161515400328742
7400,100,0.018420294071730688,-1.0357800752968753,-1.1460983826333673,0.22121844093428597,-0.5169994548476624,0.20164266420100818,0.020862705494695787,0.2234748803668196,-0.6882247363954997,-0.7615070693311401,-0.4110363485485581,0.4113553938408217,-0.10525149834311479
7400,200,-0.529144943746931,-1.1359892149696889,-0.8074655365000971,0.030790446753451956,-1.4914176083074588,0.47778771691269567,0.4883280941861656,0.010918031042294019,-0.43503239691837486,-0.5584559932329451,-0.09467298939017957,1.0251822255458332,0.23453914463137251
7400,300,-0.13605194182610528,-0.9841704108244075,0.08432581887917,1.1384553264412434,-0.18951424340568568,-0.032261747545430715,0.0869415877227057,-0.11397103983713062,-1.1018677813518216,-1.1968510604890472,-0.7571397438298229,1.6546003268483034,-0.006572857785282023
7400,400,0.19777866615109232,-1.1099444863833807,1.0919638004330137,0.7700963280679745,-0.07905647118793178,-0.3155567141164914,0.5743582366866671,-0.3072230513513505,-1.3810019462842351,-0.8614866852872676,0.2911791831256045,1.3263580584553971,0.07867645161505288
7400,500,0.5628639143645329,-0.05146061830387218,1.096521724701772,0.4018561485931538,0.14110810480753067,-1.1124012175946332,0.9934917982577328,-0.5889016010108179,-0.560504395183888,-0.7047435019266134,0.04817166804516252,-0.4156745925044085,0.1785021746299184
7400,600,1.0223059929154361,1.1723210846815466,1.769618583375923,-0.25559075694644035,1.3237816158709157,-0.23121844373774728,0.9274969627948475,-1.3385632330264057,-0.852020939008979,-0.16195239916704313,0.7351260456298296,-0.2291751800880265,1.3868616054107745
7400,700,1.102949069228212,1.565282570575577,1.4012444804816115,0.5105413933160189,0.9941057437969465,-0.31990275796042805,1.0112856319544776,-0.8304793151064163,-0.8541879170591477,-0.7899870288016312,1.3372915186873777,1.0414948784503868,1.1548694847687473
7400,800,1.390371731938002,0.04115797919694355,0.5967469972771914,1.2391445378673158,0.9664331644994121,0.14881545172181315,1.5477978003608974,-0.2593361644757967,-0.05394148811942394,-0.534033148144325,1.6546555433409502,0.3586152170163949,1.3785311950795753
7400,900,0.7238192134609157,1.2395867113449752,-0.33276691314801715,0.8706645165174006,0.5995382883558742,-0.12770266838924962,-0.10916861429906817,-0.4817293585469721,-0.7325929002131898,-0.5724460733222728,0.1557550556391197,0.6913116718462933,0.9004187561107421
7400,1000,0.7947886073975889,0.19960713520911377,-0.5471475169310319,0.6476139092775427,-0.2512860919874484,-0.09209790294702587,0.5342912688474323,-0.12122822867951139,-0.4376396505092941,-0.6325849458987786,0.6241086458557654,-0.9482492480826304,0.8570551184888242
7400,1100,0.6011416470002454,0.20874912272906493,0.13716905217419353,0.045763203233360826,0.030198681217702993,-0.0603118319269755,0.6206957409772281,-0.9742544779007577,-0.8904257071058492,-0.795761492516643,0.4523598887000303,-0.9485817346074966,0.569569065293367
7400,1200,0.49463862551252713,0.4528221943556145,-0.8639865167588173,-0.2391527946361056,0.0918516592993675,-0.6675204072806757,0.6351790165036217,-0.4623674886686707,-0.46446392502587364,-0.45085339458173107,1.5650056214240726,-1.230417826850711,-0.32654123381396477
7400,1300,0.8460263599388177,-0.9224829557090749,-0.11771434312035947,-0.40379811673477245,-0.32701348465487007,0.4846536259320557,0.2427728026759849,-0.4337345226983141,-1.2097399565488478,-0.9121268815072868,0.12104286742988726,-0.9271851764106076,-0.17554481482653714
7400,1400,-1.140596418683164,-1.2396153356884008,-1.1737699467154028,0.3376491912901368,-0.6402046742444876,1.3325422396834097,-1.2255060668930964,0.5685557596135199,-1.3218794570536836,-1.0440594622947263,-0.8907658742740239,0.3377262390969062,-1.620966206926948
7400,1500,-1.7177693967602243,-1.1106344880289443,-0.9540021758643066,-0.2193158372110326,-0.8938968452066444,0.6972348011188535,-1.1802507229781036,1.4321459792880906,-0.8911452522416972,-0.732874896172086,-0.8507833059667652,1.0351461630838954,-1.3350915126837728
7400,1600,-1.620570059562875,-1.4636144356436687,-1.4919888014051448,0.6458144901371909,-1.350014748542034,1.024616133565103,-1.7764545723348852,1.4909510491367761,-0.7348880154158642,-1.2122509576563267,-1.0137923578432892,0.8454446494075013,-1.053471063335756
7400,1700,-1.4280310003027807,-1.4873774173004237,-1.1688491669749135,1.2270804644879199,-1.168979363907972,1.8753837308824088,-1.4700676881526094,2.378324650470429,-1.1421080866315434,-0.9904385839311124,-1.4761353304234957,1.0365207126363716,-1.669046686832267
7400,1800,-1.52407621705093,-1.1848940827612335,-1.476497769565965,1.571070634835552,-0.6218946958977705,1.784356502986498,-1.0380405973851456,1.5425843768752068,-1.2016146230384381,-1.0490170295727856,-1.5831410811781104,0.8069614287790193,-1.635367000791283
7400,1900,-0.5973168230192359,-1.8481166956996529,-1.2256914843253137,1.4039827115962642,-1.7756846121219056,1.6518531401452845,-1.0948361084272749,1.9199849110914393,-1.0877950079404435,-0.8054163383919214,-1.575200508464587,1.820033991340036,-1.7232956363477865
7400,2000,-1.4089697906119765,-1.400932376523566,-1.0074080308968374,-0.43643142884827557,-1.2675603690351114,1.3854242598376927,-1.1739705894350565,1.6142721190765648,-1.0040089561822634,-0.8819253587443612,-1.4178495795353918,1.6906204937765394,-1.668940820741736
7400,2100,-0.9231905811222658,-1.614781806677364,-1.4384375869120565,0.16752286551094453,-1.2611044391570112,1.8789063003573243,-1.3740816808906222,1.490744201221161,-0.17729282706279825,-1.253138752607593,-1.0446081946841914,1.2799503853769572,-1.3603648836999171
7400,2200,-1.474489468110999,-0.5474786520351126,-0.5419810137599361,0.18732665461679365,-1.3405000479362716,2.021734468727892,-0.8014550189827495,1.852145535320871,-1.318608058853988,-0.5529182099077522,-1.1047584103764372,0.3671257570577312,-0.6811048627366929
7400,2300,-0.6794299531933405,-0.9875318612784945,0.7612288935903841,-0.6190048069857658,-0.9029618596530284,0.3782485598497715,-0.18890833142741909,0.6817065730134558,-0.9970093723209034,-0.8083571611771349,-1.1158480316014643,0.4583899285540766,-0.9469489060143005
7400,2400,-0.6009441658165572,-1.8381726390608912,-0.34764650218413656,-0.5871669332436025,-0.8072255329439842,-0.10414494507517467,-0.45357441556158895,1.2180545399110714,-0.9458564766472973,-1.0162201715192416,-0.1337304852144251,1.4336867262782351,-1.0279247205854198
7400,2500,-0.7145335717662018,-1.5458858896408467,-1.6883472757419926,-0.5524356947750263,-0.46702583153610433,-0.0775497964566192,0.1336498239856484,1.1386403400862146,0.14739335961896396,-0.7798380707874615,0.015815688074536167,0.0009513410742373311,-1.2084156545951479
7400,2600,-0.6475783450092896,-1.2269100447921357,-1.493472292106671,-1.0538675644936049,-0.5576076781082001,0.6462477624390892,-0.9688219170453988,1.9934020139501183,-0.5791836612025258,-1.5156494903940367,-0.9653614080236077,0.2857260540025683,-0.9884992609960227
7400,2700,-0.4580781761922565,-1.2889938569258783,-1.1041170289942943,-0.06809964135813681,-1.437590404620749,1.0343986263896154,-0.7670211840501655,1.0575744927959103,-0.5167938833146113,-0.738892698765195,-1.089776447354077,0.22763083163752806,-1.0739994372859056
7400,2800,-0.7468609742238759,-0.9963898216371214,-2.023091418974301,-0.6428806555227311,-1.5234983898802734,1.1469490993261469,-0.5241906492058148,1.308042508927524,-0.594090183249743,-0.24165358752236538,-0.6923309390738586,0.8761002692134748,-0.9346494200005167
7400,2900,-0.7704054899671003,-0.7352395556651744,-1.2890271584874096,0.1249843384233277,-0.2757560753940862,0.19286613410024914,-1.226866073674823,1.5298278353588024,-0.8783872836203004,-1.5598144150054325,-0.45371574403630255,1.629704523416993,-0.8213566051114535
7400,3000,-1.4218539491125672,-0.602694331382773,-0.9878639311488746,0.7528759324193013,0.07282549751222261,1.1875302452330097,-0.9870530891523542,1.1617473971014283,0.08170772658055163,-1.3511568543196972,-1.2825198424904045,1.2675824596165293,-0.8413642525070674
7400,3100,-1.180479516895023,0.24010022300074482,-1.2722068023864044,1.2031813645860152,-0.48606678577060136,0.9859451321809501,-0.9307241261477679,1.8498072229895355,-0.33363213891515114,-0.9314299293393559,-0.5877584911043889,0.4263010647276147,-1.6498114602895146
7400,3200,-0.7911032081681127,-1.1599595898009445,-0.7192572519047818,0.9665197899100261,-0.051911152636073425,1.5466471034834757,-0.9184188414930899,1.6435243666260282,-0.9309555044040233,-0.6607920040808968,-0.9231682906499662,0.8557526217751852,-1.4649104272025362
7400,3300,-1.0911880293409053,-0.6349099581919114,-0.721984663445026,-0.5687795981811161,0.4758502127279869,1.3359581334703912,-0.09262092912661687,1.6154703657128746,-0.8430070734137908,-0.8294884171905628,-0.8644472506225254,1.6626807570634625,-1.8970228280938588
7400,3400,-1.4190521527553224,-0.9466187464650969,-0.718013636479597,-0.5080878356770302,-0.20023796198407154,0.8541538753112722,-0.5427598395870419,1.5000304059520408,-0.9920260699046987,-1.4395492437731208,-0.9679666105563415,1.072126166557647,-0.7108328407670669
7400,3500,-0.9805102894091551,-0.824884685877418,-1.0450746817540388,-1.1428357100885693,0.14491162116078968,1.3990525674713679,-1.337700880448228,1.0213238911981026,-0.3427353078126086,-1.2522910116083021,-1.276602511591309,0.7956348471521114,-0.7772720726522847
7400,3600,-0.8530540441399576,-0.40156880996965966,-0.23491759616591187,-0.7895450843598526,-0.35785929909440567,-0.6392572316098954,-0.4320278062399286,-0.5083316109091521,0.9142900470681352,-1.6616212754942437,-0.618039940284294,-0.6810478400369372,-0.10906403906811137
7400,3700,0.09605938826096043,-0.01391994868324462,1.2217925899749502,-1.1828396206632268,0.41705962427438337,-0.32472745118531887,1.1180735533597292,-0.7056687015676134,1.044690328434621,-1.044933474330816,0.34685826924715285,-1.47738872832284,0.6482893903219478
7400,3800,0.1242367633642204,0.7588166927946798,1.3992484110123824,-0.7736719500308739,0.1729296404478802,-0.6043864787792261,0.7988257566741407,0.566184723122633,1.7285292457931027,-1.4076309618915974,0.670605994131574,-0.32259565192558676,-0.00015725186843012335
7400,3900,0.03553588880920902,0.3001170385038145,0.9695190323392937,-1.253869855945015,0.07508026012227911,0.2735743835235036,-0.08958139269973008,-0.8116419509199945,1.1268209513575136,-1.3158256480662507,-0.5201878700334502,-0.4130078285781338,0.03769779787140586
7400,4000,-0.235256358325613,0.6246847771616993,1.1268598669977203,-0.47916229629119944,0.8612037269148084,0.08399549541922313,0.6276744758672881,-0.8605589354762823,0.7234961872200169,-1.4656196476054302,0.09910103317449191,-0.23909530650190852,0.742227720869984
7400,4100,-0.49223825658993037,0.6864807055627632,0.8504340016565434,-1.3680374735031076,1.1149889895602216,0.7588837678523657,0.15516050833371753,0.5219262380616122,0.9326756224797397,-0.8953706299013389,0.061439049568259456,0.1366134846577991,0.6382418995558939
7400,4200,-0.0627725902145628,0.5198422019410145,1.1487448448398008,-1.6217710916096992,0.8751465843028038,0.1018436665316789,-0.4155321648340126,0.018148945165578124,0.30178394839735373,-1.3959225768315997,0.2947648337380072,0.11570390449574951,0.00488644335558891
7400,4300,-0.030682383821837227,0.06471171179741946,1.4817448593084153,-1.512665793392069,0.3892050148916538,-0.9845667359916663,-1.0283118098618735,-1.2795401292587856,0.7528921890477166,-0.9939437527657818,-0.501527660232468,-0.8303458363599278,0.41283892602530775
7400,4400,-1.070529415242058,0.7573258011221801,1.1147774808080126,-1.01094795581648,1.2100415766408632,-0.20414196437649204,-0.4431814545334421,-1.6864205510278258,1.0331410041927158,-1.272272489122109,-0.8003923021875208,-0.3071749769850498,0.799467287382148
7400,4500,-0.833493846529576,0.49211484628980356,0.8226912980094069,-1.0720703392876347,0.27604385264840975,-0.7238512403999953,0.3499097923452059,-1.4312031209612746,1.097447144465106,-0.8769281193640673,0.01655954408354285,-0.42799984455361384,0.8445665650186924
7400,4600,1.3675275277823356,1.4357545471991353,1.0376062913906317,-1.4099538386960246,1.2065592709012112,-0.32496306558066124,1.3045743181338816,-1.573743249993629,1.04637672971292,-0.3609712477418376,1.2083801339899287,-0.8125284151062449,1.9228704303811097
7400,4700,1.7006412145232843,1.7327478189306864,1.2093937219515403,-1.2489875234871515,1.333089989110083,-1.1010390029072175,2.0255378372524695,-1.116181978316286,1.172404084732491,-0.693934413943087,0.8929191950439178,-0.30817939438927305,1.5708814507318687
7400,4800,1.0654783745343182,1.4539758535772285,0.8442679008605777,-1.4279384628352512,1.3430516205629277,0.5276624318150956,1.7709934864056252,-1.2438974395133373,1.466563451558033,-1.3988401372032253,1.6062261830710374,0.2678866929760299,1.603725336634376
7400,4900,1.6230917408410583,1.29370458579948,1.1895258762517251,-0.5997952890736199,1.2562876529628044,-0.09022016193463914,1.0236728758289528,-1.5471533504157469,1.2373644994342656,-0.7787473039966346,0.6219796124762881,-0.8181030935229849,1.5809831860747752
7400,5000,1.6183826909510002,1.0695642593201544,0.6373989607351365,-0.48237001800025286,1.4283031240456727,-1.1989859688702136,1.0587696479820161,-1.132782410820456,1.4458900305213052,-0.685440475793989,1.113829801054213,-1.262877058870971,1.820468487242767
7400,5100,1.278345355432818,1.204270635703949,1.4962476797814521,-0.5592516679428933,1.1773739228255973,-0.7580825187907957,1.6002316341186633,-1.5286513411684501,0.613944162864627,-0.2651374962864882,1.604439354581533,-0.8233039254372344,1.8310561307137883
7400,5200,1.891897329077234,1.4431200465487557,1.1552657954383896,-1.0854426619001012,0.8353929146389224,-1.8281880966032684,2.174098458353501,-1.191616078031435,0.45046766568641594,0.2391631793335558,1.3875777698971632,-0.3017101806949386,1.4828248042027554
7400,5300,1.6698790857940926,1.2392185248380911,0.47997581994952626,-0.6532602704792307,0.9768052762042693,-1.540086369637846,2.154154967257833,-1.04769892857756,0.7011679302285282,-0.5305322801946135,1.6743241926038275,0.28035918742021093,1.3754619676468658
7400,5400,0.8757217968026214,1.6479403697298531,0.49211184942570946,-0.8408100955035444,-0.12330472863531719,-0.5709061393269349,0.8070551740879602,-1.1530055049789727,-0.2558415117955627,-0.818403453300493,0.5126208274421217,1.0814358918916918,0.8443055846748634
7400,5500,-0.06119727813317818,0.27023918695279336,-0.7205338638883844,-1.2574766637013943,-0.5525312550140357,0.06700150338869282,0.44210231352065604,-0.1276021410150184,-1.287368956428606,-0.8098167833214631,0.5001954798449941,1.5568574691842678,-1.2081086152981113
7400,5600,-0.5506293018618006,-0.1265169950511954,-0.4577203676677198,-0.997732885984005,-0.4481063719511182,0.08123905248880531,-0.29527660949288187,1.1476125907406456,-1.1263055653660872,-0.20425280573123497,-0.6515473006302493,1.7880244249863058,-0.7106093379048276
7400,5700,0.005213126525532183,0.7745025013361874,-0.05176190402238805,-0.9077243212106145,-1.2008646725759282,-0.03063164318605893,-0.19961299132227647,0.7095302563801689,-1.4710520154150344,-0.5187136094150608,0.7643855389448836,1.3355157571256906,0.39904531803002113
7400,5800,0.8698496104490339,1.6866396258304364,-0.7573578550930233,-1.228830742229158,0.12912395366764545,-0.46094320709108094,1.066769785309091,-0.30060676764703237,-1.2406154676493157,-0.4851643012667894,1.4522933645717684,1.1609374627263915,1.2807346849444345
7400,5900,0.8213005591138688,0.046548203870855814,-0.901518241630394,-0.971655147186972,1.0576737102384197,-1.3387943117453542,0.6130278761296447,-0.8653786818458596,-0.8403258218305892,0.8766074130714746,1.5401951704627044,1.4057761569285965,0.879786155347492
7400,6000,0.9483888955567521,-0.27069205286154285,-0.32775909868030223,-1.3596381359583367,0.9544035107650912,-0.6295034033307074,1.1496084815862695,-1.0529935782468174,-1.3095517611492165,-0.3181165721178745,0.9624433460649461,1.133112328767221,0.2822368678604799
7400,6100,0.41903816535862354,0.31857828868275095,0.1600714514649266,-1.221466176446267,1.0463403809882197,-1.4241463965830516,-0.039943254846825996,-0.8879426388153132,-0.10235733400485938,0.17487140849157715,0.6193815385972157,1.132733590527778,0.06436387117455711
7400,6200,-0.6167006592604222,-0.4830759818185817,0.6409469600451494,-1.6410555830696205,0.265570538155675,-1.0986961598472482,-0.783894730928926,-0.4539515952543011,1.1155973725994177,-0.5232850629584156,-0.5354748368480631,0.51546009657408,-0.38690386833134777
7400,6300,0.8904821690119051,0.5186964863079052,1.1963014922071753,-1.0398259105099144,1.6809837664069316,-1.0645148484321438,0.9281314114857174,-0.9711886827476665,0.8299511260901855,0.4023894849860389,1.1242806379196706,0.724209464712528,0.8915603366621336
7400,6400,0.5926560748809947,0.6834923978349727,1.1190682207565692,-0.6943681464223719,1.1164787695959515,-0.6161166644582954,1.7541245082673382,-1.2180703390552028,0.8839212378281543,0.4935172052753939,1.3124797632710212,-0.16523469752750766,1.5149060591411283
7400,6500,0.9872151290503525,0.9702124184511587,1.1973990795838163,-1.506013099249233,1.3817728818582073,-1.042828782207138,1.0495545195911598,-1.243926423180418,0.9107725743020281,1.182710816844217,0.9108830719910587,0.3682950112584802,1.4581673671442652
7400,6600,1.0551363354702226,1.5635605124721148,1.6108436744458337,-0.8921272317528954,1.7062375034685164,-0.7830362053576334,1.8533798815651639,-1.0755405220411574,1.6861613703982445,1.0294595166175422,2.0330857758740515,0.16741192969622334,1.1757301278736003
7400,6700,1.663948331330935,1.5384540776580147,1.188848858162411,-1.0517704319757801,1.8324546034531486,-1.6585830758603581,1.6534743489769022,-1.6139592228950075,1.5747619596312166,1.4384555512912214,1.9618394527388834,-0.6946715114065758,1.9177668706432476
7400,6800,1.732785681984165,0.7477605501505277,1.3225329312998515,-1.3555002686810538,1.790920062874519,-1.3770580718871823,1.8923100606224816,-1.5699770169007943,1.5858640932061914,1.473693002609895,1.7362317639149745,-1.2056736902212293,1.7923348924675364
7400,6900,1.1071832041163177,0.5280532604657829,2.224394250786497,-0.9354974618062059,2.1271565461213346,-1.5572785658170567,2.4212354209118865,-1.114663539006556,1.0770310591232264,1.774852362368486,1.4473815121392406,-1.6424645388126498,1.6966529410400992
7400,7000,1.351146553401099,1.5491816648183852,1.4225548909503376,-1.1569345017708055,1.2165019363900595,-1.1692305077070448,1.3618682580047947,-2.093651326466538,1.5854442138204696,1.987691425432533,1.646452575825678,-0.9932935379517341,1.6888896074804047
7400,7100,1.1279587642480389,1.6101409913524083,1.570308144406357,-1.2942571601588628,0.9204118101966668,-1.6147583391932308,1.3545585455461773,-1.7201489563494157,1.256372382979966,2.2334261943359137,1.9962847369616175,-0.1900915197073384,1.4818750267874288
7400,7200,1.6127809069707504,1.5413486159717005,1.2644762563148453,-0.955854826732517,0.9742828611496921,-1.4926751462364585,1.0949623931902246,-1.3447621279541169,1.5699528646930054,1.599960303360829,1.2659692514805299,-0.5460266015024903,1.4310754318699213
7400,7300,2.1063809997866603,2.118758888422407,1.4214839798334302,-1.4319717003320187,1.254627508532561,-1.359364610561588,2.0140816524336667,-1.459889879787257,1.12051623724109,2.1007642866532037,1.5925470347617825,-0.4250761156833788,1.9481929403135398
7400,7400,1.895254924396107,1.6447167555797924,0.6781029830661889,-1.056080789560385,1.6373386526400484,-1.067299882917464,1.3744953268411428,-1.7424829286735295,1.2188557983505794,1.602677477979261,1.7353380218827845,-1.076979168386682,0.9534251417676814
7400,7500,1.4634347832268475,1.5467927612158103,1.9039700902874848,-0.8926412694595075,1.7769189740996072,-1.2596650953404955,1.6696635156864268,-0.3197720431391732,1.8628779249699319,1.5184574075072108,2.137403889363917,-1.1269865665605487,1.2277580680838331
7400,7600,1.383656595183089,0.1931332290171566,0.9836962849637871,-0.8319862399855215,0.3901927957293177,-1.477367879880965,1.2752815511141524,-1.385240166258873,0.852877578084131,1.1329209846328834,0.8850317094109509,-1.21312611835288,0.7316739985556557
7400,7700,0.372616559787602,1.0856355361650012,-0.32476514050752053,-0.7275722298142522,0.15624095845368566,-1.1224890870717605,0.5929660051550006,-0.46364913362462,0.6879989213941975,1.3690834077443919,0.4005338443807785,-1.0663824571147986,1.5725453066347355
7400,7800,0.7536860935041633,-0.2464610794310953,0.47880039776275585,-0.7890832562926993,0.50351112606451,-0.7629125538059547,-0.04270711631872555,-0.5354780864219274,0.8606861317295975,1.6481822718984191,0.8609878145569825,-0.8628428727411463,1.0616796767283487
7400,7900,0.25677573824200634,0.19101564432969287,0.07101977586938359,-0.6150708428699164,0.6012272063330881,-0.1341063792421613,0.3571841207528887,-0.6726102359108651,0.5968591095881515,1.721166173516544,0.811273709891943,0.4906411246184645,1.0919205079031131
7400,8000,-0.26326460220439857,-0.3129927867333787,-0.3291558641222308,-1.0600483640342657,1.115828098760042,-0.4771223703509672,-0.46099858068706057,0.8896850211154779,-0.5036344962551588,2.137387944297264,-0.08587374926733482,1.0325178235566799,1.0826101927903617
7400,8100,-0.3480351192336308,-0.3147942115007743,0.36936644120988854,-0.06562605524271675,0.2068836680380406,-0.7158175589833954,-0.370999843240594,0.740460358985713,-0.11610220881236535,1.415545965999572,-0.13798388901307324,1.0699850373298685,0.2749827650884519
7400,8200,-0.5135135568305644,0.05569035179943484,-0.47118175796258754,1.07805614690661,0.13831221958766315,-0.029359082437025782,-0.5454797096855407,-0.5575843360428558,-0.7740369452701985,-0.8657743266678707,0.1729366993179965,0.820549938150029,0.14001081978755514
7400,8300,-0.3088125501106081,-0.13676284895129232,-0.2539605849861646,1.1736181372380086,-1.2366992167096413,0.18557912889662,-0.5224560266638387,1.0579038968123875,-1.3700599949155579,0.02986117717943099,-0.8751517048562829,1.460729056614079,-0.4751957948650974
7400,8400,-0.8758199862456156,-0.01752837747459276,0.850174767659124,1.2481152341799913,-0.8894586073011039,1.576944123265739,-0.4948499521341913,0.9588115256324365,-1.295208694359028,-0.47136635907622904,-0.5505424819820771,1.7190903210695292,-1.0159234540822366
7400,8500,-0.42674692026546635,-0.414239725208061,-0.28471699035584425,0.6974895341335068,-0.6449893190635119,0.7276107783105974,-1.25313664523156,0.9606378683140694,-1.128928765882744,-0.2764716250848889,-1.4069483971692507,1.09824592470983,-0.5777534422819587
7400,8600,-0.8676974505984639,-0.3459557348589239,-0.3150193891732981,0.9781946440864349,-0.8037630104574229,1.0614679227612605,-0.48222899105255285,0.32821430523236905,-0.44389071298773153,-1.2226620669848416,-0.26180700497567116,1.2629916958248857,-0.30361990426422286
7400,8700,0.8862789585107524,0.05775177349915886,0.7623010359995578,2.3483951789923294,-0.7640377578717292,0.1898054143420232,0.569621255356663,-0.7028152200450665,-1.0202760278569931,0.15529864407847435,0.12157783413543305,1.3800567795505931,0.3975497725358218
7400,8800,0.3465739628024518,-0.6989819351504133,1.07512058371037,1.049329259977994,-0.582451402148019,0.03629686709204929,-0.2806484230743835,-0.6895279431600569,-0.1894936075086844,-0.10453489455327009,0.12881167805513785,0.3131926230305711,0.6739660796949012
7400,8900,0.48576266044744953,0.5695319327725616,0.48329310955950894,1.0662484718803276,-0.8338237527987437,0.8055243525896235,-0.36498930325289436,0.9743543273369535,0.153124546628881,-1.012456616628539,0.057276343641339246,1.0348073480858853,0.8070336051465287
7400,9000,0.7012600037978868,0.054885986092683116,0.22937343814179836,1.1830585652843244,-0.784566437890817,0.43005804423160576,-0.6434282173707205,0.2332358052797514,-0.5958641985649472,0.193416104207012,-0.22675021391609854,0.9295355605608334,-0.7890209858404698
7400,9100,-0.15507312988702926,-0.018266749464971845,-0.2604020918551113,1.429405679805549,-0.9825495825288917,0.6785594559399312,-0.5818094454658603,0.7004062911790717,-0.4677251834002258,-1.138389020361001,-0.5016400779960457,-0.4720018663047296,-0.44009541893424076
7400,9200,-0.741899716987097,0.23478045413127677,-0.7339067232681975,1.52180586377435,-0.6878240626526616,0.08865375096459133,-0.8211480592444885,-0.03525494481153282,-0.8796315791492886,-1.016777341247785,-0.7227844664155441,0.09325180250289963,-1.4526764277608106
7400,9300,-0.5903103112386293,-0.9488279417240576,-0.5428607260852745,1.6400451494977917,-0.7077580756836418,0.6674774267663356,-1.4694899156893255,0.6142341773738768,-0.664806960417759,-1.6468246812942,-1.2171188912178497,-0.4356683566409645,-0.3858390159657001
7400,9400,-0.9836931392794492,-0.35231094298107896,0.5627450180199276,1.6177819963588034,-0.032610079593932445,-0.20442413945129398,-0.63412864132285,-0.2481049559737136,-0.16211460880707892,-1.5651452927043203,-1.0833969716591647,-0.2506157240821629,0.295653198918508
7400,9500,0.4041408432337593,-0.25301286943533174,0.3158433889755632,-0.289092765265654,-0.17510605960971964,0.5896251313196907,-0.30991503765171385,-1.4010365485380425,-0.19149810876186496,-0.4105973543496777,-0.5028797440982731,-1.5929895390264932,1.1419356578176243
7400,9600,1.4861166599766704,0.6685163818819597,1.0687182365438965,-0.20342898792726397,2.0691389563259572,0.5307744012991724,0.5980594552921853,-1.230678308719705,-0.3240133810534747,-0.3482146579371652,0.9278171887467698,-1.3116933101638826,0.7267550659050055
7400,9700,0.8539472322277446,0.9753162040310256,1.3378535069439974,0.48651348970058705,0.5774295172738786,-1.1503893571379586,0.807405658268476,-0.8271387283224567,-0.5226835065479324,-0.4098144806940176,0.998461244548232,-1.0215014285337913,1.840970002166876
7400,9800,0.6110598086608805,0.3970706218219129,0.9195827391325185,0.07433829885674814,0.2930152505210465,-0.6607047400663547,0.5352567711866281,-0.9931042464853146,0.5301467407969942,0.3155781593366779,0.8926560297529597,-1.1158698888255736,0.9303605561488048
7400,9900,0.6773788628400143,-1.0757738775056036,1.7209879755550386,-0.46845994755336917,-0.4276108258625157,-1.5233066962223045,0.7087939590715454,-0.6465831319137616,-0.4950337240753664,0.14330168689312156,0.9826529948124247,-0.9793394802655498,1.12444355030397
7500,0,0.6953845043668411,-1.248537415062862,-1.3310290409367633,0.5230703518978345,-0.46943785047416964,-0.03242093438235813,-0.4764182992770892,0.01620580853735989,-0.2503120606456107,-1.1171830578398736,-0.012112891132129,1.2395229883841086,0.05087845832769848
7500,100,-0.7355767598346551,-0.6366307318351584,-1.0299307182778206,0.4315939802289097,-0.25582324345673124,-0.14560791709981724,-0.6774582400144864,-0.9063902526638731,-0.6251061928873893,-1.5028515435901233,-0.6393460516644413,1.5984243293198965,0.1250846921455967
7500,200,-0.33470947570584897,-0.4859207723328327,-1.178050005874071,0.31095307512824677,-0.5371423773007081,0.09304631249279045,0.1907386780029958,-0.2461537109331311,-0.852871296677254,-1.0152073018400563,-0.3830744493994812,-0.171972612422475,-0.11344358678789457
7500,300,-0.4584109623878586,-0.8751727450676486,-0.678160117796562,1.0525796771687843,-0.28289951897186605,0.4156892070182775,-0.3469723007374274,-0.04132995811822545,-1.3848290752833257,-1.1292760437258964,-0.5059847369406717,0.9960967954580578,0.24390140814346312
7500,400,0.5101553400232558,-0.3469980835973946,0.9017298504568468,1.048761020711157,-0.19260494560903382,-0.48008762809875877,1.5519358876393423,-1.1334485582773932,-0.7336161818858661,-0.8426388131978948,-0.46878406952732976,0.6603040382051525,0.38014251604286237
7500,500,0.949901771410895,0.5416210775543447,0.37816704264093604,0.24428743484022927,-0.36389805207657905,0.1263895219978168,1.7442088904819648,-0.4098648705400624,-0.7773178176269441,-1.317338920559439,0.4300766785700821,-0.8739388274185449,0.587483629563201
7500,600,1.857713362430541,0.7439017920453453,1.265399325892266,0.6490106197187403,1.3441848607118372,-1.1601950194668869,1.8175819738889611,-1.2202905170415441,-0.4201029886967789,-0.9975675090139939,0.9207113626065795,-0.7939298834960985,1.3024882660008288
7500,700,1.470592177488654,1.3944127912411537,1.167641662381052,0.21181565533730023,1.2784869426215015,-0.618354556563188,1.1307345811738216,-1.0862060212739324,0.10484863761308857,-0.9410289809009514,1.8870063431495814,-0.5195504554635518,0.681227817718315
7500,800,1.7522099360458832,0.47189637376665633,0.6281790333796362,-0.07603020193088321,0.5057361815480523,0.1011881212854755,0.8629814062635219,-0.6861720171837729,-0.7055702907120277,-0.3217084546785952,1.1661720162134834,0.1466941741061262,1.4010002433587068
7500,900,1.3308952510336838,1.1159925185308246,0.23211804991867896,0.5211442797976801,0.5890234481894764,-0.12350989135687279,0.9298590695821681,-0.4649519964088976,-0.7337192807615094,-0.28026682537178266,1.0462625634143672,0.6726280757008275,1.4100039810311107
7500,1000,0.3561202819866025,0.4697945535807376,-0.19269595169439735,1.2423819199822759,0.1863204655856083,-0.31767227022024064,1.000719499519234,-1.5362797150103322,-0.2256595524327108,0.03506588516537362,0.3978616885081283,-0.5572037739109381,0.12881768429428875
7500,1100,-0.054487962139840224,0.3901679301625786,-0.2633254737776367,0.4576861723653227,0.14303760830415502,-0.45598422157321106,0.7526100550889994,-0.9126215312465437,-0.6399183262967942,-0.6400835128540708,0.4829193370220849,-0.6852143195618996,0.4238483231654231
7500,1200,0.6655400636777619,0.5250095518792631,-0.056139473381707765,-0.2931536379835337,0.11072057620939717,-0.19831365540651,1.0053854864828362,-1.0020962001985672,-0.7893197621268719,-0.7665162612619675,1.13667842604496,-1.1152609276981045,0.2594948105256377
7500,1300,-0.5335853645992962,-0.057659868979403776,-0.40647887154516255,-0.39633969229186544,-0.8867752541272148,-0.029058535383239253,0.39367424448307264,-0.5364279980302579,-0.35617805302493194,-1.4715104999197754,-0.07249122828590919,-0.5860065401934615,0.28970507981480975
7500,1400,-1.0163858679499909,-1.2345436941754195,-0.8827263102036889,0.5899171587651322,-1.3960028759151413,1.186288625812501,-1.5472180407810916,-0.1930004808760865,-1.0249196982005297,-1.0087257680975832,-0.6801196081363868,0.555295501561604,-0.7958516746716713
7500,1500,-2.1685934455615463,-1.3569050959664275,-0.951699493117979,-0.7023812557584797,-0.8616046224879848,2.01730228107539,-1.8033990005999192,1.2628706217797074,-0.8201853342867002,-1.6186313147340554,-1.0836636620896416,0.8196719793201674,-1.7901295327650264
7500,1600,-1.1272496387017255,-1.659641465688877,-1.0033804758304739,0.860414081968985,-1.6330951130791072,1.2652742576061613,-1.9141078463638537,1.3974371082980195,-1.08974589497071,-1.0446066490118289,-0.9984942283137329,1.2600314412530178,-1.2373774093984518
7500,1700,-1.511459222965312,-1.1820039940730782,-1.0326260370667313,0.7115105579509875,-1.2672274425040984,1.8775060613669123,-1.5631784295653184,1.9414396404000143,-0.5317385269507748,-1.1198700328705,-1.4090832967901892,0.8031712510387251,-1.2063180606930974
7500,1800,-1.7045169852899615,-1.6066143901135872,-1.54048178503649,1.6440220165037311,-1.6024522617942645,1.3466518092080104,-0.8927587575328338,1.4799519758520658,-0.39134384540647776,-0.856362978908847,-1.1592503108617973,1.4211493951271146,-0.9450390731235155
7500,1900,-1.0947401560472698,-1.4398172451613735,-1.6145655932940164,1.5458330617575644,-1.3331479336238763,2.1333114976273646,-0.7183210567257361,2.1903995360446724,-0.3717841360827741,-0.7625584234771392,-1.5557730751290983,1.2604791921150382,-0.7687250166720445
7500,2000,-1.097475877426066,-0.8133726782039683,-1.2235106722644706,1.3003040247946698,-0.7874707243470832,1.6337911482085712,-1.1106033938047664,1.564717511634593,-0.40091651985778104,-0.5246830893563419,-1.1905064341681628,1.1760240652719294,-1.2284461967625886
7500,2100,-1.4531061691253797,-1.4746405700803609,-1.0459728888832145,0.5286722758489835,-1.9061696110677282,2.3556842318054563,-1.3453243831546693,1.0319390689096886,-0.8083505546158744,-0.5970327942377401,-1.6403091796585083,1.2940695731036633,-0.9726988825416778
7500,2200,-1.6061438207668115,-1.3479366216470858,-0.15516684629819924,0.27793129557208607,-1.638262449803457,1.7504966959808725,-1.2747259286233614,1.1989254775012934,-1.0239773271920802,-0.8133375666409564,-0.8697208800756231,0.7769224730088403,-1.238845956884244
7500,2300,-0.23213943337830895,-0.9071175614996624,0.2419219489740371,-0.36036825999307065,-0.9030750726390067,0.6559897926918327,-1.0350870002010648,1.2890549310372683,-0.6252808692732428,-1.0190680544702626,-0.5305066267494665,0.9575515010542354,-0.9209948216643725
7500,2400,-0.1965203741909593,-0.635754133055717,-0.4669381751798502,-1.3040441981479247,-0.5358893272403823,0.05334678842139075,-0.29286896582611394,0.2543658422138779,-0.9120093065263272,-0.22308273573997714,-0.6816956935630684,0.032572105053992925,-0.6600622539156749
7500,2500,-0.7327628768088535,-1.2306402733336488,-1.390045206047827,-0.44805208417422693,-1.1476463123517784,0.21190851739658126,-0.7099973164148498,0.665902137695878,-1.762342231361819,-0.881968260589433,-0.9218265870040966,-0.33946971774737533,-1.227622389876336
7500,2600,-1.5612112890548184,-1.1975181647763387,-1.7762480652804338,-0.1472940765861669,-0.4537944975332856,0.5399252340647583,-1.4294119273517818,1.1730443749785278,0.008456010055033736,-0.7786397821772083,-1.5929034191921505,-0.37368292234579464,-1.6029891988278195
7500,2700,-1.1625173184508746,-1.3177670994723107,-1.470725031419701,-0.2358254515463098,-1.0533801091406816,1.0254893189545116,-0.5391001952432543,1.5655685528550467,-0.2562570379039603,-1.0382323776164817,-1.6687322022773352,0.3549021204149321,-1.475603607770065
7500,2800,-0.6022173113437657,-0.9271398716987862,-1.1887822614332666,-0.5833139261257978,-1.2230747618293316,0.9622001162286965,-0.7502835820442801,1.5911168071831374,-1.2395526255128047,-0.6907116620896366,-0.6964130164976805,1.187591791336575,-1.7360080696591011
7500,2900,-0.5061719615255053,-0.5218224954692985,-1.381642191771164,-0.039706838819539514,-0.8048124004784795,0.5648582988565664,-0.6588583364113298,1.3207855436163478,-0.9280281339912826,-1.266589255705354,-0.8649911460123475,1.0417575863468125,-1.240852794766044
7500,3000,-1.0046619438701827,-0.8470439578733728,-1.0994916843287015,1.0016709634260976,-0.8449204610544228,0.6667185078454486,-0.2999564659537496,0.9976327008649696,-0.8842303846304629,-1.2592724813177958,-0.7652925271215325,1.1711503834410952,-1.1093658606882373
7500,3100,-1.1653040911222783,-0.7600437217086697,-0.866948632944709,0.7126169787514015,-0.4421998019903162,1.473050099120452,-0.6567281134423602,1.4617610787060245,-0.38227372805688487,-0.5671012511665771,-1.2341990323653098,1.130318801676206,-1.640474519809957
7500,3200,-1.2363116332618953,-0.9568401273549263,-0.4313274595070284,0.5984684391489323,0.5775830867246359,1.10519394494588,-0.9248764143865276,1.3964409506846185,-0.7134714517603175,-1.2703012798928788,-1.472008870463324,1.0676081316882309,-0.9550780470117078
7500,3300,-0.4077006883070836,-1.10208295776793,-1.2117635800281084,-0.5651795950036556,-0.21946628291379144,0.8619611267589747,-0.5743914779104161,0.6509137989785581,-1.5196798826826443,-0.6749099820257685,-0.25545867422271923,1.3204520182331445,-0.6696629616885751
7500,3400,-1.0577803982984553,-0.3055190729848284,-0.5451137970912285,-0.7681053824132352,-0.8178314959958836,1.1966741684644615,-1.2536725232967,0.12029389148507356,-0.8957815713447923,-1.1572487177130546,-0.8689164721386591,1.909675283169621,-0.9792785413716435
7500,3500,-0.753401540674431,0.3768654854476692,-1.5256730446921092,-0.847943257149107,0.02524955719160634,-0.06281076392638787,-1.0824843650191367,0.8272908218663308,-0.4755770839739196,-1.4219551848141643,-0.4047881653987701,0.5858890835713667,-0.9856702887508711
7500,3600,-1.0705919048847101,0.32406075147371766,-0.9016032104285664,-0.663237377212429,1.2857774235162323,-0.3320281092897529,-0.3548265014933954,-0.22781264972186807,0.18821861487442995,-1.0634811094584744,-0.6935875874217199,-0.022493742094472937,-0.6024521571213146
7500,3700,0.5942248848513655,-0.47665608909249074,-0.04242492471180367,-0.645838500732802,0.6998621043368359,-0.37451361314095627,0.5575224006835747,-0.5628810384558088,0.7930393118970878,-1.3867126193749684,0.0036626063008824415,-0.8136352313975886,-0.3474017590764611
7500,3800,1.0535297298969364,0.6080981399150818,0.48198790114477547,-1.14860312807324,0.5551508926391678,-0.0731353701086844,-0.4708629262153873,0.5111641801889152,0.7253357411881534,-2.0849358474546236,0.017504446625267824,-0.6866753248214682,-0.4979228279219156
7500,3900,-0.550231991420988,0.7736038145269784,-0.28898675835050297,-1.156859244455097,0.22508273535670006,-0.20764572275397805,0.04733299834095537,-0.9210649956319387,1.0905854801472437,-1.0171634700762224,-0.10840443590698673,-0.4544368701714341,0.5432280444542349
7500,4000,0.005945008772955161,0.8082033380049656,0.8560450064461423,-1.1109358170556878,1.3276605882472834,0.45875508822221545,-0.45075776441480775,-0.44874036228829806,1.3963840373801495,-1.4888960318811835,0.4383959713052903,-0.5385409079189262,0.12084780398334193
7500,4100,0.10947440185208619,0.6847702488747042,0.8383461770755838,-1.1322552369355803,1.4072743778489054,0.6290232785481141,-0.09058153458953715,-0.36578373508709794,1.0763175231663205,-1.3897786422119316,-0.5729615642256678,0.9008347679601789,0.3738618637177038
7500,4200,0.1262193231101663,0.737941458395888,0.9264458891549621,-0.9980450523705713,1.2685904446958958,-0.28468934017921227,-0.3051005040873,0.12237478638189929,1.2586524209196899,-1.8024853920312411,0.0782253496097976,0.27159922997210323,-0.2278027472227648
7500,4300,-0.6217971528002404,-0.3271381854523687,0.77271462814299,-1.1707806350773327,1.231489720443929,-0.4079326453997599,-0.8300431602643306,-0.6030394019473772,-0.17549710355975154,-1.0492715301495759,-0.07928088963713105,-0.8586248921127957,-0.4734279730849733
7500,4400,-0.30708588418424987,0.40599072774153055,1.0681045953311494,-0.9149784326102256,0.2686295145729182,-0.9143060985728622,-0.7972661502388231,-1.5232926224668457,0.2963526142897168,-0.81041862556515,0.12412543549129713,0.1989539810250808,0.10951775974686043
7500,4500,0.3189397885080596,1.013155116625465,1.0510002517446106,-1.4237219707496838,1.5735814367048728,-0.8657652768902807,0.010789847215529618,-0.8249421553894742,1.2425514975516772,-0.5344896131449108,-0.03062488802238269,-0.25534985265668253,1.200236080236881
7500,4600,1.6074928027606614,1.2258932757535392,1.6010972250801152,-1.827241312604353,1.549639378704907,-0.2049267474201708,1.6429785130821084,-1.6208287865082813,1.4889525102445733,-0.4113879464585936,1.469175727551974,0.603016581811535,1.1710506460202947
7500,4700,1.4781180642838325,1.0962111602061246,1.642435895177202,-1.4571231698601945,1.178011455789671,-1.3106523148862794,0.9581916935462194,-1.1209405288909076,1.1747299160688423,0.10189892178518428,1.0365918021160796,0.13186194694480863,2.04522052516675
7500,4800,0.7122550465943833,1.9428561706225507,0.7631219466680841,-0.9768651747794199,1.257203256825949,-0.1814213383578238,1.087570811852223,-1.7117001638861524,0.8793799511226297,-0.5150406985193304,1.171549000940039,0.6402221179728274,1.2250051865010376
7500,4900,1.5172280389716415,1.340517810148077,1.3473293219149574,-1.0654808173734207,1.3571770534762984,-0.32987723375748224,1.149787117878699,-1.427079305284605,1.2186189222667996,-0.8795359624014721,1.555011462989387,-0.484006178613189,1.8941081720122763
7500,5000,1.1212391304759681,0.6731595628882149,0.9009279491875235,-0.29161543140608315,1.1703815526281254,-0.7678779613036192,1.388444764751632,-1.5607394726276105,1.034213857811146,-1.0226468093402183,1.4093977590772468,-0.9958797750749172,1.5900439715510641
7500,5100,1.0448405300475812,1.1618431220178422,0.9280562665052432,-0.15884681202978856,1.4241677176060568,-0.7411847060555466,1.0743637328683802,-1.3546258352908542,1.37167134627558,-0.1715307167138961,1.268057073094894,-1.3197744400899643,1.677879620069924
7500,5200,1.1539565170867645,1.6846947570761195,0.4139564256365029,-0.2248122544421126,1.4154459789040854,-1.3819264905294741,1.4225084571098627,-1.260560345373734,1.168020673879408,-0.7281582498603459,1.323959068591094,-0.676020714607873,2.105928836204913
7500,5300,1.791343773241827,1.4576904296360624,1.157225053718849,-0.8142427762938163,0.7599401658359398,-1.5137054100304244,1.1773860168388328,-0.9846231201165616,1.0034250747583136,0.14957644343094487,1.165864627366112,-0.11316855369783907,0.7769094335557248
7500,5400,0.3998934988660448,0.4398085742254379,-0.5773352243289784,-0.9611575901264865,1.0925546742705328,-0.13329046957855303,1.1879809565023942,-0.10804933480188303,0.41999241944292126,-0.5861257624478887,0.8454732551899375,1.4785505658541642,1.3231915549251898
7500,5500,0.7799288983255932,0.6251029017981821,-0.31505284647020654,-0.2589740705840198,-0.510409419644852,-0.5338064002322769,-0.0801681691668946,-0.13023303498067967,-0.6709565466424903,-1.0250138322233884,0.7189580290508767,1.6739248376378335,0.39114402234179557
7500,5600,-0.27312976722333726,0.9066421433951743,-0.26366091056282587,-1.1562027402985242,-0.5591309087760693,0.014645436026241217,-0.45705639965239087,0.670960777111633,-0.8268220117085574,-0.9860343394868556,0.13628385588490022,1.195239390108406,0.42355512060301054
7500,5700,0.7128171999938706,0.35871665930806046,-0.5081347044828101,-0.4332108529642651,-1.1945699000300916,-0.16608352376636604,0.38913723986447524,0.49546444183980537,-1.7000099423661048,-0.5262563621039555,-0.3472449178343478,0.8278720187345608,0.5523480022170553
7500,5800,0.7570831611017887,-0.055114388634250194,-0.5603725240217411,-0.9124889524550299,-0.7757424351797412,-0.8740115959485778,0.3806363316849061,0.22473777003921697,-0.6818817609184552,-0.5798544306672954,0.582407150636742,1.176384939821722,0.7008250137116724
7500,5900,1.649159673505591,0.004892761669038313,-0.08123356880784213,-1.4879675328897308,0.7847224414537425,-1.1794814697767706,1.7117366911865075,-0.9952234902528617,-0.43952234958869546,-1.344185042004891,0.6171936374560629,1.4890407706822593,1.3474830103056346
7500,6000,1.1236245352662042,-0.313642826820356,-0.5271164264043171,-2.014690788985886,1.4486736870923527,-1.228667546312113,1.1456096931203383,-1.57522983042843,-0.7572842609363377,-1.4401577580294278,1.9676193346163273,1.2261589873885197,1.2216364862881153
7500,6100,0.0723157335253472,0.8670708700722456,1.0172125219960946,-0.9411525710199402,1.3933885452288517,-0.7199622052171873,-0.03676855005949085,-1.2886563383626557,-0.003275141082321466,0.29838355177444603,0.5840052928005344,1.114691903233079,0.270159636986914
7500,6200,0.4905954091860006,-0.7677194748513829,-0.25120356941156957,-0.7063269212207638,1.1900299191501895,-0.5927646792573357,-0.00417438337126644,-0.5324615657260494,1.056691561737781,-0.5028789301741439,0.014333904910692391,0.3602936602400242,0.7148009277581477
7500,6300,1.5360853415871523,0.4481819975206603,1.0293068934143899,-1.219927900504504,1.7358122476524855,-1.0828289926717298,1.2373692840180721,-0.5582818116493198,0.7921377069168295,0.281244647871285,0.7175031713722777,-0.24627488869310685,0.6207203874975346
7500,6400,1.2171440280792256,1.1138485982108028,1.0139445966785678,-0.7526472284629817,1.211139895840248,-1.2513978092948548,1.021528472987629,-0.9252937142418752,1.5389168213357445,-0.37002292713425283,1.1415567471743922,0.06292111131227981,1.2420036323358588
7500,6500,0.6368394720260587,1.0080627586546798,0.21518924836364897,-0.4843838502370593,1.685782193836125,-0.6367583752236875,0.46256312401556754,-0.6564065758052283,1.2508239959333187,0.009803819969528477,0.9488695146758598,-0.3317196091746082,1.5407428617400165
7500,6600,1.6846846980478558,1.0569652943354895,1.9081902812252278,-0.7562946838154738,1.7336553068274732,-1.0579619299550866,1.0555769499524938,-1.4469951338109817,1.0472132806793406,0.1293949389132129,1.2450989315430163,0.4059851663669948,1.376379972415267
7500,6700,1.3323008364200817,1.7406733835372972,1.1459973299132962,-1.0308007858521187,1.006684588674281,-1.3473448482116732,1.4315523546660114,-1.092654590720803,2.4735143463949214,1.9411488326831723,1.38832216057795,-1.4155406180218206,1.916448301631356
7500,6800,1.6513205453993731,1.2616250358641572,1.5487629208836624,-1.8051544031554079,1.2293414736127228,-1.5187787106395805,1.557838550517531,-0.6345746239908339,1.570477801774557,2.05456030472866,2.223089512547694,-0.11525761615688179,2.200233981206534
7500,6900,1.766141469577671,0.9080111279370985,1.1108128944754176,-1.8934510778164295,1.91830851343068,-1.4708915516848398,1.9270686654844578,-1.6302529371800194,1.5745948869810171,1.4488912374128977,1.4979323261165869,-0.4519987440386123,1.2300232828612938
7500,7000,1.6722722846251363,0.8592009081808867,1.2236536120473813,-1.573750537369843,1.5666161124897282,-1.2890924394610752,2.005112963997275,-1.061082914054955,0.5983012371118261,1.4385568234982067,1.8649511810732902,-0.5320015727502988,1.243954840721063
7500,7100,1.8876133777255626,1.6999423816337984,0.9960997734639221,-0.3106267069465599,1.5297480760419977,-1.1996156697482014,1.8534733703433637,-1.0589395019756365,1.286635306467305,2.209149221308701,1.8713668249231155,0.16778645791315205,1.4528703274164314
7500,7200,1.8501981277870776,1.3172078400298282,0.6145502511986987,-1.2786557447631137,0.6088663902068165,-1.4513612734419763,2.064038187485873,-1.6782899124298636,1.1227541634154323,1.367920972400378,1.0313713573009973,-0.4361137605074285,1.575236663760005
7500,7300,2.0521744785219243,1.6669448549660242,1.331486286474389,-1.6515316689267159,1.8457684305306592,-0.9824863471472999,1.1760409416903004,-1.8883467805330327,2.0665493109370656,2.0015220639970535,1.4366769582777614,-1.165939449571068,2.0504113545121614
7500,7400,1.7161753019408115,1.6382690318639759,0.6013465219039753,-1.466464064537225,0.8065282266977357,-2.346312544492041,1.0231692722095715,-0.9399550374043358,1.7215714838799137,1.4409084631944038,1.6574397285225946,-1.1835874885562847,1.9313106001796598
7500,7500,1.821477572038895,1.3315100141541285,1.7210696872866313,-0.8239849038840141,1.124229136398541,-1.4431114299009102,1.8025171418466015,-0.7627164425260107,1.6531501724674325,1.2308524171058175,1.341777135232471,-0.8811786006338819,1.358356473302792
7500,7600,0.76285993342139,0.2815700956611898,0.619131822060466,-1.0069028352301352,0.1390345130568239,-1.7800619012610097,1.654457678413495,-1.2300281979952774,0.4827471751305008,0.8787728960728028,1.429033753187215,-1.396514913911187,1.3086643901947628
7500,7700,-0.6902169041152459,0.4855980018489363,-0.42448522506085523,-1.0222836317124213,-0.6576460064181974,-1.3890717032821214,0.6103932170609092,-0.7686546466434185,-0.09758859313072947,1.4481512851854856,-0.17562959548682777,-0.1906225962161477,0.6364780162485997
7500,7800,-0.6612838389314698,-0.4622526881331746,0.19109593888874746,-0.7590278617214455,1.2734702755832552,-0.35515223282854513,-0.12273994822155308,-0.524559231520945,0.8300278233537504,0.908793537520256,0.1416056948999149,0.0905388449903021,1.544327254134794
7500,7900,-0.190646532540019,-0.3862979790146507,0.3143839042345307,-0.39560849242120444,7.969830641004832e-05,-0.4371010491767671,0.9209693560257195,-0.747962734145368,-0.2951240201158475,0.577121838822148,-0.055237450305441346,1.4322457384236498,1.1515396512299012
7500,8000,0.01375355802386217,-0.6774249977958728,0.15474582136626233,-1.3619896208848679,0.18941429293745066,-0.3281241154753761,0.9826073016934646,0.5260826543501755,0.4160495314518988,1.3195611970264087,0.11492902338777393,1.1332746202061557,0.2409315905743067
7500,8100,-0.40858649934881053,-0.04707635642129483,0.8815057032171364,-0.47103420010165004,0.7444659188717623,-0.040726362404594006,-0.0914414070946598,0.9455878938937429,-0.7395703471916077,0.8468778187320567,-0.30808668726759786,1.1969905662506193,0.18551031576927854
7500,8200,0.5006864433151723,0.40797632784388055,0.36695920358324713,-0.03187427515867674,0.09760800274000632,0.5679418338300611,-0.22807713856292638,-0.4241797835180083,-0.7577301714632988,-0.5336200944518243,0.15200118253657136,1.6881901897547835,0.5402413560378229
7500,8300,-1.1010526242382206,-0.7094679907854425,-0.3932897109213262,0.8530105187096122,0.714437873695422,1.3984578766336166,-0.6895252702785197,1.4828514387062577,-0.5134622443239408,-0.6846326795199511,-0.6487321592691058,1.0727321285624325,0.09043602123450065
7500,8400,-0.44009928714816327,-0.09183066482331409,0.48393780916557616,0.7576696246376615,-0.828052466693249,1.3084887757768913,-0.5490761309964858,1.0092034287178409,-1.237811394936494,-0.450019739350112,-0.9058592486929319,1.333631323987773,-0.9490206861354793
7500,8500,-0.17846424961740803,-0.6555516367480525,0.6465620298211209,0.5873469704039096,-1.6435974688120674,0.14364573839442002,-0.3335834769943572,1.463132095554342,-1.1825253298747929,-0.1642323104758207,-0.9050026721269311,1.5593071748207676,0.17517251932286199
7500,8600,-1.5019191167407928,-0.6571842835867217,-0.5191522682319785,1.634336998227485,-1.0589180129203513,0.9316289057124038,-0.9576962405345776,0.25702860741445227,-0.8088981374908129,-1.0523434883416645,-1.4498645064181146,0.04833228609830608,-0.1982545470887692
7500,8700,0.4706414118888221,-0.5660766576295005,0.0739001531420478,1.6537889166820763,-1.1480222597928993,0.43378240187080325,0.10884220002949149,-0.717920542078675,-0.2140166560786522,-0.23987988652271558,-0.1751933584672715,0.8737151582138111,-0.49464457720670946
7500,8800,0.4985657855443009,-0.49832127865307174,0.2684494188996333,1.0815320249504494,-1.35841631797778,-0.5015601795377554,-0.12560959836375932,0.010564057665760473,-1.2722455782913784,-0.8319787347318356,0.1617496026209456,0.026089908836972067,1.6503277888428458
7500,8900,-0.31713153054641197,0.17268131689961658,0.5597598157021486,1.658359880658859,-0.9011722065624411,0.6568227377028512,-0.3467375472147328,0.5347512790784794,-1.3455626154563762,-1.5258883440908153,-0.3032113923089952,0.48546885434941983,0.6983900102925641
7500,9000,0.9937835081094516,1.347430020279905,0.3659915208119251,1.5612594802751403,-1.6499543309141969,0.49955282979658633,-0.42015990483772475,0.06748529669991,-0.7131535995312641,-0.6670171667554559,1.0258766196483138,0.16479126916939413,-0.3420973273351541
7500,9100,0.18969394541442913,-0.09932060688587654,0.2063019537182752,1.053617261728956,-0.793349780403017,-0.31890426790158893,-0.3870770021181473,1.1043297656895383,-0.5613852037247682,-1.0845178424924051,-0.18779832230351953,0.7861084942616525,-0.3010248948028673
7500,9200,-0.9979137104484653,-0.5702959841429833,-0.7582739625806512,1.0599541506598789,-0.5907785039918952,-0.37073661815507825,-0.43104855008716214,0.887726423048731,0.10624033028432923,-0.9302162735618146,-0.5289182638599749,0.6262615930198946,-0.5705287976777103
7500,9300,-1.1614471267051982,-0.5306776252150672,-0.11166597847876954,1.8842983411967376,-1.28782199703445,-0.4149795883804982,-0.3474478885348015,0.12482183332944718,-0.28611083923377895,-1.3571570053881172,-0.7766709011882912,-0.027165866056588665,-0.4245714330976968
7500,9400,-1.45486807193116,-1.200086416473484,-0.24797366896108522,1.9768455822587367,-0.16889834161894765,0.28222550189121615,-1.1155807397401472,0.5441693630113594,-0.5089443557860986,-1.13581530269991,-1.6701311619354853,-0.6440646345768172,0.219278922800536
7500,9500,-0.24677705220755375,-0.8665343334670154,0.9186919674012957,0.4873201467154031,-0.427433879395804,0.4835188983331496,-0.02627499257856782,0.10868075116641167,-0.06936512929152436,-0.718425815345721,-0.7316390974414786,-0.5476463686269842,0.2890012174952701
7500,9600,1.0208880187982246,0.18379241941224925,0.041807960291601234,0.41733673849666353,0.5439680619146846,-0.01338201826685212,0.17397524172794682,-1.329681447809872,0.7906865794230357,-0.3451213060005835,0.32312520007485973,-1.5583892994468111,1.053671612956329
7500,9700,0.5872965275941665,0.542477372403774,0.20733071816196041,0.19279147742290897,0.3445796139139185,-0.9382078712023781,0.7150136824829743,0.19745997100515938,1.0720964801170316,-0.590004328084962,0.9114160220017028,-0.8240552697777578,1.2738522553939886
7500,9800,1.2613851546522814,0.1210246566985646,0.9614619797650897,-0.5466119469402722,0.5288299727271648,-0.4030712985442601,0.7589605371794528,-0.27773571411039627,0.7016044577689127,0.08005450539308363,1.2108088317331218,-1.3133378943291243,1.6609614183604557
7500,9900,0.2684116743711345,-0.6069330355152064,1.3286444277615592,-1.1784573667813156,-0.4007935444507395,-0.611189156039099,0.8078367599381939,-0.29124898537067145,0.3860610707021085,0.6505253486736922,0.0685380524356052,-0.3415441863256107,0.7163188497253913
7600,0,0.2265238947817383,-0.26072755384127555,-1.8607563842718593,-0.406743896720149,-0.5871961208875007,-0.5574616985304974,-0.17412412319350382,-0.912776571536338,0.7449404405415367,-0.27192267522246377,0.5478402691875017,2.163007440631641,0.6762698565598677
7600,100,0.08986317437728386,-0.7327382581660454,-1.3289123423551203,0.6582532557378582,-0.6521864181721779,1.0411221184749206,-0.436250914650446,-0.6103376620794603,-0.5720896695221527,-1.0993657730830557,-0.8615217242803098,0.8408109317662326,0.07077045860610123
7600,200,-0.9486537035082906,-1.3518069873303542,-0.37477360643106566,0.40290827583107774,-0.6403083725384238,0.27132757402419433,-0.7815227927398811,0.30597024272446965,-0.5213212692902314,-0.516783564974429,-0.7985559561391045,0.2048532099079561,0.5926969488362023
7600,300,0.23954598408898384,-0.6742804720452265,-1.0047283123795885,1.2293395480619518,-0.6871518323457587,-0.6422750539968405,-0.4670610622063818,-0.4725335103555305,-1.0089387627694162,-0.41095615272896746,0.9466172777392188,0.9481755980839097,0.44959995823528387
7600,400,1.1150812233013845,0.6845702021978677,0.31773350453326576,1.356513663888531,0.10419467767474609,0.11126462405759886,1.5044895570551062,-0.687842098683026,-0.8746644065339214,-0.9651855019946722,0.7803916413671605,0.3399769506563439,0.4770156648034653
7600,500,0.9800809742653535,0.25742681544846857,0.6314961483061495,0.5670666553236887,0.3824465886609839,-0.18823291763401548,1.3308142967947658,-0.6968847859623951,-0.845787964401928,-0.5944262903256001,0.8459348153758668,-0.7309147324648999,0.982826199973725
7600,600,1.7411907786570733,1.4708956021351234,0.5613377131354614,-0.8723144426942024,1.2497421227418475,0.06272736525864361,1.418248863734178,-1.2199271070006017,-0.2999043635772457,-0.9996829518860704,0.7679440611349502,-0.8046690540868716,0.7472327038867829
7600,700,1.517091296308015,1.331042573233389,0.6532374963331049,0.6424525828960564,0.5734696454872383,-0.9326261469699201,1.7538432303351446,-1.7331897806677787,0.09239820756375121,-0.4262560877867059,1.6808614481003452,-0.6913653561095238,0.4373134803729669
7600,800,0.6188429402956995,0.40815282646403317,-0.0673886837138305,-0.34330096663123066,0.6234528023858538,0.2273618288442329,1.113069741687647,-0.24289160087982162,-0.9037675711521339,-0.7112766298841099,0.9152542677691008,0.12924488395767106,0.8513441090039248
7600,900,1.4635868009194224,1.6434389878072706,0.6775398571306578,0.4422103925130847,0.6449867398458384,-0.3229562072534174,1.364162677078401,-0.4482759772340808,-0.4412234168725952,-0.9879353325470588,1.704540545270177,0.07765751283305525,1.1163233582363221
7600,1000,0.6496591262786038,0.14274525933958485,-0.2823465446167402,1.1983073706765632,0.33171870621353555,-0.07081901249064605,0.91046103910677,-0.2971224682711765,-1.2108188783133524,-0.0274956454602211,0.6604049758272882,0.6319581594774275,1.0233582074331342
7600,1100,1.23263928857489,1.102663514974564,-0.3227874458366052,0.8289711878778093,0.664711825484629,-0.4524711412850278,0.7614293619249193,-0.18900171060547954,-0.47707844021258816,0.36034144853100886,0.7339393186119271,-0.8819402188610177,-0.25674154671386346
7600,1200,1.2193286880036616,0.12254335561880271,-0.08861267341525397,-0.10419001576430381,0.49734442333173035,-0.4115487645630648,0.7727971853453077,-1.485281367084176,-0.8147108194960041,-1.1152253240844283,1.8447242538345434,-1.198049485238479,1.017943879933491
7600,1300,-0.19877783639572785,-0.7677535864984439,-0.352713500709808,-0.6641748650561186,-1.0764659301954322,0.16689494231414687,-0.8641096783773426,-0.6779071498526763,-0.5213341451355572,-1.265933079724662,-0.48676730447552824,-0.6888140359158218,0.5833019155067517
7600,1400,-1.5732419419072456,-0.8831520137343055,-1.2630411949404712,-0.03001922042662511,-0.6488747747596639,1.0625016409263188,-1.1122132473980049,1.7342787304440597,-1.4114418509913504,-1.2042072722686112,-1.1254879686224837,0.4726933436609312,-0.9293508191137801
7600,1500,-1.8886354095390603,-1.1597819239543372,-1.050498262468479,0.20080219499125998,-1.191019994680727,1.50186846284087,-1.603792289125277,1.2467052087558825,-0.9416221393609016,-0.8546178672834153,-1.045728455913221,1.4908412673131912,-1.4521344103434222
7600,1600,-2.038777295877985,-1.4788497738444877,-0.4175348543861648,0.450682696967646,-0.49174910371461555,1.1090196931448728,-1.6334798800098191,1.3102445624828,-0.31649369784965986,-0.9932851185797437,-1.5452822748410584,0.6876453381664834,-1.2227696540708608
7600,1700,-1.9244389206240862,-1.7297251178942572,-1.3220140937671516,1.2205142334338097,-0.9658208424804479,1.6850399129780462,-1.4636178724768933,1.2059336258852429,-0.5841668271624306,-0.5173297893348536,-1.92485650377777,0.5295354336581186,-1.4089943862352308
7600,1800,-1.5783087344499624,-1.022361905560891,-1.129875128355527,1.301746783381956,-0.9834454070484874,1.7553282516587643,-0.989215244355134,1.3260679848319001,-0.6069524195545217,-1.0088432048329126,-1.0983118147421733,1.036176545011566,-1.257127854159747
7600,1900,-1.63850295314226,-1.057813880278687,-1.1999075342178065,1.7040007331955422,-1.5452588080941576,1.6373762367304543,-1.2948562130049504,1.9637356848552556,0.845651496512833,-1.1695165263770047,-1.3345895693273053,1.4851265624414198,-1.2423799822054329
7600,2000,-0.394919042340993,-1.6591799161778713,-0.654117235551966,1.0083800127814069,-0.9158028313718848,1.3717282396076598,-1.2658629129274677,1.2223613158886442,-0.7238513971565989,-0.9521208459544445,-1.1339052736301025,1.6545729332288384,-1.261207961604575
7600,2100,-1.4852808333499514,-0.9412011459010607,-0.6638695690550531,0.23337689542833315,-0.8440080996768057,1.508316213954555,-1.5660997999887083,1.6287395434378087,-0.696302716666917,-1.0186552983389656,-1.2902735475314404,1.2356651023666874,-1.7012953264880126
7600,2200,-0.6606104580614279,-0.8671339741005804,-1.5121079158448958,-0.14999232232965173,-1.6999993038722905,1.5355922542375542,-0.753649169129252,1.725928112002655,-0.7675784811276843,-1.358338241504414,-1.4133728340629466,1.2436391213970333,-0.7500491220911012
7600,2300,-0.40069063101073815,-1.028464100390229,-0.17559941900783463,-0.19534351098083627,-0.8077046218992995,-0.0991630414286981,-0.9309464909566174,0.8313268374569517,-0.5880794642899558,-0.3361768939850598,-1.0321749248514407,1.7871969205864882,-1.011152040776132
7600,2400,-0.5057741977780843,-1.1583029926784456,-1.2619260696602372,-1.372858823104963,0.11427683052533355,-0.2051035081397313,-0.6889283603942681,0.5965937331493,-1.8119644051655412,-0.47464272671163743,-0.5319393512770353,0.6941451336259019,-1.3238797237004372
7600,2500,-1.1143137126258313,-1.2535590524935982,-1.2620885278346008,0.029194926821958126,-1.2231406441310704,-0.7734358991281068,-1.066368750554787,1.2846525454206106,-0.8111476156736215,-0.7863098606728347,-1.1671251164310352,-0.13732886027221558,-1.6138393390400585
7600,2600,-0.9610063465893008,-0.9595805658672482,-1.7743648684580042,-0.7793299574036473,-0.7611615381533761,0.7494169215352748,-1.3037050907984924,1.700576171362086,-0.07230243209947554,-1.1788081337968623,-0.4299059445304303,0.4397550593688079,-0.7866353166224691
7600,2700,-1.1358911368765228,-1.0677134809311275,-1.3087451821171052,-0.015638387349155243,-0.5777864341633997,1.0348196361481856,-1.5044918642957763,1.2600295999985718,-0.534116446074206,-1.6957844307854326,-1.6346520020609114,0.3018614577192014,-1.2066765610386023
7600,2800,-1.4384516501480877,-0.898117967065918,-1.6915983400715613,0.026257902598488404,-0.48389379967147583,0.9873091015774935,-0.938437829066106,1.6787620743383997,-0.6757616943927774,-1.1433007867438107,-0.900735649687205,0.7393270107349217,-1.4607587570412985
7600,2900,-1.2533454170629963,-1.6234758793227135,-1.0990751205280733,0.4670275445460542,-0.8194747171900402,0.7776983172820684,-0.15055024582411589,1.7879389833159796,-0.6874111938397162,-0.9122945743187375,-0.6241150905610702,1.3965722163182583,-1.9232006835066806
7600,3000,-0.4426720106180586,-0.548933785353312,-1.8515651752171334,1.2627138108773588,-0.5914637577942738,-0.0037580415155460275,0.3543582792529899,1.5879272681393455,-1.066642199494273,-1.4917837887404313,-0.8603429393283186,0.33761368885819004,-0.9194445239614332
7600,3100,-0.6312007658739182,-0.19437213970048475,-0.6604330796833475,0.7938245985214253,-0.2088082676022615,1.6719843623243937,-0.9901503148571474,1.7094102216380471,-1.138251819151339,-0.9603514716094983,-1.1977751037236208,0.4761237730456028,-1.0122477688482672
7600,3200,-0.6140097314017138,-0.4895956491239968,-1.069123885641422,-0.5554930974130974,-0.0014202067700879917,1.0449804422267341,-0.6075048241528008,1.8737747380853873,-1.1388982696921615,-0.5543185698901273,0.16391234131220947,0.557650317407154,-0.566725705246682
7600,3300,0.05969290562750935,-0.5777327114335286,-1.5129510413819425,-0.07861917638973212,0.4255772894890872,0.8512757456746801,-0.743235059709989,0.783519289429022,-0.5622805196219949,-0.033528218319754284,-0.6273593154686629,1.1766475305909103,-0.354621842602844
7600,3400,-0.5179695726572752,-0.23447414159775326,-1.0054931426941918,-0.698130032015023,0.06334739533904846,0.7371062233156158,-1.3822570332651432,1.4577251923113077,-1.0140050761693362,-1.0268906710601409,-0.961998512791981,1.9944391232472503,-1.0827418864464513
7600,3500,-0.9268602155615387,-0.08204546166431205,-1.1829901336560855,-0.5432327627621308,-0.16824827491033062,1.0067809448288574,-0.8474535218268971,0.3437920429904755,-1.2290405183640098,-1.3815714325781159,-1.37595008335092,0.8933691487223886,-0.13891707182648624
7600,3600,-0.8459726343584975,0.17246849318805182,-0.5913994612591823,-0.6152801634013086,1.3769992961280608,0.4511335693212509,-0.670026171428029,-0.10067521792112019,-0.2845921236579761,-1.7296780021294664,-1.1431275757581996,-0.9239116604846583,-0.641814864789667
7600,3700,-0.7980701591656322,-0.9993317958431099,0.5904119009795267,-1.338207661266008,1.0503348596386206,-0.6950658211279385,-0.3732806177311586,-0.8530254007098195,0.052843654747984505,-1.589094261835748,-0.38328689286741907,-0.2585674084848837,-0.641762748023631
7600,3800,-0.3068022638121366,0.20916380857607045,0.3661668949438239,-0.7692689116648471,0.17974148922465347,-0.657991995879745,0.06832241355277928,-0.37501382221308727,0.7849981605563422,-1.0308695664999943,-0.6184404032762648,-0.7666738112586433,-0.3782335539680194
7600,3900,0.14980534800588147,0.29182467398443973,0.4429645398883205,-1.9828387931596194,-0.08375564393782042,-0.4437893257705038,0.46938129239107423,0.20196433506616143,1.2101666019699846,-1.4251493126765018,0.5023374584848245,-0.6286413123503485,1.2773137684868798
7600,4000,0.6335899057672411,1.2851920285626797,1.4890007803592697,-1.7402674133072316,1.680132380119424,0.4248888541938711,-0.29148044687089353,-1.2670525231012366,1.2879232012650095,-1.3074977687130107,0.560032420924054,-0.03692945305088357,0.659478034167236
7600,4100,0.12994079915418386,0.8878547150299466,1.2045911853392381,-1.008125290023222,0.7052442999810659,-0.40561805508628374,0.23412104420338903,-0.4564655615672215,1.5313710247367105,-2.057090307667779,0.37950686605015216,-0.35017431371174607,0.2612309029958381
7600,4200,-0.5646580546967785,0.10063813738907298,1.2790440095068065,-1.3509472788268577,0.807708515321615,-0.03376049906135503,-0.4333515430209992,0.16572676172770417,1.2778528694729243,-1.7198783294141493,-0.4641277741315538,-0.3391013100718951,0.11286184047608017
7600,4300,-0.09338079007942014,0.2625513942943157,0.9913065034108587,-1.4647384018468976,1.0492507035370118,-0.559317326976587,-1.2335834122936378,-0.820230267430595,1.0712077291552635,-0.8759644572601971,0.12156341670419575,-0.23823089179357432,-0.32809559738475724
7600,4400,-0.35156938634171664,0.8047524198280592,1.0602039969634705,-0.781054899984283,1.146171634460099,-0.32206320841423386,-0.5456549616112899,-1.2402498798817265,1.101524440265313,-1.2515398884083624,0.6573065733254505,0.4102360305619422,1.4422091894557452
7600,4500,0.20054308510444482,0.6699878896201229,1.2491502125316924,-0.8997198065291657,1.3108825545231073,-0.8987049022513492,0.9741642028658786,-0.9760255912442604,0.9554446095106301,-0.05037208528151845,0.31060205180236944,-0.16446325688268434,0.930979801763803
7600,4600,1.2876334356585124,1.031137506285954,1.7674340258438697,-0.9695706422157837,0.8734686615958314,-1.2102148634729553,2.002910471306635,-1.1102641734433558,0.6743741162328948,-0.668264764862833,0.934472421399579,0.24666358786766904,1.590005074974561
7600,4700,1.4336427476409754,1.7505699451300436,1.8024359913377987,-1.623040322235879,0.734507109033973,-0.14585883184738016,1.6690839495158125,-1.2117124004210515,1.2860328715138136,-0.26768019187882147,1.600007613231843,-0.3255543053080013,1.2883884773063687
7600,4800,1.6232082142695998,1.3543787762234223,1.5572217857298714,-1.2460992307165715,0.9713200986535687,-0.4261919989341488,1.6565617382644118,-1.6601551612754188,1.1444950832155654,-1.2108985290208447,1.6329459052608095,0.35196357722091287,2.1056431534416817
7600,4900,1.7871303325553403,2.1225490757327803,1.9707822536266182,-0.5298765393832028,1.425129013952055,-0.8489350268299627,1.5455547006031283,-1.6695176945272747,0.9236287633323312,0.6900456902926915,1.37066494759643,-0.6962739364478895,2.0254919146210173
7600,5000,2.0585228138279352,1.7809075211529335,1.1707315969824605,-0.9688916395998215,1.5414377253961093,-1.388577877550873,1.4798769719159113,-1.075913613713056,1.5861706033335514,-0.50669109543841,1.8644772977581268,-0.8006762939687132,1.4792452234976061
7600,5100,1.3935607348435226,1.2226065146243494,1.5072033300663383,-1.097036829175733,1.4945456751851938,-0.8623759181589449,0.8396244086995246,-1.1121956674411748,1.389650965562329,0.33651547120171144,1.182712261201352,-1.5652801745215295,1.984972050792635
7600,5200,1.5897335377562536,2.0482055466617166,0.23743571061874608,-1.195426908249749,0.8574489067064385,-1.0546828298925663,1.4786298843318035,-0.9752789651578292,1.6895247634522446,-0.5189255995294444,1.3885841136438308,-0.702124358741532,1.558395110033947
7600,5300,1.4051917681378725,1.1678067660706226,0.06706545940980688,-0.9861356233503757,0.9641036053906652,-1.5444996612156556,1.2482460456769167,-0.7567787012594165,1.4080270278044875,-1.2320747971547303,1.2182593520510692,0.22581700326175794,1.1306405980787224
7600,5400,0.8388506330547021,1.0790983214216934,0.10901984543033427,-0.6977100528923679,1.0952553390301651,-0.11043917298084435,0.563681178561255,-0.5756617311214853,0.0809910657310364,-0.04160541736060628,1.0818264724862225,0.5535081011032865,1.4641721493043507
7600,5500,1.3321497553006836,0.20201475765750893,-0.17005623660260855,-1.0306422630038048,-0.1668113606743829,-0.15103569652275248,0.3593687623270342,-0.6840706895645972,-0.5399748571091958,-0.6822869135086825,0.6140386217170815,0.8610649185481855,0.6807126565999038
7600,5600,-0.18947361824149328,0.34500821060804365,0.048579000418620295,-0.949010377125487,-1.3897421379742636,-0.6009791487195871,-0.2693925642326733,-0.06190933771056313,-1.0231502900973914,-1.052846306052259,-0.4977490589378026,0.7460355578954825,0.20186356377581915
7600,5700,0.09604241713409994,-0.21660220263034183,-0.16313214107081955,-1.1946150239509794,-0.5404769167034813,-0.39466336554234893,-0.22120763384571604,-0.3444104044956285,-1.3846735196453344,-0.6825611412282652,0.3291989134298253,1.0433090723754908,0.7165201855383586
7600,5800,0.9732553287714468,-0.12522254179404177,-0.1402226702238722,-0.9076215306076817,-0.48906444880762123,0.08581330143824294,0.8921743041214975,-0.2354455972797695,-0.5026398883060234,-0.39975816104985656,1.6745239672763865,1.6624682140870295,1.4124537094164167
7600,5900,0.9767331519729515,0.6328712249285269,0.3093779695834622,-1.6281421028927043,0.5762576922426103,-1.291784631360089,1.275905108534626,-0.9910953981856246,-0.4370542522336046,-0.9520350079447116,1.6368264157188082,1.3625885418040327,1.0179970441410444
7600,6000,1.1745827141901632,0.24429477907640834,0.37334109313076946,-1.3353755614344236,0.9034829450416874,-1.4920715137952418,1.0192060730580326,-0.9604346264038115,-1.3476828086430048,-0.5252764221577545,0.7571946039736334,1.0082894888137188,0.9530210630301871
7600,6100,0.970950014940384,0.7531061447309819,0.764915158171405,-0.9294059690516355,1.19156393978399,-0.7018543608894108,1.2824868227943669,-0.5573958416634022,0.030802313743206255,-0.28215750427352326,0.1667368056155733,0.5062993445183442,0.4624870969446699
7600,6200,0.3572577816836605,-0.26560656878164957,0.5629705364307203,-1.3989919072885697,1.3044572072275633,-0.453530330661273,0.8917634548550993,-1.398381917507706,0.28123629139405243,-0.8611964102142838,-0.39643643772707704,0.17455446528405735,-0.03455864228114852
7600,6300,0.7179260692891306,0.5549438627649776,1.5491656847463577,-1.0277106192126444,2.2689756141788897,-0.6515845036951681,1.0314633006663034,-1.0061593195956984,0.809608838386645,-0.3637889443753125,0.6744674629082593,0.5267408537511249,1.2707255419686991
7600,6400,1.1591720265420216,0.5778164507776682,1.3458523336387171,-1.1618970051017667,1.909576629876157,-0.7870349349082453,1.142567571696205,-0.5972488506539975,1.1528517773105733,-1.2438218007179656,0.3410810027921846,0.6547117816753925,0.9992328256779249
7600,6500,1.2805835365761815,0.45975199956604845,-0.3401686425030928,-0.9635902834627935,1.9118438128315713,-1.4759427948363817,0.3702516694041422,-0.9667618970696927,1.3481946554602087,-1.027803308666659,1.3917142693424147,-0.8193421365104144,1.0088859763659672
7600,6600,1.0405868486172087,1.2015910936250946,1.2385014796643017,-1.4503112048508142,2.1005097851309893,-1.5257704565462098,0.9073229162627244,-1.4733646773054547,1.560680211970024,0.4283626704412029,1.386395363463555,0.49937518199194725,1.3717233261790653
7600,6700,0.9891748707786663,1.1493789030590835,1.4511187752866104,-0.5006221311509885,1.731690454384206,-0.37063876078103686,1.6848470928890258,-1.2866782218281219,1.183349670414006,1.5051554981798743,2.098796553737494,-1.1245724126064578,1.4924989822145016
7600,6800,1.196526406138793,0.5510253502246512,1.1762524973262045,-1.1617916232428882,2.0254259423190444,-1.722707614312185,1.2108521913471506,-1.457915212959249,1.748670210310677,1.1803560096941845,1.9500057626267469,-0.4937875295657707,1.6382963103205177
7600,6900,1.697286620216247,1.69836394910678,1.8702793736486922,-1.1340982984833041,0.9521475497226308,-1.5638243216624954,1.4647763803009068,-1.0760203302240052,1.3261145475245595,2.043852908424952,1.494864826671542,0.06330285293853831,1.884420350103576
7600,7000,1.3213042199272131,1.9210718309963837,1.6791785595718933,-0.9092967307264608,1.287006204917978,-1.4787915389045567,1.374980372082479,-1.2800291198913023,0.5660395181407478,1.6517404440370516,2.0427822276522316,-0.09075479358966133,1.8477820059343748
7600,7100,1.3839005101318589,1.5199440885478088,1.2592993380448618,-0.0003771505490126707,1.3063281793632335,-1.9103057082050947,1.7678349816367922,-1.3589230793507974,0.9726676237684099,1.8568689986045712,1.514965587476047,-0.6740931785714839,1.506714002331627
7600,7200,1.6545662949478561,1.3032162139406924,0.5105564760869651,-0.9085274344892256,-0.11891981138088258,-1.2717375900362677,0.716453683958159,-1.3371904472929932,1.4108656696648878,1.8346407162849738,1.5868539164964046,0.29497125585188616,1.4602156093764835
7600,7300,1.653740867650416,1.7196936341175117,1.3061450388805473,-1.5594284721531961,1.2042631643107442,-0.8805699740473804,1.9403304911281278,-0.7355162971807542,1.363268640234524,1.6628033000248648,1.4104101724221072,-0.3837516745321501,2.096702571131254
7600,7400,0.92928751709584,1.1111480555862983,1.7323574997983782,-0.5229126184918048,0.8639394732437856,-1.7079353177755041,1.9951343360972627,-1.113349388695238,1.0816244880944292,0.8687965654906046,1.3909115122452902,-1.1911061012204085,1.395330064295977
7600,7500,1.2468479738877345,1.0942966364558324,1.3228597596875842,-0.6161955199467282,0.6035144927324896,-1.3121898325449628,1.7368967833228062,-0.9174408612085913,1.134420048307671,1.4226058064603988,1.496528566055781,-0.4370218894222338,1.8035602447371635
7600,7600,1.498980576050009,0.13140484829859048,0.4454226456650821,-0.9036161662379162,1.2090750701564505,-1.2853873013789185,1.3394306530840738,0.2855214667466803,0.14745437084886992,1.7166525855154044,1.6347956555865286,-0.3222367253724141,1.0885546851327386
7600,7700,-0.08733048072114888,-0.2594134957860608,-0.29700033067792336,-1.4268471429311962,0.1122266729306811,-1.2025982144363212,-0.19850525564182267,-0.9758392481343775,0.5350031951800586,1.1997925904078597,-0.7166485870478349,-0.6840794815523602,0.08156744539484273
7600,7800,-0.5410072389126488,0.017681928446914852,0.7809769600927622,-0.9986179960603606,1.3062080145512147,-1.1076687313038802,-0.10987546751824283,-0.6823636155249606,0.5577521322483835,1.035539092089173,-0.37697248043560655,0.9557499392008096,1.0797115428596091
7600,7900,0.09060267455934533,-0.6818721659157186,-0.08756278819214666,-1.0673506223225981,1.0100157784022612,-0.5636862626191965,0.6305921540458183,-0.16699647733807568,1.1243791859720358,0.8015649848107448,0.15916044493042392,1.1336637122207225,0.4912052259592587
7600,8000,0.4004229731129394,-0.5270665805132828,0.4029059656623572,-0.840866195088238,0.562478435287093,0.30360409969805613,0.8350967168548968,0.2017219923189282,-0.29989623091197626,0.9565503670730267,1.1293907037384052,2.0219057691941904,0.3839544149463914
7600,8100,0.09304951601649451,-0.6322254156506166,0.46989932776643806,-0.1385054143857918,0.30386717991087503,0.3957606287632146,-0.003657989506906822,0.8818679852494763,-0.62561538588779,0.4694292804996218,-0.3990432426585386,1.169034104782713,0.8834645049919132
7600,8200,-0.10372487869203213,-0.06230070262032421,-0.8417963134452469,0.2482531599554895,0.06052118283336397,0.03831169751322531,0.031011993569843164,-0.32951246613362956,-1.0964968184177544,-0.748260811841436,-0.6375015490280411,1.1560158151907944,0.29808683770188593
7600,8300,-0.5769151353385774,-0.2970912865522041,0.4118967475103615,1.0282681810326957,-0.012721025740163752,0.9931314494783753,-0.3723775398625417,0.6763012919921888,-0.9743119165889366,-1.4055396513991638,-0.8390502205568492,1.5777615940162437,-0.4211124519967499
7600,8400,-0.8248937020852412,0.15226421625676848,0.9570861664795323,0.9369744420032526,-0.7309975611668192,1.8778225254631231,-0.6250074692140385,0.7548419831669199,-0.7184929890720655,-0.9800954958881167,-0.9191386012463356,1.3954634180290177,-0.07917915543341403
7600,8500,-1.305801191843353,0.06506712028292731,-0.3066749995372744,0.39675562761863303,-0.924532640352303,1.708163407432204,-1.0287122854980326,1.361972089903897,-1.061065272221726,0.14295465723329887,-1.0290147144433606,0.529521225314811,-0.46210911405369215
7600,8600,-0.7786638248205856,0.21717264047475845,0.5580266852305376,0.8110141405948601,-0.35387812651309053,1.1511511193345745,-1.0152585104821241,0.9434274860655367,-1.0074564841772913,-1.1431768630834227,-0.8683994623410939,-0.08729559569762536,-0.211978532260246
7600,8700,-0.5193032187934531,0.7843448370722339,-0.16758222933719844,1.4886099866811686,-1.2828673776479975,1.3186335269546605,0.39016668033145085,-0.07556398963826012,-0.22798950383147412,-1.0275573927557529,0.2959242455669065,1.0894325770336273,-0.10615064643890713
7600,8800,0.2503829727521943,-0.37536072129183673,0.06424386478484491,1.2755134228418044,-1.3088137143931988,0.3037562221040364,-0.6316649034786123,-0.5006812267451576,-0.38896542486639424,-1.6218629683546468,-0.5865659565169161,1.1068869902463874,1.3738391872111495
7600,8900,-0.7814558446517725,-0.07572668375129007,0.30265477411238534,1.8230929493098584,-0.7504050530842873,1.4854145979250823,-0.07466059789995119,0.512670173536765,0.06887096093714168,-0.9093072268469106,-0.3829093039783446,0.04002844814293917,0.5923051175505468
7600,9000,0.2604119236869028,0.3917354761077861,-0.0031962719280820783,1.3457343932839916,-1.1632662042302453,0.9706851802999302,-0.17689341201893688,-0.1487036980626347,-0.4158129923519839,-0.8862510845872528,0.097445560600245,1.0698857713667689,-0.017249910252960327
7600,9100,-1.1598845406586082,-0.32295821786840323,-0.44200193485610306,1.0393902368133012,-0.7278116412089175,0.37943124570432407,-0.75976607057774,0.6030655149287706,-0.36556343163882227,-0.49852829833564355,-1.0365278744558262,0.6833463706502378,0.1914791717397319
7600,9200,-0.7812833117784749,-0.9717580305731285,-0.8390938335281317,1.2924973768136674,-0.6085860277310126,-0.5944958772760309,-1.0789013898096813,0.29508576805634346,0.7459687330012167,-1.428381100679223,-0.5589654478692444,0.4639700439147648,-0.8192981229260748
7600,9300,-0.44673362534494315,-1.0831698006601902,-0.5726474004508899,1.8042495080524128,-0.8520703766843616,-0.33865427435244577,-0.9445994243668172,0.5119716047352305,-0.20688373050342546,-1.3099178517671408,-0.8343571062666711,0.13526181051893993,-0.9241989337659097
7600,9400,-1.095960257498366,-0.7638762270997822,-0.12050745511501379,1.3923808815436065,-0.5667435229955241,0.30295933484441306,-0.47043436816417333,0.3087662068166571,0.12193924545693893,-1.4508881923083228,-1.326675651188298,-0.680550110473321,-0.2910354978300188
7600,9500,-0.40913415921844637,-1.1118225038291583,0.9810909533087581,1.7690190091299551,-0.10002075980699737,1.2062814695059778,-0.6577971087534485,-0.01963196245406352,0.7960158680027838,-1.6225495375263674,-1.0890881658433966,-0.41118452789809984,0.3535228628164326
7600,9600,0.103351729738646,-0.9311847407781487,0.30839710081351784,0.589806981607203,0.5341249951902921,0.36329218266306257,0.43781863653733283,-0.6025941448694977,-0.04773224864134859,-1.0016509808484166,0.4935625157626104,0.041866338365900285,0.16998211121584958
7600,9700,0.01334578425934619,0.5222385172382248,0.4500622765542878,1.0178430412074964,1.3494645488032984,-1.0080551637522557,0.12113411824914545,-0.015008351186219834,1.2839099288597873,-0.7227319667235235,0.9648582843214469,-0.8684559506057171,0.09124106804267708
7600,9800,0.9850601389517617,0.9805466066903504,1.306497697092957,-0.5736402017044743,0.07449811518151302,-0.2580436646298163,0.31073864040250937,0.18782942255385982,0.9635952841846471,0.147861412256606,1.059098737270346,-0.672280541378821,0.6926608111297291
7600,9900,-0.11622374890994566,0.20193506246851015,1.5807282416717094,-0.9636607240139007,-0.5512833857586752,-1.0607969008253342,0.5950686229849143,-0.2173386291759815,0.15086279898798846,-0.09452325469887594,0.19171701408603864,-0.6784490154493,1.0666786344627555
7700,0,0.3339511699898054,-0.5569046037894592,-0.8194239799688642,-0.5058230971106941,-0.814187407622952,-0.299934243127223,0.3743821880703877,0.057127279086389995,0.32461393945378486,-0.27585455752698274,-0.2125529021948258,0.9793163872373941,0.4329952045889709
7700,100,0.11512379573439577,-0.9099905901197906,-0.9188658124004553,-0.33312625443134664,-1.019957332103093,1.1217925643670816,1.2127103869325224,-0.2514113681807426,-0.24133542119776105,-0.3731320912081687,-0.46869523933895807,0.3093514451739174,0.9008274625083011
7700,200,0.6048686533042674,-0.6735468258686242,-0.6144452081252845,0.5981185404130628,-0.8005790128694582,0.7296005311315908,0.472476109191304,0.5996056246057071,-0.630362502751024,-1.0305537407720886,0.3043309044780681,-0.055715251728535996,0.9793220356572963
7700,300,1.2033874603151204,1.264960128251814,-1.0886319702218226,0.18357301323995467,-0.5538962786197025,-0.3737416144218548,0.3955017218792863,-0.521075064378727,-1.1480403929146927,-1.0614353193338593,1.0754732654076211,-0.013396323719446351,0.37849012289060413
7700,400,1.1743054422082067,0.20666688571115882,0.15974897420846998,1.0961193773510598,-0.2549376605138586,-0.43981356533708194,0.7061222466326855,-0.7139061882902357,-0.2782106532482497,-1.3317695500155993,0.830676157420714,-0.40178067891768915,0.4907270276603302
7700,500,0.28310437172104386,0.9471321057914541,1.2732877149818052,0.4327966464735204,1.4070602357882123,0.07401628217729266,1.5842529655081796,-1.0792221134720357,-1.532656510115868,-0.49850425771383955,1.1499904230440656,0.45869211761646833,1.376958993919151
7700,600,1.0794067867352621,0.5381761225408908,1.0320003842921852,-1.018562104372085,1.404423764787515,-0.9447568961199322,1.211754826642187,-0.8454430102797424,0.09788101652237975,-0.6974304616368968,1.2700232897918131,-0.8930939388156742,1.0453933847713999
7700,700,1.9902274057826244,1.0756807827061146,0.682247597036716,0.4317040888566967,1.492637428564374,-1.2742762012462785,1.7550129875359415,-1.6212191040093973,-0.7031614447068779,-1.115558681404121,1.2352699028109588,-0.6902673707070888,0.48827388861556104
7700,800,1.5566899597222859,-0.1535046179440069,-0.4376877824276369,-0.3138631642436948,0.2857420880971873,-0.41361564996480343,1.3813969578702383,0.008868393298917136,-0.9434177443663436,-0.3618418895324494,0.7860898518433467,-0.6678257360620454,0.9991985186612208
7700,900,1.297679249761428,0.23000143126922531,0.05764748345528274,-0.6634768178821746,0.613378490715439,-0.6564995209405915,1.0441516098263763,-0.9627223457626366,-0.8897538306103085,-0.9094357272227289,2.108339340586705,0.24425866837993654,1.0677457241873347
7700,1000,1.0997061021641654,0.9288032712898926,-0.2660133308514858,-0.03673267202112577,0.0477238247021293,-0.8146649006468685,1.3326295083274031,-0.7100098500782968,-0.6580699542400322,-0.8203489942887713,0.9442269159663317,0.19375714510039507,0.6874800716061898
7700,1100,1.2432070616220523,1.565167656437682,-0.3704706286881733,-0.11339079897801374,0.26831809310065974,-0.2663927654503763,0.8587609284963773,-1.3076216730897008,-1.3127880812610477,-1.2508164175822167,0.7992627044862243,-0.7466148137944154,0.745448180877994
7700,1200,0.8404976551720469,0.14711363962588297,-0.04677183863575076,1.0885100426367673,0.5035315938580107,-0.938336329514047,0.5121512037598137,-0.6736020188409014,-0.18991920123088898,0.1169155970061976,1.4396918989877827,-0.29560719541597325,0.16004255431995426
7700,1300,-0.9495251516128768,-0.7656836914460224,-0.8714153695941073,-0.26664880872756636,-0.9649852519625881,0.9132749894812447,-0.6508710976396986,0.11280640119340334,-0.8554954930920861,-0.764354521733492,-0.6662163107724192,-0.3259556380299398,-0.1729790432702657
7700,1400,-1.2284294378964644,-0.9534374580195092,-0.7165675628655745,-0.08813031696282858,-0.8025186996487333,1.5558571116150082,-1.5352979122408776,1.635845693231827,-1.1404989325074526,-1.6053727352397917,-0.8853748176133216,0.1505706629689437,-1.253310935831237
7700,1500,-1.755786220735875,-1.510221056643352,-0.9597043382526179,-0.1711292316685684,-0.5587914278558415,1.241773278507946,-1.1372114449237045,0.8557279349522741,-0.48412347264847355,-1.4581384664501205,-1.6036801638807545,0.9140150717334937,-1.0669401997392174
7700,1600,-1.3797151297335213,-1.0325644746181488,-1.0882902625409983,1.0623328876291154,-0.8375556172533006,1.3632880014005546,-1.9824481551612847,1.1379063868703447,-0.684991211542903,-0.8683867302652333,-1.1771671117457645,0.955749414068431,-1.3187497287970358
7700,1700,-1.7462717942534012,-1.2607932891663698,-1.2625880489547925,1.2407350922768243,-1.283197118788952,1.7071604658198405,-1.4441841775225777,0.9776645255016801,-1.0689027489783178,-0.7186041123386929,-1.5836071487832228,0.6745433527270586,-1.8808836476684534
7700,1800,-1.918733267955219,-1.3994852186528859,-1.1634975833944632,2.299248678627101,-1.2191531835227705,1.9477918880492902,-1.738324063143154,1.6921948529914181,-0.6194141717505316,-0.7041718184159044,-1.814488093806761,1.7225861795683794,-1.3540812844425885
7700,1900,-0.971815143809079,-1.2295688179616207,-1.623330938017237,1.691812988518513,-1.8169423039135777,2.3701281471683817,-0.5777356293028909,1.787759509446931,-0.22890333030256893,-1.0607865435274142,-0.47470733800534437,1.516747755053273,-0.9830786520965934
7700,2000,-2.0136885296910005,-1.2489986023641726,-0.8635723248154269,1.4991418097759812,-1.1008272955263845,1.7234154168217406,-1.3315732195788883,1.200588058444857,-1.2846708365264317,0.16796630423572972,-1.155173231916699,1.6914713339707597,-1.1216471386020657
7700,2100,-1.2171619464605685,-1.7883022923943757,-1.4094332236975011,0.35671916838763096,-1.3398190531635863,2.2549134993808178,-1.2778418832891498,1.521654527918776,-1.2510200276375238,-0.6361453549501385,-1.3527915963922867,1.2841819532726801,-0.7367202392645498
7700,2200,-0.4942239664038613,-1.1025238670627004,-1.119596607411867,1.0882990748294084,-1.3594659959709938,0.7651667461722652,-0.9585959738078866,1.3116240585674763,-0.989637885547018,-0.24790623793651753,-0.8717869072053108,0.807863005032745,-1.2938406941915057
7700,2300,-0.9043832409551573,-0.9919773713677139,0.12337127545878375,0.31583759897757496,-0.9785875222371675,0.5261521816236566,-1.8580054421681695,1.2892642263743759,-0.9406343723455195,-0.01739846664248929,-0.7710136677721099,0.7354890351558883,-1.1453969088691365
7700,2400,-0.3410997028388273,-1.4293351596520503,-1.1672221597820795,-0.9615916485170457,0.5189840807385041,0.3460079451134002,-1.2787966884239952,1.2052250005907796,-0.911157083023261,-0.21720074390027874,-1.0556560834419577,0.6178301786374137,-1.442047921001365
7700,2500,-0.8780008799833212,-0.7506641196866818,-0.8244956054758636,0.45442991527353543,-1.1874526236125658,0.6046684627769137,-0.4328270670026321,1.4477705455158,0.0010902519481365744,-0.6517571286144389,-0.619628184762293,-0.09714504596278332,-1.5145447406926198
7700,2600,-0.505969792640522,-0.5909524538089308,-1.562583323685392,0.5812540730309734,-0.7909802943970705,0.3799756399999591,-0.5180605046282531,1.8416321479751512,-0.5350685636756324,-1.0918470457678624,-0.9396822780802668,1.1266457254982385,-0.4283879825750632
7700,2700,-1.037267142489551,-1.2210515922996956,-1.4371305108089396,0.44749871611891445,-1.1308568712444438,1.5926254281172767,-1.3221904523806531,2.109050649721678,-0.66390141383862,-1.050979316821307,-1.1861770148637194,0.017484326625149062,-1.427536750888069
7700,2800,-1.4403328731813674,-1.3346117768174839,-1.6911689462359076,0.34802240814157676,-0.6349992762530692,1.4709613314542518,-1.3321737151440949,1.5689409621071295,-0.5989423872560959,-0.6738961977673152,-0.9057786548290131,0.6833684255279387,-1.4188668035434369
7700,2900,-0.6411717985517961,-1.0370692209322225,-1.3901538261247655,0.48224824714530956,-0.9457601391468536,0.844085623347186,-0.8218236355229778,1.4302323789750775,-1.435786845881998,-0.8282158153449561,-0.2708129657467076,1.1322885320143614,-1.454994079280808
7700,3000,-0.6643866365896158,-1.3278164345857182,-0.9415500774869685,1.0294948976847926,-1.1010822621114253,1.0930938478006171,-0.3920827265628824,0.17330185777682472,-0.760289083497876,-1.002403475427311,-0.23912363381665316,0.7948450867748904,-1.1352141233274706
7700,3100,-1.0848747853399794,-0.9997871994154165,-0.9645730671021581,0.07695327501895977,-0.15457722504899157,1.2015064044488377,-0.6195721438953002,0.9296856030611632,-0.6577487014933876,-0.34320050122567664,-0.9068226271452176,0.9047497395539055,-0.9975760453502043
7700,3200,-0.5609047723161902,-0.8821439962978095,-1.0668936928976156,0.09467070366143217,-0.40198330891983775,0.7061105934297316,-0.9607277353980939,1.3266368779736635,-0.2763985853597949,-0.4267619528026312,-1.1317106015712017,0.6564738538136234,-1.4730201304943213
7700,3300,-0.6437714617362219,-1.315600728528585,-0.8844238457700239,0.29063684869569695,-0.12825590398834233,0.6104971606985672,-0.6811139928531132,1.0639525537463819,-0.6581881247273526,0.3366330370817854,-0.4803889645001783,0.4165034566144024,-1.2210579043914462
7700,3400,-0.39958829945819185,-1.3826416322249107,-1.2386136422484622,-1.1458439771116167,-0.4725416721232698,1.885579551329167,-0.9794929088069341,1.1998205915193303,-1.4584758617532378,-1.3334298312229924,-0.9253680203735392,0.8125568604626122,-1.373104930332601
7700,3500,-0.25137497727652963,0.22894315884984312,-0.8592216022096785,-0.6260343337423112,-0.22278986819152702,0.8161918527255405,-0.826176541436776,1.127094969740145,-1.529660762505358,-1.2909966159718607,-0.6603726672181556,1.0026932803171447,-0.6346472276569546
7700,3600,-0.5435951315046285,0.1461020193832825,-0.8768668645852872,-0.7096246576553825,0.9262010221271725,1.1287835774902382,-0.5846291967271553,0.1383054617565776,-1.0937637271858307,-1.6430335427838931,-0.5554748580289329,0.5969883894568672,-0.8954471954111891
7700,3700,0.04995673293623023,0.1719859503685607,-0.4637679136631194,-1.413906226225471,0.5583876731890361,-0.804053616014258,-0.2995229129339817,0.06004965633125935,0.6750855316301972,-1.450002911257698,-0.032536971474603056,0.6542466709824373,-0.7638934279199207
7700,3800,-0.43012825040361263,-0.3241448867896014,0.2472722605986447,-1.316810334340277,-0.09876986022232759,-1.2054795537297043,-0.584571300722883,-0.4400099464967223,0.09572524180178435,-1.8189069909828663,-0.405335353137906,-0.6117905388926367,-0.3679429055877996
7700,3900,0.19377830255867545,0.97214993433394,0.7442737008761803,-1.184833371115001,0.23225801981152464,0.16398213892327104,-0.1771317724477285,0.2825206459113458,0.6849763760665367,-1.5549071451894059,-0.3762159246445469,0.31240816707833097,-0.4599728156512857
7700,4000,0.25805199333169304,1.1971829622162862,0.6903307558803728,-1.4702319900055572,1.2330569050977787,-0.36755373633166755,-0.2809992201312977,-0.1526660575068188,1.0955052905810472,-1.324845579703992,0.1515135371870824,-0.3755288702091894,1.2894862748092073
7700,4100,1.1336412055184402,1.151860276160645,0.6775762262848549,-0.8876538066923754,0.9139976675499878,-0.576948101702804,0.5166047660046907,0.037859881689478576,1.6357341003530244,-0.7912863907833222,0.45115447731302,-0.03285940116840028,0.7094542002277625
7700,4200,0.6463544780676808,0.3822626588733198,1.3803776389890383,-1.7992879740215653,1.1003148824498419,-0.4868268340130428,0.6272910662163074,-0.5822115771795313,2.0160355047176917,-1.6634332572045238,0.06472084838023866,-0.09936903829707973,1.144770273857635
7700,4300,-0.0944090937394068,0.022009949108430432,0.9557297276252164,-1.0852221220780411,1.2558200551802479,-0.5629943579572207,0.3742753493213025,-0.20094488708898461,0.39210127535940703,-1.3537465560154187,-0.07658388353550785,0.11728009838462938,0.8274154498495029
7700,4400,0.3055486531504999,1.1619566052655788,1.1454660912275427,-0.6522430693022895,0.10207530201296972,-0.5135394309678399,0.40537792938030237,-0.15148556280998332,0.8434170377865636,-1.11958285648287,0.044902389256153065,0.2912505132011315,1.0307869436524633
7700,4500,1.1890503626493931,1.3344765239261653,1.7154617808152903,-1.3877352523512818,1.0648899225919692,-0.9216677552040287,0.30794885651604703,-1.4044470107358178,1.7150658716605498,-0.49715723480212287,1.5037389939968406,0.55281735972315,1.584220733830779
7700,4600,1.1509510164357664,1.3270903155239904,1.4597962460971843,-1.080519417723613,1.7021835981772515,-1.449570134754771,1.4923074270830492,-1.1905097197317738,0.8344076735992428,0.3907434711553941,1.7411735859473738,0.0016753496271276554,1.8412317073301276
7700,4700,1.283555895454955,1.3418185159399785,1.8346010465568328,-1.1618119068691586,0.8904052328183742,-0.6688301484731054,1.3121387522447785,-0.9216933974060393,1.9719723582029183,-0.28615576152075206,1.4061599021945093,0.7640307564923317,0.5398005771569736
7700,4800,1.1418635430567294,1.003115228826281,1.7254992229432986,-1.4034411861426843,0.9840262536617067,-1.2224313927194992,2.2891657911947307,-1.2180122901555728,1.4736784395529163,-0.5644174210890301,1.4665695547601827,-0.3627579221005326,1.1237591443978658
7700,4900,1.7253032633106202,1.4950007395340237,1.495027823046622,-1.2542551285514043,1.7567050204481223,-0.04608436055585002,1.8838157691603157,-1.1122897770625233,1.6067220408092502,-0.0310079158935191,1.8626063829075061,-0.9846021048033906,1.2407815394225556
7700,5000,1.101060063614219,1.8151118096081098,1.7541609327171606,-0.6180273804087241,1.377838111608693,-1.0949243850132706,1.5557522107198278,-0.9975454372866213,0.7859445655650179,-1.095775519117246,2.321521473243028,-0.6774770331268621,1.6549945995730966
7700,5100,1.3607570950295758,1.3952833227445973,1.8187262927291572,-0.7675176597592479,1.0621658439730657,-0.6342216472984924,0.7182372624379224,-0.7865598581479031,1.5008024627448262,0.11997095826896893,1.6795017122937848,-0.6976315164606594,1.2381495554138593
7700,5200,1.2884710349163326,1.0330370096551444,0.7251741618205546,-1.621304628285463,1.136910820001619,-0.7534444259309908,1.0642410099654858,-0.530611839301145,1.0898810187980683,-1.1485335612619632,1.0839507617371278,-0.6253244499287325,1.8224803711322943
7700,5300,0.8206572164628276,0.8108518730064784,0.017951210298097774,-1.396937110969739,0.2024074122238839,-1.5017642742823898,1.0724377641493024,-0.7705102307389665,1.4685238435822918,-0.7013230395183259,0.5577413345779316,-0.9682055952142131,1.1050163524749828
7700,5400,0.717665019424334,0.4502339357492355,-0.05848810357960156,-1.0842463283912571,0.24991625145200222,-0.9152065738891778,0.04797282188572021,-0.6426348382216257,0.36302154737126757,-0.8016634394377337,1.336683662985691,0.5813825011546201,1.1102580871734529
7700,5500,1.145932879121547,0.7462551010726317,-0.010879107769376242,-0.8974507263562858,-0.7244349109223488,-0.8165895449457181,0.48921116405637094,-0.7036201273910826,-0.8964697846689563,-0.429980589975609,0.0923486555328854,-0.22324622954095852,1.1068316094877457
7700,5600,-0.4506252627775247,0.5920700521283048,0.6122999334203938,-0.9995008097903567,-0.892765327155422,-0.2722599200582089,-0.8326488439005778,0.20767371063138534,-0.7555514042883623,-1.063649072990505,-0.16197114306574711,0.09585631244421701,-0.1713256456563029
7700,5700,-0.132988431826145,-0.6405947769091569,0.18643624419774055,-1.1091799635756538,-0.7692075692678381,-0.5123844352112992,-0.020678782678699728,-0.3536986284708609,-0.45168047624297536,-1.3553152634966155,-0.5098787587211359,0.38634994239169457,0.06182512549738647
7700,5800,0.31945239312214097,0.9474027114784277,0.680928463037867,-1.3362039645285326,-0.84973746301686,-0.708199595556511,0.3595645484983092,-0.15875423456042742,-0.5461877055142705,-1.1259867912061803,0.893659186116401,1.6432021948594684,-0.0008546675408520557
7700,5900,1.631158657173452,0.39363689423364656,0.1708122275056977,-1.2285572349166396,0.16070440288387355,-0.678632185659934,0.630577328162181,-0.9023072578259026,-0.652414930208844,-1.1492649841940434,1.565117729615318,0.47468491435357035,1.6048963310718363
7700,6000,0.6907132309583598,1.4452357613227291,0.7852864251304931,-1.3405292433027514,0.815389327943223,-1.659645249835298,0.5197217804932585,-1.0927925556947486,-0.3988023804225835,-0.2628651775775522,0.43138256343022424,0.9038283588069459,1.025432177834604
7700,6100,1.0528457981675616,1.267703291926548,0.07787077432137124,-1.197453362123627,1.4090479078727343,-1.1480849539483677,0.6287384612386997,-1.079638773786878,-0.2605849003922898,-1.0158421107630482,0.3414954011498891,-0.3562823077766066,0.8381110820877845
7700,6200,0.37416761086029626,0.7271096254352152,0.5978252964139934,-1.4763075584534249,1.2095933297842343,-0.5179082145361886,0.33668817730317196,-0.6953784315105027,0.5268229238825186,-1.0900934614337208,-0.034812416838573335,0.5172963521755559,0.9757131105404804
7700,6300,1.0909116838048714,0.3123189897086652,1.2056619699884346,-1.2805743816619812,1.652955111086811,-0.9992217666743476,1.4442068711841345,-0.8257410042792026,1.3578141131515287,-0.39632124438183947,0.8297944920092882,0.10116635507437419,1.4331285473277857
7700,6400,1.2295810740538344,0.7269221693319342,0.8137377332399637,-0.501739282847163,1.9288351244076245,-1.2178020471797633,1.240886627919325,-1.2972134623619123,1.0382241789263107,-0.7290765918264637,0.8706920291294048,-0.32261106977155357,0.9070622306865116
7700,6500,0.6910515308368267,1.0026228239750463,1.0120568360417708,-0.4027230581072953,1.812670954854396,-1.237664053141402,0.8343470985088245,-0.8996682771238509,1.9092174833703979,-0.4371994679996156,0.7909218405018531,-0.5523863075114565,1.35084146196888
7700,6600,1.0468283365910906,1.459948637182696,0.6610067694714343,-0.7350438341615678,1.9924012624064558,-0.6083318532846562,1.6691843152723251,-0.9474203209148464,0.7318366230207273,1.1200920382296433,1.5167137961322332,-1.111607590037746,1.757124449515245
7700,6700,1.5638155923308497,1.3633073565387777,1.9018307956717568,-0.6496471845227026,0.6625165592991772,-1.432872829947288,1.7080968122672489,-0.757232916911107,1.5168349692197105,1.1085335804243817,1.8954558067566634,-1.3071756632486924,1.504658889781167
7700,6800,1.349055763048355,0.8590215243330779,1.5411124286920652,-1.200784612465242,1.5464682036422686,-1.0220258982754342,1.262087384470236,-1.3998700174583074,1.7719715545210788,1.6916880709507547,2.1264841479758894,-0.4574291753484097,1.1870724524904266
7700,6900,1.3538338128338516,0.5251589042717144,1.5132372048701614,-0.6215283415242656,1.4130499769929281,-1.1379560972689804,1.3575926273850083,-1.585208439582286,1.8486284736076883,1.4509179831542418,1.7111904629631782,-0.10399970725123765,1.606366693355265
7700,7000,1.9370900614688973,2.0040999265492148,0.9944987141856192,-1.3739686673080405,1.8344189639962387,-1.1112600776172796,2.0269487224051024,-1.4574780333550583,1.1686853097257501,1.1950254192800511,1.3061447740567111,-0.699853377098377,1.676412752021348
7700,7100,1.6028256017210505,1.2495029190740299,0.6918629228085376,-0.6184219628998097,1.3433037141173179,-1.5582500857073711,2.0262939464149636,-1.493064465446262,1.308032670725154,1.5624118663206628,2.19015284271497,0.319683715148652,1.614738005835098
7700,7200,1.2306828142710973,1.0537788536001038,0.11624992310229257,-0.9034047739235836,-0.27684015563857056,-1.9226603538270899,1.2768173218249712,-1.482031864867476,1.4253393099764713,1.458767165499376,1.2836860676931656,-0.19042786912121287,1.4399346611053774
7700,7300,1.3422417552904784,1.1146922931252639,1.8118676661060518,-1.1874226543497859,0.6422278870433072,-1.349609767585131,1.408759295773653,-0.7960151151509466,1.3368842792644005,1.1704375646735696,1.766266793485037,-1.0121592651712041,1.2352409476205253
7700,7400,1.8251497470793896,1.8141559877030256,0.9696410341220559,-0.8392979138281113,1.6480542011363437,-1.1915442593239356,1.2477468549099962,-0.5323754851816653,1.3433456284589615,1.1820937245635965,2.0948714349962914,-0.8471571526442996,1.1639120353316128
7700,7500,2.152380538057034,0.5748740238234069,1.3905900707508971,-0.9453241477853529,1.3946677443195827,-1.1902824729428891,1.33717092047859,-1.2527862963543808,1.2548374739757002,0.7159544417010308,1.8399271018278267,-1.6412267387053738,0.7043436157531244
7700,7600,0.14705394351209827,0.045341842884369335,0.442588006215826,-0.6234252988976677,0.6827998095228863,-1.175916301982682,0.6652655276141489,-1.135903412771572,0.6680543977673723,0.9886315159596778,1.0103672152479477,-0.782611004016604,0.5877432621786517
7700,7700,0.6217818382655058,-0.15597159511793465,-0.06600302784653138,-0.3590311535170727,0.21728012409754913,-1.1401669937395222,0.3302566684823059,-1.2616777344365004,0.6674877758835918,1.189668048135517,-0.8606799656998891,-0.08121038669917642,0.4661547075000313
7700,7800,-0.8393843053177846,0.02945561781665387,-0.08987133239093288,-1.2058546226782234,0.27826047114173746,-0.3984377499846225,-0.24125778654727334,-0.27975463629288044,0.5271256420368667,1.5008638721450207,-0.35902650221822113,-0.36526439575268854,0.6875842541616463
7700,7900,0.31821992910152785,-1.1242251893279869,-0.13184267497866387,-1.3581583195342073,0.654759810799659,-0.5979560514174245,0.5311691844111697,-1.0463579621155934,0.784330787226114,0.987995223683301,0.16202529888385575,1.1804838229058605,1.6267703654216905
7700,8000,-0.15087359307357234,-0.7627109636249566,0.06749934779416358,-1.0524325228366436,0.09977648116696898,0.6239429389552701,0.4998903921457646,0.28790697501070245,-1.1015205805940669,0.21131881150024195,-0.32474465834821575,2.1866985948470323,0.11230292686696407
7700,8100,-0.12215535652341858,-1.2120320092951322,0.35109992834715786,-0.6646351178690888,0.21766185757994694,0.24901312483496782,0.4115114760572062,0.22714050246349543,-0.11454892154280713,0.06817463764457252,-0.37848965748962077,1.0229434325292177,0.5413692270763579
7700,8200,0.06442199959875898,0.1541938307124076,-0.46647797952239406,0.12426543534652292,-0.10987376092425627,0.4265708746332119,-0.07445430844779492,0.2834041498620733,-0.3015865767827743,-0.49480801776942596,-0.2937936111999548,1.734369490828657,-0.4283723385137025
7700,8300,-0.6102394905442695,0.2270485686866715,-0.18891251440554588,0.3967603163939733,-0.22775152906748158,0.956355267309337,-1.0620521257061697,1.2055368865815614,-0.630799616645287,-0.6138914381358069,-0.17350080171681406,1.6765536589932692,-0.04426055297775601
7700,8400,-1.8988304892723844,0.04666943579858233,0.10249334043274477,0.6335005532751318,-0.5812068337868415,1.6553984992354875,-1.1713489959493777,1.1027183130128138,-1.132596632935591,-1.066831066432536,-1.309331511888467,1.553129443016296,-0.07467797756387991
7700,8500,-1.9426691719376588,-0.1437826584110962,0.5972560302863006,1.0696671896115655,-0.4412020156672206,0.8021293121809528,-0.5170988907438722,1.275899609550293,-1.0429115114948853,-0.5444959481673476,-0.8260536433906849,1.1926724084944647,-0.8571942175287517
7700,8600,-0.643610125381814,0.5549119659745911,0.313158739071664,1.3036540201376199,-0.4102145304983084,1.20392077748338,0.13598414129582898,0.1822745939133898,-0.5942321599577861,-0.004259296492758693,-0.7266045857916194,0.15832929324591233,-0.777414404477175
7700,8700,0.49847339675653923,0.6926797063820673,-0.5132357845887845,1.8962218288749095,-1.4755186110584326,1.376336695868884,-0.08491695957943433,0.7330893339446827,-0.44525086701286554,-1.0691898788947491,-0.029640872730207653,0.6355495165034435,-0.10175056922237412
7700,8800,-0.04711888481130432,0.34771609574396434,0.03908335469182262,1.1104422460350687,-1.185667304026886,-0.4833193477451508,-0.48302261031069965,0.8296208799599075,-0.07569448674397163,-1.3417727059402034,-0.3440031113326699,0.6409057751006114,1.7572456477855103
7700,8900,-0.039734836621006894,0.0506694613011729,-0.14743488447709635,1.9112594104484282,-0.7963184063531514,1.103665542068024,0.3091908778870922,1.1043637963776363,0.19070956927299273,-1.095293953627473,0.004887093388899119,0.397546204744717,0.4781015665568209
7700,9000,-0.6212784531748612,0.0932254829118787,-0.22468978449019583,1.5513660627111419,-0.8358131931674102,1.8675657466699345,-1.156977115903788,0.3456540814534826,-0.3114148480579737,-0.983779312638014,-0.7065567259633126,0.5385525336950922,0.05202970406102578
7700,9100,-1.0471177923025898,-0.10770554769846816,-0.19501388533882635,1.6001400453574584,-1.165653396101435,-0.3754957054782799,-0.046453840202757626,0.4256003736399247,-0.29882537818530136,-0.514035974600031,-0.981308850061529,-0.08267695454813814,0.15397340879222904
7700,9200,-1.3899020917465061,-1.8119626607946437,-0.9790837063051993,1.794973342391824,-0.9075730978999483,-0.04420662307947271,-1.144907524700835,0.2516551168219222,-0.9370339625509331,-1.9341210063860539,-1.3005065345695088,0.9199489762956261,-0.6318593036796697
7700,9300,-0.38936499597122176,-1.0007073020970063,-0.40416868219127733,1.7119768728849067,-0.6269925507485694,-0.05893735436213678,-0.7734251247814359,0.14927271145757,0.048461606171401904,-1.9341149642697668,-1.2381115622052978,0.4347286782263654,-0.2968652850538444
7700,9400,-0.2671841690026402,-0.6855718721709234,-0.42833256733639963,1.6458052483574004,-0.902494521485127,0.10534269620856769,-0.756135900783068,0.8067746279020143,0.14007564432747838,-1.1767112556132273,-0.8037202962995943,-0.6207835837889316,-0.7126226303067964
7700,9500,-0.7982796093285526,-0.9867831064908035,-0.027774464569643012,1.825173293953736,-0.7242658984932245,1.1658826716685302,-0.18750367959266204,-0.35604589454339297,0.08379050223646424,-1.344824574457955,-0.2602967385057195,-0.1720011930209343,0.5554630206987694
7700,9600,0.25967307103107484,-1.0255745549990325,1.4583842060498187,1.236048878281603,-0.0581134215058082,0.003666230676612208,0.5683121050576742,-0.8716726543543869,-0.6453111038489217,-0.979332934489881,-0.40170278497970985,-0.21387655509953893,0.12377468647678001
7700,9700,-0.21103228064838453,-0.18418391101637388,0.9278493955338964,0.818797003151848,0.8263755666836202,-0.29885550001421934,-0.06863218426481538,-0.4930010687246343,0.02345224769283475,-0.07342732626850214,0.8520919079361461,-1.4079622811640955,0.4726831350176103
7700,9800,0.9112815794403641,0.33984941316846756,1.9795809807373852,0.1428536001728129,0.38958866664487035,-0.2543701546193374,0.7399041232235033,-0.07254133007124366,1.2043609117540133,-0.49915729583532487,0.7381473322799645,-1.576951472657542,0.05930088892973402
7700,9900,-0.27004153027347355,0.2016136877225924,0.48871673019974615,-0.4271786387464789,-0.9401285206319322,-0.21126660796457716,-0.41885423974175773,-0.507806454362699,0.6591410581752797,-0.5798146386569991,0.04444909129779224,-0.6988113972050805,-0.07910884127764721
7800,0,0.22502650793121248,-0.3271490754784562,-1.6774900260904826,0.027320814919223616,-0.99840828038071,0.14097233076621726,0.5862911034116776,-0.7758047738271889,-0.11565696673007195,-0.23106549981531985,-0.30262663789029287,1.125878956925646,0.8789752498580569
7800,100,-0.2628924740158692,-0.9000380377879619,-1.2732139431818026,-0.6579827868366301,-1.6729438844815108,-0.31505563380712487,-0.18637316993167782,-0.22712772012060353,0.09821378162384668,-0.5061636570857737,-0.977847880711678,1.0160607007432716,1.0837939912370296
7800,200,0.2535007225366374,-0.12641150062444548,-0.7633708764644468,-0.7083388813533966,-0.4526621403889464,-0.3303365630267487,0.18108092209860704,-0.5316154277785294,-0.8760620769159267,0.07317667028178416,0.5487766277916888,0.27286340049862456,0.5172914527426975
7800,300,0.7097548639422855,-0.3071401361408621,-0.6587701684047369,0.3369577012330658,0.1034685362855347,-0.3056614802549525,0.5776779986223828,-0.30424053157206926,-1.2034552270010124,-0.5036185050268922,0.4709533165467657,-0.001189297503482457,0.9921484500418484
7800,400,0.738288573193781,0.6726400943175457,-0.4390380717483053,1.275706474348693,-0.13994007811044493,-0.42407868080639566,1.0769618489944237,-0.4235815022589305,-0.3549878019871994,-1.1861397995552752,1.175549230728205,-0.0714790670912585,1.6471677872719905
7800,500,1.8172459631844051,1.4033162228050156,0.9680347753072623,-1.016942104510255,0.7834006045297472,-0.9089155110645745,1.4087005696999746,-0.5014366318921053,0.06900945369596068,-1.4931207924380043,0.6335047747022768,0.5318380712027356,1.3874995489574573
7800,600,1.4380805286042357,1.5026222283488804,0.686761621192436,-0.45025969646456543,0.9695625038086408,-0.5998416116692986,1.5691793224063526,-0.8907305476179623,-0.4910390447228465,-1.2967096198889783,0.8725710057733231,-0.793595186314341,1.914336839373131
7800,700,1.32636053619981,0.8492009105218344,-0.025884186666354045,-0.4816162472974368,0.6535137930270162,-0.534183733299465,2.0143868842983483,-0.0576668116764355,0.20127167304607588,-0.9487670347250846,1.7119882385854992,-0.8654749745755745,1.4859755762944178
7800,800,1.038652254857916,0.18359973961288475,0.9046055717805052,0.2230755108184565,0.36473747941624385,-0.17273175634933527,1.10332868799776,0.24498430321480907,-0.5822861498050035,-1.0993124780944412,0.9734639810886199,-0.27485073344263977,0.9668518627419431
7800,900,1.4069151899602936,0.5395757090284724,-0.29490186956043907,0.026691505372769528,0.9344441942933772,-0.8659455475381068,1.151273218433737,-0.3336088825535379,0.014977596080207493,-1.1899824749864605,1.6801549552356145,0.22339124151537382,0.6013504915192247
7800,1000,0.9111072287301474,0.4923966924628655,-0.36489560719333525,0.1200572264863218,0.48217755804086776,-0.47445681227684283,1.3129341021484908,-1.470218396653799,-0.07637854169503305,-0.677190470293924,0.9534062875517585,0.20648509851125504,0.9650938005608465
7800,1100,0.6455806774567379,1.8370224076818296,0.2918550106295707,-0.7786698428349085,0.836767329849905,-0.2221642226663527,1.392272355014677,-0.6602709120406304,0.43806015876826326,-0.8304873638822656,0.8407017874027392,-0.8785497798642038,0.6395227862089354
7800,1200,-0.0036051766640839795,0.15571001531767364,-0.41149827757824015,0.6857143251658374,-0.22429739720259068,-0.5237517636123122,0.07795472903548911,-0.939845433305014,-0.640944781837166,-0.926563398918327,0.12554135705360145,-0.7145554585363385,0.20078633813069457
7800,1300,-0.765197177484395,-0.7481533052495122,-0.39688000739397994,0.593825725910237,-1.4330659469335423,-0.17302559509376214,-0.4326286125916537,-0.18924587994695155,-0.1921570140778581,-1.2448187021185837,-0.4681402871358906,-0.5733015391689837,-0.25231021857543745
7800,1400,-0.9344964853163555,-1.0825567562854563,-0.6839686484806495,0.02273891122785022,-1.4415138260038833,0.8285550484867986,-1.2322763847260378,1.123806787919098,-1.135448507972249,-1.057822983581711,-1.0303087006921778,1.5341837439282213,-1.2880834211196166
7800,1500,-1.9266854954459849,-0.846475872740058,-0.9380113953262593,1.0163635904581327,-1.421652456486394,1.3877185827340348,-1.3422835831467401,1.0820369739151905,-0.5112489029434502,-1.1383819444768837,-1.0275198253260114,0.4913493142955278,-1.623842421159342
7800,1600,-1.757892930278023,-1.7778288783288592,-1.468574138816606,0.9323130840829389,-1.3955422939317508,1.5288781220937446,-1.0085898244006875,1.6865875207919838,-0.890647368495563,-1.0794298406064333,-1.8225952053501238,0.7912992543620173,-1.9579175897861585
7800,1700,-0.8741132934416471,-1.237914270869372,-1.425119141422893,1.7338269725572952,-1.3575755590802543,1.642760299308413,-1.4873695331172607,1.6384618756430829,-1.0022728385282909,-0.4213076921711633,-1.4188772709431567,1.2572680949055746,-0.6115365106146821
7800,1800,-1.1473709996578012,-1.3139341479618005,-1.460980940519435,1.7427255322371271,-1.8671359646694365,1.7215112759774729,-1.1399010803392102,2.2193036816913048,-1.0065764698762647,-1.0166248730659866,-1.4912547557994185,1.7297108036629345,-1.9495150588112113
7800,1900,-1.0124090490386213,-1.0163144605625434,-0.9595137093030917,1.4041697001295634,-1.4877857267452037,2.1293950097878405,-1.1644330860673742,1.7485475867383458,0.013846821419220947,-0.5934311630542016,-1.7556177893841451,1.4599934190581352,-1.6430591214499302
7800,2000,-0.9668973304043956,-1.0134638883153717,-1.0764965065548786,1.7449851305805164,-1.0385857412276223,1.463161143789537,-1.0269902991546536,1.880561952166136,-0.8565279152494966,-0.22021507971773405,-1.095129281038695,1.6199425527309987,-0.6656057161543698
7800,2100,-1.2966253516038182,-1.5463647823701399,-0.9133228637914246,1.2886837032653335,-1.3842469313305235,1.3841215839693395,-1.9526707964372716,1.732701746660727,-1.7218894758996781,-0.48081003090358476,-1.152286481328693,1.61594775046752,-1.314124262085138
7800,2200,-1.1382210662885957,-1.3080526319130545,0.21035951935452027,1.2796032589384403,-1.500923235672595,1.213705760928593,-0.7513573072607646,1.9451915171988567,-1.0817829596690152,-0.6765720518155265,-0.7712761201286202,1.309418749455733,-0.38630821016797456
7800,2300,-0.9937467192057688,-1.1006391183829412,-0.4435489377701922,-0.0769938982368091,-2.0618489272055514,0.6579512222312317,-1.5608765404833984,1.0553098131140728,-1.536998317691895,-0.20451024461455483,-1.1301753347946788,1.0088958265293289,-0.9430483868383792
7800,2400,-0.6770728771748409,-1.412279434301679,-0.7278336599328927,-0.9434909166739566,-0.1167288526907005,0.179553110570726,-1.3131199593287834,1.5033332480717705,-1.0800707413759143,-0.5310194027495444,-0.961257102600506,1.053073071586931,-1.3178574402862002
7800,2500,-0.0009630743571989424,-0.7966543254403899,-0.38506816981157205,-0.4938281823468296,-0.8711228267455403,0.34688610060141817,-0.4781171573420039,0.19158300141345175,-0.6411766167931844,-0.948422226510108,-0.8398177627600236,-0.12083417854666224,-1.4867491141672815
7800,2600,-0.9886264874731352,-0.986296919976272,-1.0504443051246695,0.619497296513275,-0.7637121989339236,0.5327516204522468,-1.6736003880612231,1.3563915289707953,-0.9537191809401955,-1.5199812615684452,-1.2240549929663223,0.8470850377357401,-1.3306819219937152
7800,2700,-1.4968360710655328,-1.3378083619900085,-1.4005775003234835,0.3806386738836828,-1.4827979328736764,1.1104673684886275,-1.1168405516947026,1.4568695871378439,-0.5515259560971343,-1.7429819824271113,-1.2578435897051465,1.4063120852937219,-1.703997376291806
7800,2800,-1.2928531211127452,-1.313472773384281,-1.0765352673340007,0.06834581359296636,-1.4517086661245173,1.2968819814329784,-1.7513003601421315,2.292151461428238,-0.6241442935137714,-0.8598014296369207,-0.9599333857928052,1.5564303165701092,-1.1038939041604743
7800,2900,-1.414474269815575,-1.2927054181319892,-1.6121792884548765,1.026892933291045,-1.2244310184483231,1.2951121380405684,-0.9726321067857037,1.451087599532134,-0.6383030646201757,-1.5286257813758815,-0.9825886995585303,1.3523490186826113,-1.8493635861039763
7800,3000,-0.7522165255197484,-0.4414153928115207,-1.1326754221968511,0.8361129344303123,-0.061920170832274475,0.762879073641864,-0.26330526751077277,1.260050422763602,-0.11720298648474692,-0.7925559077485771,-0.6468071273567082,-0.1540641578466227,-1.1408819170367364
7800,3100,-0.7593320899237743,-0.2138777313723371,-1.0317209188330145,0.4789436171461345,-0.2875045152324081,1.5429419711082872,0.4503046724871001,1.3661998883904725,-0.8787402051973626,-0.25279688339671585,-1.0357305996572406,0.5021660705256639,-1.0942925972193127
7800,3200,-0.8178386296745132,-0.873133800447799,-1.394452900531276,0.361603698847401,-1.1929368029281213,0.9741327212466189,0.18560396709130111,1.526484268103136,-0.9275259307577752,-0.06986773671980172,-1.3313412165944392,0.8992705296606269,-1.0151624140393318
7800,3300,-0.5885848663350167,-0.3838435783678636,-1.3750927311191585,-0.15180094848772174,-0.5437103586167646,0.749307363652049,-0.8721428353496804,1.6106112548553868,-0.5735146492880998,-0.2055878076066642,-1.0661066693634262,0.466024181287191,-0.5996249050722323
7800,3400,-1.414535212567852,-0.26518619808668303,-0.5735863938549954,-0.3086805382778873,-0.23401430785788285,1.2726300684665974,-0.5016755594936518,0.7768445851164141,-0.4778144637811731,-0.8084491525161274,-0.9419578671499065,0.5526064972317074,-1.6628252705369393
7800,3500,-1.277274186113313,0.2063820323776542,-1.1044601814267416,-0.6869820495942511,0.17460060954336812,0.6509034529857209,-1.744130878044593,1.6889124992108882,-1.1597489983609648,-0.9703550398689642,-1.1646026056379981,0.844248585561984,-0.6921285150358515
7800,3600,-1.4210504849082515,-0.09120246801196896,-1.0664366290135283,-0.0731587013538049,1.409158490559109,0.7814591827391175,-1.0612570387421965,1.418291576479869,-1.1895044215563093,-1.851156893503062,-1.0609552131052749,0.8503703802126561,-0.5303409769769677
7800,3700,-1.1942131561028924,-0.049928384795533555,0.285889631701224,-1.4707933323814906,-0.5042902073733697,0.15682372482595153,-0.8954716294795587,-0.3352708853971754,0.5016016308541219,-1.19430962159702,-0.6453599282036984,0.6506412165781599,-0.742053393130917
7800,3800,-0.5025239496291714,-0.37972678367946217,-0.18928453995825278,-1.400514110995478,-0.5882625469798607,0.27927596563645657,0.30381195585696885,-0.0024871481953210035,0.357739996526812,-1.0988551538343885,-0.3379021129750889,-0.6834525847529899,-1.0553637304538037
7800,3900,-0.6429761757781022,0.5301469526378303,0.6186410903786899,-1.6992309955180835,0.2565618899727278,0.1827235944971784,-0.8037535920018243,-1.086507413026584,0.9748280543171485,-1.234163612715122,-0.31004040759375473,-0.9926232971864458,-0.2479165899594799
7800,4000,-0.21766130554303148,0.9127390589429843,1.1042528126615818,-1.7544152218442142,0.11428089704812769,-0.03150360401172769,-0.1486999838059031,-0.0795498025573834,1.5112604748439475,-1.1997236035013312,0.019467672943059674,0.5004370035169523,0.40462058478370205
7800,4100,0.7726013295160943,1.441614610661547,0.2884153728986597,-1.155964533268561,-0.15509079675750617,-0.3052073251626341,0.5330995169116142,-0.42491081883399945,1.0517648287496095,-1.229617005288506,1.6132304641149244,0.739938164075345,-0.01273143174669782
7800,4200,0.5473178533114498,0.8437488964509804,0.8064902219587804,-0.5394474164956149,0.6373133901706616,-1.521919546785921,0.2594771868243462,-0.3180564576998231,0.9090304494655304,-1.930545819852068,0.034575237116644265,0.004203609455627073,1.3155655199578487
7800,4300,0.7539357600724351,0.41352056135056886,0.24897387736763676,-1.1091967380726508,1.4101474087707146,-0.6052990600863627,1.102417643716413,-0.4317721118538253,1.1536215971808006,-1.1955426640199047,0.26133235182020603,0.18284022367430164,1.4066070912189734
7800,4400,-0.1587385227629163,0.9729704028994236,1.6035748216142363,-1.4523438551818222,0.505331819465237,-1.1582648315375794,0.008739754545382965,-0.1666772704863025,1.0061670148848323,-1.7554715433603345,0.5881779488767497,0.5499228288816559,1.302946622372814
7800,4500,0.974004625986121,2.06821942941795,1.9346245302586234,-1.7229494782391315,1.7672179370341963,-1.3291256353270438,0.6601720687166147,-1.2092961133167264,1.3141680474585427,-0.799763592690306,0.13484178523883014,0.5494627396684283,1.3740850962306015
7800,4600,1.2628065423146588,1.363386171670964,0.6933748663872097,-1.089338336225644,1.3853451837687616,-1.3714196654843693,0.8484334944453922,-1.5824474847635142,0.3615390486361268,-0.5571641643102894,1.2010945373985604,0.38628830648998386,2.045623424021558
7800,4700,1.1071031125061794,1.4435919080222717,1.6597923988472765,-0.7070225813258169,1.0437011521496609,-1.4117747968553518,1.3099269086691525,-0.7747593084707304,1.1609294054563137,-0.22053641103548907,1.2163030216665847,-0.23649848029160206,1.2124206853122976
7800,4800,1.559049994348422,1.4359902627895982,1.4026172822504357,-1.6283768977368918,2.003351613745867,-1.102965990993784,1.5410265628722026,-1.2974110143723518,1.703533414317678,-0.6173188408691879,1.835779419826076,-0.451613350090896,2.0411785493721677
7800,4900,1.251773464937598,1.771718350149,1.657588058426274,-0.9673479439974979,0.8210883101997114,-0.7156580960112241,1.5102692508404154,-1.6510113575311098,1.4745745213311576,0.3931542596262617,1.449268934867501,-0.973469575632116,1.7607930007875066
7800,5000,1.7610669137688655,1.7213459659934713,1.8363989668174565,-0.7868339051743223,0.8748620735060445,-1.243027666069534,1.623241565103273,-1.392613768107527,1.3460850001767828,-0.3259677644758985,0.7131254947873635,-0.8677524131933201,2.2721290306393547
7800,5100,0.9725034293988678,1.4996806455075873,1.7900540837618137,0.06638350700822801,0.43420529297105753,-1.29896625633926,1.325319414057837,-0.3068824110312315,1.918915918574568,-0.758885420169584,1.7819002057984652,-1.4657948064450093,1.7868153783536964
7800,5200,1.080942362089672,1.5508978737980066,0.4433628223247798,-1.7893213317203114,1.43987345963585,-1.12564819442266,1.7799257301646227,-1.1795314247350885,1.3526290422731735,-0.5469709684214223,1.4540734176798003,-0.8027050518194832,1.0856216986878167
7800,5300,0.7120833080515722,1.0745057830547882,-0.3341887348005179,-0.7963932600196961,0.47928276207895215,-1.1623010378861798,1.5869387083990196,-0.5661879073138478,0.9641998632310743,-0.9905956231919698,1.131983026725031,-0.5727137114228871,1.3460702920309215
7800,5400,1.283829079987442,0.9077668896494426,0.6355037321785845,-1.1905912701929824,0.059627722290738164,-0.8247497876276302,0.2936499547605062,-0.07309586784024968,0.4927893266187519,-0.7168012668008279,0.9824094460897145,-0.3516121723277841,1.1750187765477602
7800,5500,0.33093733281331117,0.5499275914568431,0.745726515824119,-0.7711582657996985,-0.4612816338256644,-0.7018510319225973,0.7232700924453273,-0.2754327298225818,-0.40409523629800304,-0.6989732323033137,0.45489175700201884,0.028881006053530563,0.5241145321341424
7800,5600,0.29211150536064223,0.17037533062522967,-0.1595551032437544,-0.4576197894338608,-0.4853734682266199,-0.07649841524064108,0.06814719727851062,0.02902240132475093,-1.251106446676514,-1.380559756077841,1.009320612944859,-0.3932009238108862,0.6261373333758201
7800,5700,-0.5378018535627814,0.2062483840631311,1.2633527438595018,-1.3602046675195605,0.038058988375081114,-0.8001554235637804,0.04780712475787745,0.5064892289035366,-1.1008656944439785,-1.5296034668561702,0.3334113064430711,-0.04773124567917453,0.9492390215259146
7800,5800,0.15954696404928695,0.3006672828331561,-0.38386189285359396,-0.9230822044721421,-0.11148674163035678,0.2356274834954427,0.6489458419735501,-0.9371791461083158,-0.3365523109374113,-0.3737726184457,0.2893303522104754,0.5254524628535238,0.40559767238743255
7800,5900,0.7477767989728895,0.7396792760798431,0.7974962888759072,-1.6770585610712723,0.19020426626413192,-1.310447969425441,1.1299878007079809,-0.24610165056870487,-0.9311151958465158,-0.7387522352582209,1.4484907295930185,0.5656949587761815,1.0229329700335525
7800,6000,0.9506639150671082,0.8996356537804058,0.7388834148197648,-1.3980327780858202,1.3741400573356581,-1.0531505734906657,1.0298972421946095,-0.9311576199983865,-0.44926391130647597,-0.4479470663485227,0.7608333906738084,1.0379068982537958,1.4629996857809948
7800,6100,1.1067230013171705,1.255879200720161,0.9076477399320392,-1.1623879683349423,0.6366197352065656,-1.2329414017193716,0.6681261133884654,-0.9032970037448532,0.9869286832320627,-0.664642893078787,1.009026006028159,0.5935804297428694,1.0821370327626636
7800,6200,0.14612942586644795,1.1919510000181588,1.1321943531659426,-1.380585758040703,0.9140983271701052,-0.9482866365523197,0.1542516765623112,-1.2186769005066704,1.3395697309520835,-0.6697970317012443,0.30135997082394284,-0.43578974303095086,0.40919101422797083
7800,6300,0.77340240533323,0.8289671800208346,0.7282720074593497,-1.7081145230932286,2.044218490390249,-0.8538220239607514,0.9842492143367092,0.026394553645356582,1.0598129474772036,-0.32178047128205955,0.8851735706712157,-0.42205772967805577,1.4866903392539144
7800,6400,1.3051511300231624,0.9021109288778051,1.1516719189369118,-1.0174454442893963,1.5061188933695038,-2.054280734190142,1.3939517230936338,-0.9490595355909531,0.8598326716991392,-0.8451713240752295,0.9117375938452051,-0.916338214247498,0.5595441475857185
7800,6500,1.696765620606377,1.2756147206582118,0.5306824165307252,-1.4601032564843608,1.1249070041004614,-1.0544308134933955,2.2970074975295836,-0.6785067113134556,1.4920230676904689,-0.5687086136818508,1.3411528075186623,-0.5057061144489282,1.4566624977009646
7800,6600,1.4354345845564274,1.427472187299712,1.5836367637134456,-0.3177434509268837,0.6868578760412366,-1.2467364136781083,1.9472421029632017,-1.12961475746498,2.3394028556225295,-0.20266815433928723,1.7977373221934694,0.3847061900477304,1.8951779785230036
7800,6700,1.7796028371850923,1.5822589649983352,1.3914326715692926,-1.1462476842963631,0.7733868398012456,-0.47258561315830205,1.7033885096299208,-0.7480892191762932,2.2038201625298988,1.7147419569928066,0.8883969694821209,-0.9624932271011586,1.7010183505688632
7800,6800,1.4313965627354923,1.191282338893009,1.248429535503298,-0.8970270029411906,1.4543842882973983,-1.0541983741607193,1.6250677652707401,-1.05634009858594,2.1203828394404103,1.5909787732304017,1.6562730434812083,-0.9899041284433397,1.6253589826866743
7800,6900,1.699118920753699,0.882275516055988,1.2994163839273851,-0.9444791027828053,0.8068760033580813,-1.3660954616613674,1.4893122455640482,-0.9922272971013992,0.9208757270298208,2.3045964934252656,1.5469911230903817,-0.6296596775107836,2.2123993257430974
7800,7000,1.45186225869745,1.5230566948914106,1.2588474487252712,-1.1021461233730068,0.8239643197098426,-1.3462153733984157,2.237639177720931,-1.1888712780781958,0.9785844735008375,1.5742900806056361,1.8471353388877048,-0.5059010828935407,1.5498501185441085
7800,7100,1.485457607823021,1.0417118992445131,0.23678099498483418,-1.0497217812586446,0.04789137433708485,-1.2916724034039375,1.203309725537584,-1.2008828384814128,1.8782516091728059,1.4471144574035173,1.6806785333708716,-0.17609484581648313,1.7426709241145044
7800,7200,0.6786872640738314,0.88470432409836,1.516633027755585,-0.8652340916296867,0.4888398785749293,-1.5664097630707985,0.9697696518910849,-1.2532839774401467,1.8445577227615564,1.4978551684487278,1.7697242745733373,-0.40306346447050473,2.10569152740314
7800,7300,1.1287771280588426,1.4387559691586391,0.6170047509788215,-1.127890707911077,1.3186515215267933,-1.6987528669061969,1.1965501324871162,-0.5467622315832399,1.1023527689278896,1.3193482619262238,1.8563388018201123,-0.40626267718539805,1.7378219350840116
7800,7400,1.1299477099051185,1.8234660107951142,0.4977629789232028,-0.39538054410459234,1.2179882694918454,-1.6725716502184573,1.880156891300986,-0.9232374541268237,1.1927049592386472,1.3722544759232234,1.4239416082766085,-0.7575795300889582,0.9237929983566943
7800,7500,1.236928436348802,1.5806831987175773,1.261247729034512,-1.6644937191847666,0.8844383792075323,-0.7692494132125761,1.617729080841816,-1.07970907750416,1.8792605315484738,1.5069577985490716,1.1470142129142546,-0.5480063915256352,1.42089337365758
7800,7600,-0.029472221168101602,0.34158087749955535,0.9732036110966621,-1.0589862281700382,1.498711399603477,-0.8894258579462945,-0.17215792020146756,-0.8647347680416185,0.9598489143925777,0.39313470921222526,0.35224364654428303,-0.4933023267526654,0.10992742750384973
7800,7700,-0.8909608913112677,-0.4489754834676842,-0.37838434826427714,-0.5081496743347933,0.41305833119191254,-0.34280986842533,-0.7910990624508387,-0.7632202951031662,0.706172244057616,0.526338623217623,-0.5194555212410437,-0.5654340421400645,0.304613255250998
7800,7800,-0.7254197288456466,-0.24466125408887077,0.8754367691031082,-1.2536751548464462,1.5977540796502288,-0.5102572130391282,-0.6272130209493548,-0.6463631597913574,1.082363525765447,0.9333388312292082,-0.6975226028435232,-0.3914561394606297,0.30085378695368664
7800,7900,0.06042628718969827,-0.1635475927103396,0.3741102269380923,-0.2903099432302528,0.24917637660674752,0.45666383976162656,0.3198092959767917,-0.3750602124879056,0.4839089684950096,0.36694886249443964,0.694811770768624,1.5876945299812828,1.0663694622840647
7800,8000,-0.18777994667469117,-0.6468238488515746,0.5957220683173383,-1.0780452201707336,0.6808282957724386,0.4086482252072577,0.8087841479693669,-0.17979953272674018,-0.383861597837003,-0.30863335084176696,0.05255970816557619,1.5737731170985796,0.18384397499233765
7800,8100,0.8006827249215772,-0.15428617580562892,0.42645770409141415,-0.9446319810927355,0.12636830382745895,-0.06367346608146789,0.18805958113639062,-0.5252625830225985,-1.0348052391993519,-0.18213468743957612,0.8300119551387115,1.2063103444492351,0.3736291304468194
7800,8200,0.9614593424937004,0.08908322494540313,0.30196516620287095,0.21374311428087686,0.11418142868611311,0.7926759567000404,0.3993338919434522,-0.4760185957539076,-0.20711823605946486,-0.06069328840541952,-0.4585828936745908,1.6650212980649604,1.1463978983989846
7800,8300,-0.4667258887113522,-0.22901126151776605,-0.09937189831985538,1.2514764407192027,-0.8151064015544125,0.5361571002070254,-0.83277427684783,1.2747074363714457,-0.8456308574246169,-0.1844628857228023,-0.9958505819027443,1.8684212671027731,0.21087988476746206
7800,8400,-1.2955724248589529,0.41735821953324115,0.3194659560718728,0.968929115412708,-0.6457532413759217,1.437561465242417,-0.6250698077752785,1.4871779565281966,-0.8041559836908649,-0.8856133056283618,-1.1098284505740366,1.7722251217611698,0.2860246545341414
7800,8500,-0.5343192220114171,-0.4241955766239297,1.4609591895490184,1.0930112866224821,-0.4258475813429209,0.998102181867725,-0.8285150233607206,0.41675769902179843,-0.4253052179368978,-0.9176905902606355,-0.9172063759717549,0.7285933430107656,-1.0411510488164868
7800,8600,-0.20962757610754995,0.22587824824527683,0.4912081989361843,0.7529464901463436,-0.900410725923028,0.822336115637418,-0.26616604951946066,0.5642672091171879,-0.17669700176113606,-1.3169616477122765,-0.2761547797329476,0.705017269640381,-0.5202632601054821
7800,8700,0.8508503074751649,0.5832945019530968,-0.49737378008765865,1.48715675156776,-0.8020356080458997,1.3449546331207327,-0.4785281256183981,-0.04000880660957483,-0.46417572676930985,-1.2786576260012406,-0.2536056880969853,-0.3788926642822275,-0.1768648602783672
7800,8800,0.4760526166270285,0.43507923884561966,0.038588999846198936,1.1877806035055023,-1.1299120878581541,-0.12586024227375978,-0.465665053475226,0.6000333355406864,-0.034007453608215193,-1.4035997857870213,-0.4349173611392687,0.03389103443230668,0.19478741685668888
7800,8900,-0.9253002063518893,0.30049495925173053,-0.5394945458414411,1.5718695083134688,-0.5011663252475853,-0.42397179700551435,-0.5412382067876411,0.8756950826322771,0.14109266808044388,-1.1204114045746891,-0.12628807014095522,0.6808371257774202,0.7049812986205328
7800,9000,-0.0030627431159088564,-0.3732076735842199,-0.7298080832661452,1.599807174649538,-1.4770331366056066,0.7757608751566036,-0.7805138598380474,0.01012400413375578,0.38690747308512613,-1.3033995344318483,-0.8923286565533758,0.32681182630230654,0.174799480683498
7800,9100,-0.9426841643785846,-0.6608058542860358,-0.2737852733355193,1.4891228563280303,-0.1956477815422529,-0.43192667153199116,-0.4477935049889541,0.362120162200866,-1.1775630929547354,-0.7958806842178732,-0.9651277620608059,-0.5078119196049873,-0.6392662256509416
7800,9200,-1.3943034335759656,-1.3965951975076716,-0.12894251867723075,1.6457628961323565,-1.403760139974035,0.6817422120815688,-1.2831843308009285,0.4975842906951079,-0.5605812280798677,-1.1538659359057322,-0.541546767274521,-0.11337988140829575,-1.0942506397444878
7800,9300,-0.37675876982853795,-1.0432371484272052,-0.7689744828636746,1.4504181964114808,-0.9632431784081819,-0.2491227088050354,-1.2193002662211536,0.6022690081075509,0.3100017149770161,-1.541657795005911,-0.9887470195113656,0.52855375635078,0.06848398387341378
7800,9400,-1.4713544459665882,-1.5638365341268818,-0.3222761370755651,1.3800319021819896,-1.4633481443898784,0.03173906603330249,-0.5978093052204235,0.8396227548928404,-0.09045639521945377,-0.9777058458125202,-0.8171859265443483,0.7691440585403696,0.0483592410000391
7800,9500,-1.8793344800308682,-0.4825477163731305,0.04692677426505005,1.1838758312579978,-0.430857681600179,0.9950528112172217,-0.3040485395424392,-0.4256029863550566,0.8394136977184189,-0.9381744492156554,-0.9508787331469605,0.43021373824470455,-0.5888955871138988
7800,9600,-0.05391264762689588,-0.4923718338364697,-0.3524390965673934,0.7861665224633276,0.7203222811405712,0.4587634885494949,-0.08197798693435548,-0.39179955145718726,-0.12612879379814923,-1.2605631452845172,-0.23519867611762055,-0.37934683817978176,0.21640957746105874
7800,9700,-0.373450061458181,-0.5593391353336957,0.5073887430364786,1.6420878830219048,0.39859514455163275,0.13344609213257655,0.1189276187040802,-0.4560390154995348,0.2561057367621973,0.06423645220318125,0.5475615660460406,-1.1655296519521396,0.6026984361448546
7800,9800,0.7814819860015318,0.41551929747764793,0.8732279046463285,-0.18771665477468322,0.43072745454563255,-1.0115703287638826,0.8642369381833954,-0.3798388042038103,0.6888882254687725,0.3642694931897548,1.1954653332171954,-1.629425106026458,-0.15648666280974782
7800,9900,0.1881904238177759,-0.5536970525448001,0.3966728834132262,-0.4983790477801493,-0.2668169359597014,-0.46581742406123483,0.03370953827058219,0.24840158546882143,0.580291883546596,0.006576278741517424,0.04942296741472611,-0.07884953505392543,0.27946180356924755
7900,0,-0.2106221760057909,-0.09146578825844247,-1.167825927438251,-0.561915752173181,-0.2602260701829739,0.3487378181970391,1.3057362984374703,-0.733782413511531,0.24745912302350645,-0.5060539491366698,0.09247424562151117,0.8065906709197369,0.8553191026056198
7900,100,-0.3284439675926201,-0.01720837235844439,-1.5209488642494657,-0.075438583996063,-0.9076855944420116,1.335707758246033,-0.809419365608798,-0.30778781126407234,0.10508419630415892,-0.64723599613682,-0.9313427394912349,0.48211139506194345,0.49557612955727387
7900,200,0.45780704139261325,-0.5411166326242254,-1.5266980020890235,-0.12074401768795429,0.04314657932189193,0.00627300242649447,0.18966581934515445,0.3192718453418625,-1.2102560696917872,0.13338922650709487,-0.1996906545384862,0.2831417487822183,0.4720798535603632
7900,300,0.6161435518563252,-0.2934329854896702,-0.8129148988378758,-0.6128119322519637,-0.1349441563515451,-0.7160027696203555,1.3162031951040918,0.05786917016644124,-0.05213440284371789,-1.151210735512893,0.33593322785825613,1.0518216619508447,0.1786418710676008
7900,400,1.2588288192904642,0.33572318109853394,-0.63233176270058,0.3064358813326464,0.5987767589655405,-1.1448565621768916,0.9915022620875119,-0.4148320707216754,-0.1390407911455128,-1.0699175193179877,0.5289206766027995,-0.18601157194232057,1.2010784158018306
7900,500,1.1201915372244442,1.6353501079885844,0.3209300125006017,-0.6180766100751891,0.7716906052389629,-0.06443332511577991,1.2188875008157722,-0.4574316605560972,-0.9550322694066278,-0.8741305569212184,1.2685431898196582,-0.7397296023286556,1.1270742585049285
7900,600,1.0248044390675979,1.034084396750228,0.2920963377031247,-0.6606849135163412,1.061569943647971,-0.9564918317072771,1.1801431880822615,-1.0198400004295483,-0.2531249426560449,-1.0461437250448467,0.7049068272443375,-0.9272434451757038,0.6959002585691705
7900,700,1.6222969760113437,-0.5609509508353718,-0.16246950467292245,-0.5225777848440222,1.0148025788641821,-0.6627429323783466,1.8843595221486924,-0.8068328977355442,0.028648874267585923,-0.48422313908358056,1.5714246254963185,-0.8586081805640038,0.5313996599489096
7900,800,1.44018477386005,-0.09457009570616698,-0.15584529920602166,-0.7611905476797763,0.4537563144899206,-0.22754771811244678,0.23106243903718868,0.001694665010843067,-0.37588507313835146,-1.9237034298161229,0.9403362071501794,-0.03572272066976602,0.6365168076761583
7900,900,1.3325997663024016,1.0277273827236948,-0.6305068270424038,0.12277335151977574,0.7028243074103692,-0.318692548737307,1.271918029202931,-0.7289309481454361,0.6401690739280074,-0.9748954425223194,1.4564189959157359,-0.8358457948872832,1.276476773287748
7900,1000,1.8220710889479248,0.9482470035741422,-0.7981428295005942,-0.7679530956803814,0.2522212398331772,-0.8708354656148838,0.4206997043818936,-1.3598716243128937,-0.509978100502671,-0.6744163804063009,1.4093502223403314,-0.5893032490515672,1.2300466602898872
7900,1100,0.5910276089860353,0.2829296012208099,-0.30405940447254237,0.5027767152790332,1.2758782001072946,-0.7128180126472121,0.6774713893517067,-0.874471330309865,-0.06287832894283396,0.11546506160287376,1.2336214647186157,-0.36827257807944813,0.23627199006307914
7900,1200,0.20490267068838428,-0.11761365212685683,0.18852697182763667,1.07614398417726,-0.1881932365716624,-0.6140957373637593,-0.06019337240533982,-1.0038646536254625,-0.0005903425985470467,-1.108608477519159,-0.002814864837075917,-0.2835168381564572,0.7308888664090327
7900,1300,-0.1262360733851159,-0.7110506313053953,-1.1541138661087333,0.6788764106316698,-0.690320517531279,0.08147431729848476,-0.6545193098206685,-0.0027405259905907875,-1.4883143406782982,-1.1951803128347775,-0.5631713804772643,-0.34237776012748544,-0.2742982734597031
7900,1400,-1.4257230469956301,-1.086996929932663,-1.3298080145169864,0.9247819785477622,-1.3604892142810663,0.8496425576367437,-1.4881521232682946,0.30340951475248695,-1.2210296935823706,-0.732892205342722,-0.9054746006412623,0.051114672270059586,-0.6992489486556219
7900,1500,-1.1281368916867163,-0.8927425891946765,-1.5746397172559405,0.5519428871063182,-1.3605547472132067,1.9936227817324423,-0.9721198134177448,1.281017258647585,-0.7115233475585989,-1.2528311470117366,-1.6111615890799011,0.4032757992639973,-1.7326918121897883
7900,1600,-0.8547742059897949,-1.242992055683857,-1.0257957875153194,1.4067833551492244,-1.19772579448075,1.2796207938020543,-1.2744661403268134,1.8491882137479358,-0.4432847712953942,-0.7203402416367969,-1.792313147917786,0.6228791245811618,-1.735808362901894
7900,1700,-1.65190819389398,-1.5937647916609001,-1.6536643001622144,1.3332215041427367,-1.3229643737954289,1.792965289115276,-1.7934556229955578,1.0644937247293502,-0.6715506205113786,-1.0382659917438124,-1.8324016872915236,1.6111853158828657,-1.3540830567035802
7900,1800,-1.7815621263634385,-1.1800797791204618,-1.445785945820273,1.701860558575608,-1.2376155384343592,1.778907020219792,-1.300338150859278,1.4394969185482764,-0.7530815182623221,-1.152730838214109,-1.5397446978617888,1.1758475999814755,-2.040221547925597
7900,1900,-1.316725004800753,-1.1733324633022923,-1.0931715653496346,1.0413853400955673,-1.1855089908905223,1.865391210843258,-1.2401896995743318,1.7834969805999448,-0.12475042389211626,-1.2358249089893871,-1.2966251539807347,0.857132451172677,-1.2995688553668816
7900,2000,-0.36836389108517703,-1.3522129239134897,-0.8214198483041896,1.833228641430611,-1.4700977910890638,1.3818421785221597,-0.33933965847427305,0.6495739109476465,-0.8614896390743498,-1.138604579241495,-0.8021792383167351,1.2029131997947884,-1.1127433210023576
7900,2100,-1.0630036275154497,-1.3844455348229554,-1.3069353098343641,1.75836970991498,-1.3883835314480835,1.3552983639464888,-1.2023708875905088,1.4657850844815161,-1.1262682616332227,-0.7461180833643009,-1.1870595477751933,1.241012584533564,-0.6677909656737726
7900,2200,-1.1728342316505076,-1.1549151051141968,-0.8040078532699695,-0.08430218822825752,-0.7226268052887072,0.5102166389014852,-1.2772624987859333,2.0131890322278165,-1.012914098311779,-0.4927443811925965,-1.3708093931315657,1.0366048897663924,-0.6927756420313178
7900,2300,-0.9333879913934828,-1.1026911880278516,-0.3083538495948927,-0.43266025706295685,-1.4081490141154416,-0.2855154311108469,-0.9108717531903181,1.0569378438002575,-1.0616727921064495,-0.2650693494677,-1.2815106544087411,0.3530853117132118,-0.8882829346285763
7900,2400,-0.7511276982249718,-1.1691556325191015,-0.8992396450826811,-0.8864811629819555,-1.2011017744919537,-0.2696409421839722,-1.1596245797238456,1.3543551135955543,-0.19908040540619662,-0.22820251009122386,-1.2920652224170182,-0.08437356448509323,-1.058013683749085
7900,2500,-0.5836995389147607,-1.4016108947481694,-0.7083533875512225,0.3758863223357728,-1.5274293220825905,0.7079132081752624,-1.0844455524791559,1.0679808369560484,-0.10470985089489747,-0.7464483270632191,-0.7204478265405226,0.6562544482247767,-0.6692010463584499
7900,2600,-1.2627327051152448,-1.3741598615245072,-1.1519630532304261,-0.18939886557148855,-1.2255771394654347,0.7702472182355496,-1.0823298025247967,1.0264348545522461,-0.5065824747839578,-1.3418294868125522,-1.37224900819402,0.7213164010221721,-1.3375894371228636
7900,2700,-0.6826008075848224,-1.362923524790211,-0.7384500900645458,0.5564640931567043,-1.209993950112613,1.1379293470662688,-1.3837514683103427,1.5469611546859612,-0.31917364747934945,-1.3381731428864134,-1.4534053886993306,0.7385927704784577,-2.0601317546062514
7900,2800,-1.7857217936711938,-1.268948942471455,-1.6794517155439712,1.0505217133521931,-0.8107986166926242,1.4320758240827498,-1.021475111273269,1.495410277675543,-0.8367365255083169,-1.0104609732958003,-1.1057743457006255,1.2991333157902971,-1.0623622932339147
7900,2900,-1.3142515556078658,-1.1617750192615797,-1.1609079777116706,0.8877809790057203,-0.7313230659110161,0.8871779473074767,-0.32888401490681185,1.4283045238892331,-0.9096100652068986,-1.0365085132974627,-1.4833849168239828,1.4552334157242095,-0.8838998356310745
7900,3000,-0.3336376361257615,-0.6992963019949967,-0.8441402272465991,1.2866766301824304,-1.0096004777702532,1.468630015630812,-0.12394794596908222,1.7260042633668318,-0.4849484029000267,-0.7815018548982464,-0.765307122059433,0.2736107392774903,-0.6691881395785447
7900,3100,-0.712704070645432,-1.3163458782151207,-1.001378585930362,-0.1123716677581987,-0.5724556349733281,1.5427939451093204,-0.5504730768605611,1.5377555178472186,-0.47045920080740955,-0.5564406658517524,-0.934782889906826,0.6432211995514745,-1.2521374170247055
7900,3200,-0.7719617970335878,-0.19875273779480782,-1.2774392296677115,-0.1222968784890561,-0.9479220829898285,0.937206473627239,-0.2057629529824339,1.5125537707381735,-0.5383986045297517,-0.651644932054025,-0.5166910618862194,0.7820392609325311,-1.2332742797513108
7900,3300,-0.34899075843571997,-0.4131046320122743,-0.5663172871631315,-0.4886954899778151,-0.573532438795822,0.8665414638997951,-0.3344956295869097,0.9363530520471502,-0.1449584628805278,0.06699978159439658,-0.5938584869282554,0.886963002230657,-1.2651656633562443
7900,3400,-0.5454929800991851,-1.1439597655126694,-1.0754469225669416,-0.9202358487988397,-0.8454752442902695,1.2356293133144896,-0.8165463287792042,1.5595746981548921,-1.3503802264356706,-0.7867653305979263,-0.7688407609001076,0.23356653955557827,-1.351680967485285
7900,3500,-1.1182971495452803,-0.5898551501498087,-1.3024253225382836,-0.09977650136664959,-1.162295151819253,1.4438868092073744,-0.7848087026823753,1.4962314643956762,-1.7392665796746853,-1.9377117955634966,-0.6517568049969735,0.7711832807922807,-1.017881075861484
7900,3600,-0.46400662336892873,-0.2152695112606997,-0.28840529958838484,-0.21039352114269105,0.3165263149026525,1.4020989061873361,-0.7860327799565189,0.9426679827315332,-0.1704023327058183,-1.1338215266223974,0.19241540057873094,1.2141339613714133,-0.7507640925032829
7900,3700,-0.5536047531110099,-0.3470237687706233,-0.4862586397549505,-1.0499330878404207,0.3194466203426539,-0.30773738291157493,-0.5673577691572126,0.4532677957221285,0.08438046733899457,-1.5873581556379082,-0.9304618426028298,1.1870625664095262,-0.43253774013978336
7900,3800,-0.6490024559693887,-0.3295955775317117,0.025850083929878993,-1.0518450516897806,-0.20165464828545535,-0.4340564550992983,-0.3320397157418293,-0.110245579303722,0.8448530092322298,-1.964616311523609,-0.7267090497069547,0.463963438495408,-0.9117278211425884
7900,3900,-0.6654462615366946,-0.10900087886484058,-0.45677044223596286,-1.0272894059801638,-0.16055692103490338,1.125624015403814,-0.5882490961021742,0.08158222435674808,1.6734803804131082,-1.6918727691070883,-0.2104731803398575,0.19647120912028015,-0.7852969597067868
7900,4000,0.4527401148275951,0.9460297200321013,0.8631900575092664,-1.6144342232680717,0.04085564441498192,0.08582342664941355,-0.18901213875843237,0.6196837427424227,0.4365708707548524,-1.195427217904127,0.4560119242456251,0.9394805621770888,0.020736689603400676
7900,4100,1.176485738509372,1.1656787107035949,-0.18617598642551678,-1.2187642503665077,0.3265851985876348,-0.5893326670372458,0.09182703865907503,-0.6821232728196037,1.049681445203382,-1.3286062851903897,2.0670945145084354,-0.03185085735591402,0.894258299389849
7900,4200,0.6618302020247661,0.10024958614722645,0.6068712788855037,-1.1563445832898513,-0.20277069090499844,-0.7173568400335036,0.492752711070071,-0.7317812299489984,1.530548635461948,-1.359145995776872,0.44829027558174583,0.14075142996409373,1.4471387004708536
7900,4300,0.2166725435797906,0.508347930753121,0.928319315760533,-1.231805689611318,1.1510099581975461,-0.6779136791043462,0.6435851973746626,-0.2930252608799684,1.1961314047762261,-1.4978825992951492,0.8054365473579337,0.32858271798671207,1.6650783520010726
7900,4400,0.0014545339223392898,1.4046795725617585,1.5202684849418389,-1.149224738618201,0.4720986907162611,-0.8873456266095225,0.2331609666937052,-0.23115034709749377,0.9540667271863674,-1.3472427808964824,0.5318878008300136,-0.34682690641849934,1.4710392024420142
7900,4500,0.890908822283158,1.2989515765712942,1.1228374804745416,-1.3767970676351267,1.6805011088911128,-1.1492072830205022,1.3081004257092954,-0.7491182360256217,0.7990149986417974,-0.6243380416984283,0.6370049969061597,0.6681172774417268,0.08135152353184333
7900,4600,1.306723299288128,1.41482671684386,1.5769133942769449,-2.4857290241235077,1.188173819099072,-1.0715237583234087,1.5717524273037924,-1.4152155681362153,0.39462262925058533,-0.3235335105262051,0.8191146723270998,0.3960023412276316,1.6739963389187806
7900,4700,1.430036234695354,1.8372329218216115,1.1982371096727693,-0.793154276979818,0.9649894895372128,-1.1794265518524856,1.4784677036941487,-1.2188708133268134,1.2714725728038996,-0.3835905714785542,2.061696694547576,-0.722061428058968,1.6342997718690542
7900,4800,1.2104418153360115,1.6341762935322628,1.364147257721129,-1.0527867489236586,1.5541641704853733,-0.9218786447919252,2.402248830019556,-2.0442578944076937,1.3053882617785826,0.48897450587363805,1.692702551893775,-0.9459585494234147,1.5040605130538456
7900,4900,1.3206342832928575,1.4578095860031082,1.7495197077000524,-1.5818466502285415,2.2470042974286866,-1.2713531373796614,1.667789474717691,-1.246506547812779,1.8315627097149925,-0.1522300222072815,2.032922709901941,-0.9005366895663527,1.6426679745367923
7900,5000,1.5181453711569117,1.5344944118563792,1.0542224284131236,-0.8722085839006951,0.4696284141818164,-1.1190920202882417,1.931974506741555,-1.7109084829723626,1.0412906278168375,-0.10382555004559811,1.861553636334086,-0.44088925406962826,1.70121711749104
7900,5100,1.2095462819385991,2.149547175390165,1.623712646530323,-0.1686988730820449,0.5129649318842898,-0.6298710254630574,1.7814037576975175,-1.0102649689396008,1.0808402799126653,-1.2340862957474532,1.1776569273452684,-0.6318541179269933,1.8860286821953258
7900,5200,1.4628132752979062,1.8506925769571598,1.1907371026252396,-1.1669905685397457,1.0077930989461388,-1.706074308104523,1.7910134350823346,-1.3772384755928326,1.329038633832764,-0.48484553473800135,1.6385024566439987,-1.1950401797500272,0.8952188081171447
7900,5300,0.7419891795105493,0.8655225641955241,-0.9004006919854319,-0.6244160213139085,-0.27299509934824423,-1.0788530795627587,0.2224347747581956,-0.9162436094927263,0.9966510896076904,-1.388226166232237,0.5765471782071101,-1.308508690070551,1.174511627894827
7900,5400,1.0340767942303428,0.5354053868442968,0.7294749832825868,-1.1171000662123296,0.13195010234618584,-1.0245494131034423,1.3667323118233952,-1.0395398304932613,0.5689492931824557,-1.074689282085538,1.6572500313248495,-0.9876509118786089,1.1137624065723377
7900,5500,1.101752864884891,-0.450860338052404,-0.39484038850107667,-0.8707211638513028,0.029150421629394664,-0.18353596594530341,0.1773255997071338,0.169943567280254,-0.30909784346388547,-1.26030848930786,0.26657543321515303,-0.05196191096147096,0.7946879928103014
7900,5600,1.4346784560269443,-0.33178329819440594,0.1358799248901471,-0.8790210203399282,-0.0737652241409242,-0.10799037032905277,-0.07011664829127795,-0.1382700341783035,-1.511515158519142,-1.0264958390633194,0.5064370213107575,-0.12340624405345955,0.21823930964865398
7900,5700,0.3964182754690061,0.11425590254642297,0.3241441341421296,-1.4717543717757038,-1.097366288800408,-1.126836969264532,0.3587963192967818,0.1516409418670499,-0.8378316480817509,-1.4551983947290397,0.7753328385318572,-0.38471616585441315,0.31473300898813467
7900,5800,0.33980159461273607,0.8695032909662965,0.8764895596920597,-0.4368371586877254,-0.16100034275941238,-0.7480964571613878,0.40694924223529577,-0.19088547386814883,-0.6518443373761744,-1.291088155039224,0.9455788240257066,-0.25148906019793754,-0.011432395226267053
7900,5900,0.8549945905965692,0.5183158509300512,1.5496281564714343,-0.8070075372069038,0.3925476855061945,-1.1104194869359698,0.998895860220658,-1.130693148485478,-0.7642141588337168,-0.6787168663725897,0.6707648897582218,0.13138717895768914,1.2434700770032152
7900,6000,0.46358405099500277,1.669716635648776,0.7249368696413144,-1.3357016122453271,1.912079287167414,-1.0934374766940647,0.8074859192687832,-0.8947957543560154,-0.06812264923764946,-1.4348458500391748,0.480077685959971,1.080998251394147,1.6304304763267607
7900,6100,0.5218521854311118,1.4399657457712178,0.8669407163020119,-0.8671367002486988,1.2895541392652863,-0.9531104450109341,0.29237192269869033,-1.3856764310017848,0.31076457249970685,-0.6885044919748179,0.7954626812605035,0.01868160190223998,1.4057370992024425
7900,6200,0.41312431989954784,0.43156430486598074,1.8381973132010558,-0.985409928819581,0.7954912876566976,-0.16848116017296066,-0.07043045912620444,-0.19637640741344073,1.0966404354419046,-0.6048362501546737,-0.24546316553002484,-0.21234777454932668,1.387287747798902
7900,6300,0.15572997563208324,0.8592028052059497,1.5369299549075381,-1.3162695795724653,0.9663808651156149,-0.7521585065796749,0.22051030651699474,-0.6875803091200325,1.168527361284204,-0.9294359680321864,0.5735395420264421,-0.6133273481153751,2.117525178946933
7900,6400,0.7555855027791085,1.2289311629027169,0.8084923528292554,-1.1646565204750983,1.4158858978621598,-0.9095794512765079,0.6132654563709823,-1.1146669025757978,1.3396603588581675,-1.5782878663656041,1.740354838397692,-0.4777954969785553,1.2294576497656684
7900,6500,1.5277384432362766,0.3489724108605804,1.0418439612087373,-1.178252328498491,1.5330829862567779,-1.1298177080380856,1.1313899539498684,-0.18572245248952404,1.5448027865036904,0.03840030588873047,1.2435921853355947,-0.19452533926443152,1.5463834213360343
7900,6600,1.6214474449627545,1.504302890683279,1.730396193929917,-0.5558219704755992,0.8765242244066803,-1.07658679154464,2.003631896238617,-0.14986462954966878,1.2168592985421047,0.9233272870469881,1.0622211600945857,-0.6387194340315541,1.7553072543124475
7900,6700,0.5820124969764501,0.7499239130275746,0.8684742771227737,-1.6416647823030561,0.6381548559923217,-0.5345056310404697,1.390747216925654,-1.2247803472543806,1.775924791652167,1.2917831549754213,1.5009802555471021,-1.235680474476687,1.5823321389978828
7900,6800,2.061675713998846,0.6621468179172616,1.591081844742368,-1.130811816069507,1.3127069942016898,-1.1025396458005057,1.6200826515383573,-1.6864021598056376,1.2963909338985014,1.8210287817927588,1.2094283270227653,-0.5755818532550392,1.611811726752981
7900,6900,1.4917294444219948,0.7006987278530907,1.5051042745412537,-0.8407734677929692,0.9616486885067244,-1.137533603124619,1.6348171141686805,-1.486473641184178,0.44038555100021465,1.1643828474952744,1.558405292897971,-0.41347147386960503,2.184453421980047
7900,7000,1.2418127272498745,1.0124276874072906,1.1392518845001314,-0.952506239485924,0.40408417481353365,-1.259571800713264,0.663880110454691,-1.4797897516386007,1.1027810267269882,1.5208648653139132,0.9849547942897776,-0.348251784985865,1.5022979660850269
7900,7100,1.2511020574572032,1.5121858230795584,0.6197234012235252,-0.22706639353685484,-0.31888246562238587,-1.4187695986839803,1.601286460495526,-0.7049970404483931,1.1248353587806876,1.3529538306566715,0.29378081685336876,0.3708867750648419,1.1520004108837223
7900,7200,1.3190817680993212,1.1215572106595766,-0.40142954128119984,-0.7420928727226519,1.222184034580935,-1.2644368139459374,1.2082222132252158,-1.6605324276600262,1.2715119546684923,1.7054910417105562,1.683105590078579,-0.8774570557416997,1.8216133672639494
7900,7300,1.1246939501228834,1.1463836625353816,0.6170849197309711,-1.1990853312100107,1.3153028829389128,-1.6090436423315937,1.0916201493101823,-0.3532656167729183,1.8657042636934533,1.2274722298889238,0.8184319871477622,0.402843506479597,1.6032070213142045
7900,7400,1.1681942046549314,1.417408387810426,-0.13115031967815116,-1.2314281268269602,1.3247631034053096,-1.2319938373622008,1.9801803341074806,-0.8413842956707358,1.3164672797272239,0.7479985853174158,1.4555144871910657,-0.5212223691333117,1.5533797895038555
7900,7500,1.5491566234218195,0.9873788124164754,0.9996789956616644,-0.9420060105210996,0.6400090392172103,-0.3061316770700604,1.3654619555556087,-0.7898358670356597,0.9365046822062718,1.5593717230929138,1.4354906031268637,-0.3229594682135583,0.9194773298559098
7900,7600,0.31157142943833804,-0.2527249950421869,0.3299592857537002,-0.6259584428233848,1.309825306748544,-0.793354964515644,0.24074238912328771,-1.192012101168035,0.8875544836774658,0.7214614648233575,-0.12870668391798593,-0.6559426915149861,0.8944947968681825
7900,7700,-0.6756123169792843,-0.15553981762520008,0.29436610112337386,-0.616168839785534,0.8117218918601163,-0.42119501382604196,-0.3884009017436059,-0.2693222748599314,1.0059168272755428,0.6697309759084618,-0.18605789365152808,0.31264233677368974,0.5811062975325181
7900,7800,-0.5998758998772282,0.14628303213337432,-0.21150681584404196,-0.9586292026668619,0.7834300010400934,-0.4628995772945326,-0.1407740023417516,-0.843270731436597,0.7242683307997387,0.3680341453019792,-0.5619511186978787,0.5048872126308005,0.8513831094644797
7900,7900,-0.5035837829405004,-0.3521892346782208,-0.6197524153960529,-1.0839907963679682,0.6518574784611649,-0.449342988058314,0.1610691007767824,-0.1873096568438593,-0.2736119445535693,1.1648344469231506,0.5775853874289206,0.9349796725222002,0.7438667969357088
7900,8000,0.11242651346220056,-0.5606936051771961,0.3630837969883681,-0.8915098270381793,0.2943642070739,0.2725618273176895,0.9369306153780109,-0.7123895737284094,-1.1102795414016824,-0.27242209231213155,0.6869005313291491,1.2515719243751326,0.949658323990879
7900,8100,0.12974409327473166,-0.7779601575553916,0.11115780602359816,-1.4899339486428458,0.8162024755124999,-0.20007615023387043,0.7780996805943863,-0.28252242009006623,-1.391830591571674,-0.24826115950520497,0.42250181831937117,1.457490743344091,0.10777097988422288
7900,8200,-0.9298456903742319,-0.38707016201867234,-0.23129434820330885,-0.31201008527140234,0.3084425259612177,-0.17249194802146203,0.2770615412729642,0.20257450754342254,-1.0979784869374625,-0.434327479840047,-0.07062758057368335,2.1665537463567435,0.6213420841758299
7900,8300,-0.8095486526719325,-0.49887060914796544,-0.029661429020904784,-0.1865820925679324,0.06151573601615406,1.3963667020364279,-0.862090348715876,0.5653287012193028,0.31613343589781534,-0.09579697782758176,-0.4653284400301477,1.2167156951027172,0.8803940454706013
7900,8400,-0.8786522548979221,0.034485717489674585,0.5531141292635321,-0.0980027400784492,-0.548971092329716,1.9023369069530964,-0.9116208927769976,1.6988902600152038,-1.1132082737556015,-1.3287437237159307,-0.7769551576709012,1.2165606846930717,1.3007498889570706
7900,8500,-0.08011222727825233,-0.33385950957746585,1.2422151188949477,-0.07677682274576626,-1.090762178899854,0.942067653858013,-0.5352860163129917,0.6525037218231915,0.7780377527602323,-0.8506438900855797,-0.20673578303259532,1.4589010499069792,-0.08097351157002004
7900,8600,-0.33772892453235026,0.6813595245944085,0.3041711036332575,1.5318935761709698,-0.8211301612269054,0.09459109472271957,0.31332318638942336,-0.4167210696021803,0.09292786545297128,-1.1340550878507147,-0.8232750201018901,1.2682211778212644,-0.6906351706261867
7900,8700,-0.7384198443164851,0.7203379555590812,-0.4064045942805872,0.604988354029282,-1.2647788696842341,0.27999938634173455,-0.38480224354480613,0.5492472984587107,0.42764326481064424,-1.2594982433996538,0.2925217486563887,-0.07801605004219436,-0.34979361762918515
7900,8800,-0.032596288949425664,0.311975627252695,0.20958922516507206,1.950097619065388,-1.0623123828492906,-0.2520777739476613,-0.10569894409643789,0.5301850004904064,0.8548634788324733,-0.997824558403362,-0.5189399955370951,-0.36336636945571366,-0.005787467468427069
7900,8900,-0.7736113039167478,0.018533423182902475,0.22684848382400188,1.7788284648992905,-0.5811642549456103,0.24832134768086492,-0.35837619601387777,-0.15469172465452302,-0.14866120947438455,-0.5603882726811338,-0.24988597148758998,0.8523469325202995,0.28433164873833966
7900,9000,-0.6151180745492907,-0.5275074388535111,-0.324638834493903,1.144365937066733,-0.6121856069548659,0.9625010140855383,-0.4002204104031338,-0.19929356318293562,0.5619287529742465,-1.4544175563137751,-0.9365767323052975,1.2819023180477123,-0.1226883500023238
7900,9100,-1.1116269408186994,-1.0577314055892868,0.8305836312924917,1.158645925141842,-0.8983534623638535,1.0729040351074957,-0.7585432746196008,1.0082063671861843,-1.1500676158273402,-1.2158293674632061,-0.9926897294306967,-0.19713348958595833,-0.8055094607027605
7900,9200,-0.8146654852018154,-0.6168885447391786,-0.10643499333004347,1.1438275832638034,-0.9835370236404963,1.5535725701853011,-1.0508630966440733,-0.11821057776077795,-0.6462468350607404,-0.8643504332572435,-0.8826620892453427,-0.11014770377524616,-0.3681653930920384
7900,9300,-0.7682350870850606,-1.6396981126419374,-1.2722010525912095,1.2619258267438018,-0.3939091569451704,-0.1931619398555536,0.05735695138542857,-0.5485632368893006,0.6539748759124739,-0.8944962310490324,-0.9614435968425389,0.2915819963540752,-0.46598233848781356
7900,9400,-0.8131767983942507,-1.1221391745481577,-0.499227676173092,1.7901760069156596,-1.2551681258712992,0.6600881724489305,-0.8188894952348018,0.2653370091003463,0.23583131690799677,-1.2434208360242196,-1.267888663828602,0.7331309058119133,-0.32210899630619455
7900,9500,-0.1864024595452056,-1.695366971210733,-0.30750621637508296,1.0561004901471345,-0.3701111690157097,-0.18223462353207265,-0.6681598124119157,0.40939217653754345,0.28018867978576983,-2.253213116078378,-0.46166428802072246,0.4138592902888958,-0.3053579693458223
7900,9600,-0.4604368025306689,-1.0510142977494041,0.011624085370711204,1.3737970915225646,0.37161931862494985,0.046331982555145576,-0.5380736103548323,0.6384141599735071,-0.5325372945768856,-0.6504152557942587,-0.45719732174345223,0.14837984220632391,1.0222496117127713
7900,9700,-0.425040262594658,-0.5627182861825523,0.8612909494673026,0.9335269147192901,0.2212979490168547,-0.0797521590804876,0.06008449888782277,-0.1589183793213147,0.2250289229495207,0.14198628711477088,-0.2510948138914998,-0.9701020475749496,1.0241067978073748
7900,9800,1.5935410337898304,-0.04042037264170149,0.21101171628858129,-0.17589464674277824,0.34668319643933027,-0.6031361617585094,0.5396502379685459,-0.5756001077546614,1.4024346126151457,0.10922387901049388,0.5837516516829488,-1.517950538701063,-0.6453509140562654
7900,9900,-0.3230492844028419,-0.2712993759764995,-0.281577376982306,-0.20435607233117664,-1.0469113348192172,-0.38412738575417227,0.1065439964980274,0.40041013205209713,0.8446676008925115,0.015239730521254432,0.10514532093901453,-0.6367487298629431,0.4941374606450123
8000,0,0.2739952355259778,-0.3924879575050791,-1.7497414827537527,-0.7695212118039436,-1.4656083861025833,1.1342886161480707,0.6579253564466522,-0.3875284641806247,0.1925923298919448,-0.7764744677184964,0.1635846292238146,0.7938274130177004,0.6472171780828404
8000,100,-1.0214513682016,-0.05028350937911726,-0.778989482228719,-0.6691250417809625,-0.17902389933294302,0.2303430522390807,-0.8455338927772836,0.003441017445929012,0.7023137385339977,-0.9758715670447731,-0.8030746636142878,0.45504477710859575,0.816524213627576
8000,200,-0.409696082786248,-0.5032507029448925,-0.7232369995697907,-0.95982046978198,-0.43107948256862216,-0.028011336614507026,0.5588011288570875,0.5807900278450001,-0.2659673430938137,0.3491007886007241,-0.2795024723501808,0.012191193318316482,0.737046431523512
8000,300,-0.052008463203150494,-0.8327921492641093,-1.16026887813423,-0.3302052091065806,-1.1823864706932823,-0.4352387755898966,1.2412269061169385,-0.11907343004831508,-0.5857605307626809,-1.1365951813992539,1.042560038222151,-0.6134162344274663,1.3480441955797962
8000,400,0.17893163131029668,0.6694928808710144,-0.6640026098977746,0.04911067600198515,-0.3017294649873943,-0.37583037487046156,0.8377916145816313,0.8268488754550612,-0.20152440696994886,-0.8954033198951261,0.9827737007814228,-0.5883228142867398,1.381318540764133
8000,500,0.8492076386329764,0.8414414194376009,-0.44882481269175295,-1.0376545601694613,1.4268658767211446,-0.7074974981151372,1.117962840652203,-0.15863858935214498,-0.6929490295138488,-0.4914428757635147,1.2515744565568219,-0.1830079740120045,0.6866365826288247
8000,600,0.9988509640256371,0.6633817612054698,0.27344339458760747,0.19740891050594236,1.235098438385691,-0.18613306043671024,1.1104852568308623,-0.7771090888060026,-0.5494537393909671,-1.391248832419054,0.4165668640331144,-0.3754404072855693,0.3050823337527625
8000,700,1.4058103091731153,0.38305701555382665,-0.28558161197052095,-0.47385933496709737,1.1280706179180078,-0.3867893668711771,0.5881903280072187,0.9407151963858971,0.8920293165760683,-0.07798887335661048,1.1402575757584759,-0.44754625717819935,-0.13061065641720854
8000,800,0.12725593681402467,-0.5170222730915179,-0.7448962865554302,-0.13922632395600182,0.7519343980023259,0.4610986435107894,0.010410386527872477,0.9655530434013985,0.17652180027250614,-0.8738053303210773,-0.24917682833857774,-0.2629037008855056,0.5175628052403222
8000,900,1.3162829465364678,0.4029741504461774,-0.6659492718792425,-0.6635246416734586,-0.14848999139551114,-0.4468538622748343,0.6512232529173834,-0.2699816057537583,-0.27039279287034795,-1.0751630014147764,1.6057293907989645,0.6144483479277785,0.5063348987510023
8000,1000,1.1622107093782805,0.3237928560489109,0.007606809719772489,-0.4065739652434916,0.6510666497590366,-0.7910300383176567,1.176438166515411,-1.0942887384862572,-0.012646285860359546,-0.3603094191741144,0.9543896451808113,0.24556501170792175,-0.06325852362665052
8000,1100,0.6963757803395586,0.18402380221392362,0.16753883959985633,-0.5921071040912127,0.7496544074786634,-0.4849175228143394,0.4754455141647609,-0.6468538683197109,-1.184748916971082,0.44631235553387194,0.6544189778280628,0.13808945281193588,0.7357008510188757
8000,1200,0.3986259119839767,-1.305453670393702,-0.04855379848839039,0.7234748042839894,0.1723722137369516,-0.8258000865154805,-0.2923571124705417,-0.12461645492884368,-0.6164237651731213,-0.8140258022729249,-0.408873497785374,-0.3808389755576527,0.3484022897796687
8000,1300,-0.7471419576913763,-0.7592962744720713,-0.4208459702651749,0.78372370208477,-0.6154691342386529,1.2254065255779396,-0.6902322150295485,-0.16959264906759702,-0.2822215122790862,-1.0675261183021678,-1.0043932823209933,-0.06442678337286983,-0.2972214864447164
8000,1400,-0.5392074458617867,-0.7734278484902372,-1.4155792322798109,0.8400975545461182,-0.9891987886106616,1.1296473242995735,-1.0217915727587323,0.7434005965340837,-1.3734968183129657,-1.216272572429819,-1.3472307499887963,0.061161606222551484,-0.7623430618816218
8000,1500,-1.1305652318283328,-1.559174027760506,-1.282618524648509,0.7498420600408991,-0.7824710238237479,2.0836795125186813,-1.8118589779901622,1.7570426898170934,-0.6101568695045658,-0.7986889458618323,-0.9546941941328281,0.0791059758566207,-1.2762394350601263
8000,1600,-1.43151284982246,-1.6512232402048177,-1.1458310266954748,1.8256137010491735,-0.6642962003501587,1.8059752920959855,-0.6784737047088449,1.5355603472140718,-0.32187374350773784,-1.0031469173304401,-1.9179529066338818,0.6096633584885851,-1.5621789837998723
8000,1700,-1.537400149975019,-1.5716533613727712,-1.560075046636047,1.7877371072822406,-1.3929207208133425,1.9873246867421237,-1.386798859723859,1.053100595983501,-0.9587640434901052,-1.1891653203322636,-1.1617171335777154,1.7004458341592854,-1.6271266070155055
8000,1800,-2.12944907570036,-1.5764533918412573,-1.297080498101144,1.2804623979114886,-1.9316444039992473,1.9451727249527453,-1.3359878556355078,1.0961328587740795,-0.6021718773656181,-1.0036935722975986,-1.707429825339105,0.9281378820563706,-1.4233527360124127
8000,1900,-1.5373389031467712,-0.6556994947753347,-0.8865825145350793,1.9199623186837869,-0.558639471939172,1.6502293858237458,-1.4054952863378694,1.051419980172031,-0.9411016930167878,-1.4459057712515808,-1.222820237818813,1.800746675840791,-1.723484633349165
8000,2000,-1.428992372909069,-1.0724760234632162,-1.0967487218740137,1.329662600492998,-2.151799491698195,1.1872300584183118,-0.48653921283356344,0.5959693815214272,-1.2660665538820532,-0.37536992269557173,-1.8051100805878637,1.7698929320476422,-1.4139776794044083
8000,2100,-1.2663301713210366,-1.5637049746551317,-1.0000044546803066,0.8896403082148481,-1.2113723423114824,1.744606999632758,-1.2173581034969883,1.3278666225875422,-1.3671051506701724,-0.8118314333677036,-0.8695836666736153,0.7578643770649957,-0.9589623738454771
8000,2200,-1.1693123835509718,-1.427028219330236,-0.9016342464045213,-0.044779074826282614,-1.2828484747826085,1.2557649165224587,-1.5972071731211683,1.9067948507563206,-1.2347879463667162,-0.7701542409429722,-1.0580529996745778,0.5630623006374283,-1.3357855710094988
8000,2300,-0.2647555343517495,-1.5391503121994259,-0.47507396227915755,-0.11633515711251806,-0.5605365367310561,0.08631769819144249,-1.36421662146783,1.5969555488358866,-0.8810734774125323,-0.7352585740172791,-1.4121096969711562,-0.5233969804010691,-0.8091711381869178
8000,2400,-1.5568860107327087,-1.1890632642110557,-0.42113653961637404,-1.1240585145055317,-0.8346629372481377,-0.22781602954188274,-0.6842773261582877,1.3478345244562082,0.7573382604190978,0.3358450625853379,-1.0697820067249948,0.2226614403330995,-0.6980930066964479
8000,2500,-0.23194498686803994,-1.379337737958464,-1.136875566602492,0.409405322085204,-1.1087187181111844,1.0696173779112823,-0.6605955679853962,0.9459893605292758,0.020910493066612648,-0.833297843782558,-1.172753420438207,0.5322385202323298,0.062005950429802885
8000,2600,-1.5037473611860461,-0.9989950564858437,-1.406082691284511,0.43468790900586546,-0.38863733864172234,0.3709108744351073,-0.8144766776722319,0.935857576296647,-0.7868983506942857,-1.3988308574594497,-0.45600280794684234,0.14343948118948113,-0.20721639817849224
8000,2700,-1.3202730811955572,-0.9591032177964364,-1.1745143871099226,0.40714647717921304,-1.4245478381072123,1.5826892324264588,-1.3259967857763384,0.4989258445729701,-1.0420659108744679,-1.577649652086922,-1.2187906544456546,0.9970462756906322,-1.3672965360690752
8000,2800,-1.248338881351995,-1.432761788215482,-1.018637979474665,-0.5514465546545462,-0.8093645795257224,0.9886466410150823,-1.5800623926041446,1.6960462414235442,-0.09804130356102903,-0.4599496243758648,-1.1039503684434853,0.895671873026483,-1.3664336899841425
8000,2900,-1.0187059061764001,-1.5703390716016004,-0.6404991272686992,0.4386927954265237,-1.1805011647652766,2.0147859156223817,-0.624903848768322,0.805819904806444,-0.6838102549520773,-0.7034144250434213,-1.6229337952833143,0.8572163711489907,-0.9565548522750169
8000,3000,-0.684954157678663,-1.0052283173743308,-1.2160628840292473,1.4090924330326964,-0.5725292018316562,0.916980780639991,-0.7039490198148892,0.9271005110325395,-0.8435590494740896,-1.3425231950544878,-1.019167890049997,0.08131662928491289,-0.6729806240610328
8000,3100,-1.1413112005113648,-0.9974513948912175,-0.6499738047623185,0.048831757197674866,-1.6386231407735001,1.3556931462311,-0.7416638848722883,1.2052160977970945,-0.5581835484241244,-0.746899953799627,-1.156850499465674,0.691814467277926,-0.729405185453625
8000,3200,-0.442502561697648,-0.4282260512265632,-0.4502604682067985,0.17691333645534235,-0.5193882931198375,0.4092938791678492,-0.8116351039853807,1.1346840864444012,-0.6927306836589318,-0.10524966766524342,0.1313309395464317,0.1830251103375659,-0.7087710937309416
8000,3300,-0.779374770835437,-1.181623732215445,-0.45205450153982846,-0.28107805101007666,-0.29824275932463223,0.6012215405973051,-1.1158047331201513,0.8962468034865473,-0.6923818364554738,-0.39996580386131864,-0.994265561827642,0.5493522609468549,-1.336203302477248
8000,3400,-0.5590572785106358,-0.4042495486277917,-1.170097555827607,-0.6079698091932835,-0.8060282181732473,1.3996240451725557,-0.5533092345807541,1.7889957075122347,-1.1896048775975152,-0.25519187551240563,-0.6593677849439871,0.33365324646083544,-1.320407573621349
8000,3500,-0.8329768700388426,-0.4058375450710078,-0.8797579945492767,-0.6438958448403567,0.19673939706381346,1.3113358767857304,-0.5164472041399559,1.2352986094304514,-0.6460252095252942,-0.8026387256133241,-1.1072395807017368,0.9962710289811362,-1.1751407978607669
8000,3600,-0.6434746785901106,-0.7392808630176857,-0.0960038119558668,-0.26399997336667025,0.4946821070192981,1.2848858713262403,-0.4644236234065728,0.9044962781848573,-1.1111209597129759,-1.3346200802607888,0.21800944526787286,1.318015359731525,-0.890866677263718
8000,3700,-0.925857797004579,-0.8797091840726535,0.003939155247895583,-0.9217569967716952,-0.021163978407835068,-0.40340644137165793,-0.1851424075703576,1.019028106064516,-0.7922983475176243,-1.2679737651264382,0.07659024691189133,0.625205904282438,-0.9066271343938419
8000,3800,-0.8675048613509708,-0.5193337190178917,-0.13663354894640997,-1.7325038344152617,-0.4291645370434551,-0.0942720467166064,-0.6572660987937173,1.0007236347575221,0.3403311405012772,-1.8309867962425728,-0.9494606757962688,0.43146014604790073,-0.2931624631844315
8000,3900,-1.03508156254949,0.1361915882388929,0.27853948516698335,-1.2638127750301942,-0.11578733722403117,1.6425981736163298,-0.3390462097801826,0.7189668904847148,1.2210431692335804,-1.981654401245385,-0.32801875832926003,0.8323318706336477,-0.5079390069277426
8000,4000,-0.2011618649420286,0.3275925416665173,0.22767866601325012,-1.6105424088921725,-0.13026744450113664,-0.33401747245758545,-1.2943162122615717,0.21257348996654835,0.4104045275827516,-1.2214151491794387,0.6428561726109895,0.9749012898411641,-0.004158878161162667
8000,4100,0.08799791828816399,0.7269850094223226,0.7961569252377616,-1.0371948851145998,-0.533587802907014,-0.2680799373775769,0.19061779529872683,0.07148411254130735,0.4328991928418749,-1.7427969429621282,0.10555149252772046,-0.2654696097637231,0.8899856344632392
8000,4200,-0.04599673846375194,0.01652027941005644,0.4206286112711464,-1.1509334912443867,1.1324395943541052,-0.003138360584139674,0.24576997341902748,-0.5374920703849312,1.1796477156020524,-1.0354310403298523,-0.5146428523598388,-0.20807748716561245,-0.6637753494064784
8000,4300,-0.20819583167728675,0.9731522898651734,0.5124559908100408,-0.4630821617265676,0.8098379091138173,-1.1301522222312117,0.2684438944045264,-0.12414155493617701,1.328394750798995,-1.213935006317199,-0.3481177918682346,0.29712358827164925,0.3471852949499622
8000,4400,0.7453090537621507,1.3610680199055736,1.2167049780457633,-1.0080519191981232,1.1829056363367312,-0.8642869569587037,1.118308666019276,-1.2786345980263254,0.9062996804282697,-1.0350332351893508,0.1871123342101021,0.24520767938343108,1.559828529318746
8000,4500,1.147379312455685,1.8713613982185562,1.2351336264478225,-1.555713431953001,1.5993041058001511,-1.415748448651095,1.2875051986427661,-0.3995172969288745,1.176591800076211,-1.1149943998549208,1.5640287013667231,-0.3501068425619536,1.252781578170278
8000,4600,1.3496576668941778,1.5125240004789124,1.918617187903861,-1.4135250444149532,1.4813848250440929,-1.3304204743638353,1.268278979032178,-1.6515507509155174,1.0236507023292372,-0.192548451239968,0.8187250727203792,-0.10224952448477583,1.34006053394137
8000,4700,1.6627615198228811,2.0267432281303277,1.672856911549372,-1.2211305783973727,1.4660516507540713,-0.4098972479553938,2.1550609125217677,-1.403611848846929,1.2699351762147564,0.5092928319064848,1.9098038718001313,-0.8852092225148293,1.2224027804077022
8000,4800,1.6256481513965062,1.9700235068605723,1.6906713309620107,-1.2836895119977727,1.5496742554903773,-1.2383926997685895,1.8738805167870562,-0.5885889360859687,1.3839977497883196,0.2716190230507922,1.6423437155367184,-0.5654815045142335,1.5891337956446954
8000,4900,2.090413986296974,2.1211625379615797,2.2120698421841225,-1.4192005373980319,1.5003426468208902,-1.093133394676042,1.566253749373024,-1.3191676487451016,1.3525379025585975,0.45082184154764754,1.3922519193402327,-1.193676023148549,1.6932401913634574
8000,5000,1.074516014653583,2.4266512335754595,0.7625350651680882,-1.0566968638111016,0.2230141154136345,-1.356622080584601,1.6911389166470319,-0.538092767055388,1.360987879217466,-0.6042070454203984,1.2279300088611025,-1.1167361322256621,1.7989480574483248
8000,5100,1.8666720960348706,1.1836780809965428,1.1836412278842705,-0.7333169039395682,0.0258041037446616,-1.440453532781279,0.682284916429925,-1.221473862928109,1.1626431990456507,-0.18737525024209994,1.4697993338939195,-0.5032475755300535,2.049908292691651
8000,5200,1.3130224036142781,1.8845844797652027,-0.12781801308164228,-0.9690645654503194,-0.04620897465378611,-1.1811310234284509,1.5965597881631843,-1.140558212377644,0.9959026800787473,-1.6224862576823276,1.203891611774599,-1.0052870162582213,1.0231190205108713
8000,5300,0.7988120490931837,1.0734164248190006,0.014498093474020044,0.1230289142738254,-0.39194484528343604,-1.6154671081248226,1.0581995112478653,-0.25312805046662906,0.9170238603325492,-0.6503576346759764,-0.012827639569084948,-1.1927266582089617,1.5789515156128184
8000,5400,1.045237278320227,1.5425963754683845,1.2560649860389637,-1.2513131884115436,1.2615167536001604,-0.7997074512528366,1.3164772077507603,-0.8561858287654492,-0.2666491182077163,-0.46955442586792706,0.6146346499111277,-0.5433901691839356,0.8294572535056993
8000,5500,0.6368182523048972,-0.031799011041140725,0.19992155735837694,-0.42580002425664565,0.6432051879049506,-0.9237492712375525,0.9729453112256247,0.22889202640569853,-0.7836144505519624,-1.6084372215808505,0.19945628837622428,-0.7282491039631923,0.7014047978222299
8000,5600,-0.005596061628897577,-0.404584040613239,-0.5289405094231351,-1.1902149072829387,-0.22320546402282768,-0.23327762564562965,0.8249503870405662,-0.04265038898371652,-0.8576615717997321,-1.4136568976358184,0.7286164912212505,-1.0989272982185865,0.3194310850694941
8000,5700,0.6001365821761269,0.46713484844705777,0.3009969804478965,-0.9457134192872204,-0.3510220124841747,-0.8513387350518171,-0.03520968653600484,-0.6547293972745036,-1.0784098286911987,-1.1048671910709928,1.1586747087077787,-0.5591981206311181,0.26859754718511203
8000,5800,-0.3226676622252053,-0.26941374901526294,1.4083540115194713,-0.6733275058252803,0.4423426841065877,-0.619086792740863,-0.004783887440089809,-0.4268344145656681,-0.2556649333362359,-1.1457852074147437,1.0133721701544856,-0.8589512847958085,-0.26925315697575936
8000,5900,0.8028479165293552,0.7391454738994355,0.8585513583580073,-1.3128343152516027,0.8422870828602694,-1.0234075981444404,0.9568091717623975,-1.8785075830440099,0.3267401219758751,-1.148995598659043,1.4086884304349803,-0.5990038329262269,0.8761609000893958
8000,6000,1.0971297570317586,0.5537884104536069,0.2238050364211596,-1.4344147464257369,1.1063155935051359,-0.9216208429187343,1.2741780455797889,-0.9902512745588657,-0.08483747368697551,-1.7485011879140873,1.362284833405012,0.22720754278788857,1.0365300482026798
8000,6100,1.2081627996350286,0.7978136428446437,0.861665544291605,-1.194812507780883,0.6123357056266645,-1.3161801408514011,0.713931922538445,-1.317378896631162,-0.26497969616062533,-1.2690482053953058,0.637739695228686,-0.5697990392173444,1.2411521545161095
8000,6200,-0.15064121054513144,-0.14790751768427676,1.5004606454448335,-0.40877153430524377,0.7965793870477565,-0.9424008835587483,-0.06548787682905663,-0.3581447477337653,1.2642064032120282,-0.7479391500471079,-0.24687837977429972,-0.2615278896989324,1.52557322206316
8000,6300,0.7624558523790985,0.5671400573834691,1.5732915013382578,-0.862978263371871,1.353242907853986,-0.6639752656923621,0.5767730749876918,-0.0856415004350296,1.0228962547303029,-0.8601230046235945,1.3630770180761078,-0.8375302896738197,1.4002651541974902
8000,6400,1.5128459363427071,1.6397882704143192,1.1768008982405402,-1.2854312962721928,0.9313280481738916,-1.1403926581326869,1.5833184668479154,-1.884271656694579,0.8369262426398397,-1.4934912016553028,1.5692667796852726,-0.4147295822455946,1.4802932411657437
8000,6500,1.246048609312354,1.0809816779581025,0.989795855547649,-1.0771555816989027,1.2171045490124814,-0.7086279936866792,0.9917704194183351,-0.9233409197805047,1.063641377165248,-0.21936835838603522,1.5415376347665415,-0.5968574995194734,1.4969137423500154
8000,6600,1.7362863744488166,1.3112697052262,1.0100931579743153,-1.0062891569579364,1.6651981237835536,-0.6528578971267179,1.4078800245184675,-0.5779155423864882,1.346831220967364,0.7288672292884945,1.7267999096207507,-0.6810145371986245,0.7035652899682034
8000,6700,1.1678626367984097,1.0330976678563495,0.9366845086567859,-0.4398284986424664,0.8591072024289416,-1.321019211278048,1.2751288560349041,-0.26480044458245167,1.1072128654134124,0.6120461674444738,1.2294836796097113,-0.5854166094535617,1.6281449473628526
8000,6800,1.5986784543401726,1.2922777432531478,1.3609372648793556,-1.1339656909267888,0.3239846204150146,-1.7945961535586585,1.0644349210606618,-1.048004737042558,1.33165444709293,1.6467742418625337,1.412190252321278,-0.7804569903789218,1.891721524043236
8000,6900,1.7449099136420176,0.5160761736662164,1.0619660846175472,-1.2887080289410378,0.3526937063512684,-0.45888833309186855,1.0692323529280026,-1.0083562029662507,0.29595661984181304,1.7063021396483535,1.1985924386674076,-0.8994402573315823,1.957923113741476
8000,7000,0.781048085967168,0.7606485733971352,0.3671332337475884,-0.8106055052896238,0.10793422402769895,-0.9656337764803822,1.426442290694747,-1.499865072052808,0.8724274791293893,1.1217236508871054,0.8920732843687775,-0.00690163535236444,1.6881513310990155
8000,7100,0.645275870423578,1.1732293837142345,-0.15677981275900535,-0.11199652036898959,-0.6990580740518698,-2.423964820859894,0.6964440348648163,-1.8315431291279696,1.2956165063577691,1.0128241917513345,0.4703026439725753,0.021291054448113376,1.4639531804130237
8000,7200,0.8513861325930174,0.5098032188505038,-0.03317215721291258,-0.5916301806810685,0.2847025498490597,-2.034160261032064,1.095082085501596,-1.0217330127518491,1.2139131739982785,1.7946984213159143,0.839903441549299,-0.2320567600707461,1.7285543641848244
8000,7300,0.9390882142208172,1.3622721432947447,-0.1541539640599865,-0.4068928145049741,1.3247525843267394,-1.1391857008850477,0.9061272408238101,-0.2787424433595259,2.1855643212127833,0.7517867265345609,0.8287796318244567,-0.06605089368205172,1.8246825666089783
8000,7400,0.30188485631494977,0.3331814317957993,-0.21765337155371337,-0.7541213432707058,0.7703839317724873,-0.5361900744861646,2.1019172264369055,-0.7324189853351007,1.5277415224697706,0.5319236262993903,1.334508009074589,-0.7456270743024022,1.3942230469508337
8000,7500,0.1740933825298567,1.050807783012181,0.490912941624972,-1.2883586851090107,1.229119864825419,-0.5971237237811701,1.0420581718118407,-0.980492456982389,1.528855589563772,1.6445542202909003,0.974419853150535,-0.7890312421205967,0.6759162570514505
8000,7600,0.27988377515867385,-0.22281945066955458,1.5408874902492586,-0.5309841065383428,1.5379747066242655,-0.6651523060832468,-0.6110447022579597,-1.117874747612383,0.9760108682774866,0.7037344468839632,0.684178494495207,-0.1787809603809369,0.16008953787953906
8000,7700,-0.12870224422875615,-0.5237206574940693,0.005078046887162885,-0.5477778863663006,0.7148736724848687,-0.5467231396244411,-0.5781292967837129,-0.5303050561605686,0.8520809571350311,0.5737739189601673,0.02270366356625587,-0.1831805291019511,0.3761408545201228
8000,7800,-0.3530993067155151,0.18344597832832132,0.10600814860829742,-1.0754628291320651,0.4528506108935144,-0.1769827364427652,-0.8948016842221483,-0.6488934132977987,0.09286101625343923,0.22662261990302693,-0.11988038987462844,0.9499602894748506,0.9905874465627417
8000,7900,0.17864807581576456,-0.5957014786408953,0.13768693134925888,-1.5314843399537175,0.9997745608893767,-0.3052158613609532,0.03613108835213096,-0.5546223923445247,-0.6102007173190108,0.383990382847741,0.5488594143024769,0.6295675517716994,1.2276378842593654
8000,8000,1.326311561315163,0.23606526972639696,0.5129359084306799,-1.6290095218879301,0.30294284133406757,1.2294629424250711,0.7233452961379947,-0.5300286351070981,-0.8463821445613838,-0.452867113864869,1.381382035621032,0.6915319002911289,0.8843660605148548
8000,8100,0.843630165704684,-0.08025771265376884,-0.28361848719811533,-1.0024388177820962,0.8315470403047379,0.23580047157888018,1.2707432087734014,-0.7540333753243894,-0.018261860356243248,0.013138117540157342,0.955861074788914,0.8979265784178969,0.1280150566797189
8000,8200,-0.004499416711533997,-0.683128678950371,1.0629166925185896,-0.4361850160044627,0.6025180336267277,0.3177182897250002,0.23620482092410303,0.6825881368580696,-1.4994610395108368,0.2611826737167018,0.12242256499776348,0.8498117431521596,0.7798390616953996
8000,8300,-1.1136065869813494,0.19470224228870403,0.5208734331552902,0.2482685067748,0.24520876132870303,0.8399588763813062,-0.5769451102732652,0.07234031919338663,0.02503412814011776,-0.8339691182446122,-0.27175213457221714,1.1620386642712437,0.3834444394998463
8000,8400,-1.6260377422190766,0.48999828349554186,-0.34628766183307086,1.6279163514999433,-0.12039421862428068,1.3069077094284045,-0.8738424722571285,0.6770332263240412,-1.2942548231686744,-1.1232365014770622,-1.0397806170219444,1.6335216166285051,0.7796226182426842
8000,8500,0.12758962533996104,-0.07142342599807017,0.5031251456471644,-0.33890240823184026,-1.080489853360434,1.2638826645815293,-0.47673049995652295,-0.14462071712668662,1.1246913742255855,-0.9527831471361601,-0.5805160768822427,1.2269926251910281,-0.5925904101065419
8000,8600,-0.4161752885088365,0.509521410053338,0.10100343234390596,0.39108175446283927,-0.5992352337783742,0.7963852128538886,-0.7338248558209909,0.4914559590303137,-0.3530129947330813,-1.1818937836188317,-0.6473361448498515,0.8939722511679511,-1.0022079711038256
8000,8700,-0.4420366129980363,1.229258202271852,0.2330636088476651,1.7318539907396548,-1.633079300246826,0.7519289905196886,-0.13434074958004033,0.4898303783613821,-0.07750709927827995,-0.7833556503022004,0.36483146901940816,0.20710648007655036,-0.29049311685131496
8000,8800,0.18760650179722188,0.5553433784154959,0.46442875718067284,1.7181786267360346,-1.8195033664892766,-0.0034600766875663167,-0.35864507178210225,0.3464920188116079,0.17776314175573085,-1.399816446157657,0.30360772322873275,-1.1230749238234647,0.07490999148781834
8000,8900,-0.6401520718096564,-0.8494516546711792,-0.14214124285306862,1.6555777768199382,-0.7577578682261825,-0.6135860422974005,-0.1394440599504581,0.7340256629621259,-0.12069533548350868,-1.4788667862843141,-0.4784154347213986,0.4393093408162217,0.6035877661507925
8000,9000,-0.5015734791564027,-0.4719774267508238,-0.33958612665109084,1.9352837985660778,-0.608276540090582,0.39021506084332186,-0.7511588126739139,-0.4947294330718557,-0.9660947501574513,-1.108098736604846,-0.19636884153065653,0.8894604177961803,-0.37081281576586717
8000,9100,-0.2118169719984033,-1.2318304979749026,0.13128603577021664,1.6478392403353543,-1.4207776283522087,0.11383187930546429,-0.6521349400025988,0.31722579484540026,-1.1625742774269914,-0.9188246646182926,-0.7483410504879913,0.42662083016903524,-1.1287153331260045
8000,9200,-0.5085921322805532,-1.2486999547144544,-0.4668852121873074,1.5521669625110686,-0.9235201055822732,0.8241814247147217,-1.0351142597572418,0.19675091954597246,-0.6184477055801105,-0.5261913502829607,-0.8221015352004941,0.0777776992949065,-1.4134651598067896
8000,9300,-1.007158056158246,-0.9146822654339385,-1.2047280116117458,1.1852544541277055,-0.41026684368514477,0.438896298837612,-0.5090194721836536,0.2010630146514548,0.7568723708650356,-0.7314398059304571,-0.772027371755599,0.7956266144593747,-1.035869088248173
8000,9400,-1.220234400382587,-1.4405066284024983,-1.1571575712025415,1.3235490449596967,-0.5924825574438451,1.3944367639115225,-0.7340441131529603,-0.22817484456890358,0.3697551262486165,-1.147988417723575,-0.6390160182931153,0.09230804499999776,-0.7870124629695467
8000,9500,-0.7861579894970506,-0.8571454058409643,-0.23329795670011635,1.4939576337781895,-0.5355353682245219,0.39217885051129286,-0.27001063510173656,0.18294997438045504,0.8591277987758683,-1.0887055751899517,-1.1940459550226608,0.628109561035232,-0.2058014374259404
8000,9600,-0.2105917585568257,-1.28188673593479,0.10692487159791446,1.2438239730338196,0.5824486089796757,-0.5098947339376105,-0.6358658364971919,1.3971278167170982,-0.20264101059644538,-0.9285690870359338,0.1057832305436355,-0.37618015621370915,0.6189217835223533
8000,9700,-0.19301346459384222,0.37356609260381574,0.45950767698326755,0.38806540554392766,0.8699840367201553,1.1287482772116928,0.4567274090960029,0.8944725354671943,-0.17871644088334654,-0.12322921152706981,-0.927349710416648,-0.5614334318868074,0.40867776301866476
8000,9800,-0.14578731803531983,0.6342136911056137,0.8993033238928795,0.16567420844831376,-0.2823174955376806,-0.6252503647175622,0.3060470016208124,-1.078483431319232,0.8140281200276853,-0.7792826543433898,-0.30965049822993596,-0.5151536514698749,-0.7128383155638942
8000,9900,0.21742455033965613,-0.916864330959008,-0.10410010508827287,0.11960580746707546,-1.7020198008666378,-1.2480533918877614,-0.46450099715850135,-0.6348763218233546,0.5990475742469262,0.07723263761785643,-0.723780041119681,-0.3426496535334484,-1.3056039018887562
8100,0,0.5216728165713845,-0.3409045754092009,-1.0710315995811384,-0.7791197875813168,-0.6123188300319914,0.1525518497648994,0.3144223734494095,-0.0760076527545732,-0.1967815514572187,-0.29679132939368874,0.5706642110889557,0.8781542129275924,1.0440780632608964
8100,100,-0.6781152927498832,-0.40910264721543443,-0.7282607076722649,-0.7532211735209968,-0.5235773540774664,0.3415037985705371,0.0386733516346735,-0.2532553752156841,0.38438036263255615,-0.6525279814312981,-0.3480494064458159,-0.04273138317155738,1.3000241825732726
8100,200,0.048243757189587115,-0.57683852990528,-0.7266160787800181,-0.5279210589661977,-0.3020311915060234,-0.4205219383686827,0.10904573153469507,0.3085789148841841,-0.055141849411063794,-0.6109202146645614,0.23899605555231035,-0.25443035416844373,0.9175506611351174
8100,300,0.23586807572817411,0.13905832287738687,-0.9973991191995226,0.18584442985651634,-0.041394512697984075,-0.8900608621915667,0.9088755761831986,0.20950450086185887,-0.08814181853619588,0.07633172008143589,0.5598479951324574,-0.981532494234538,0.04198710388389497
8100,400,0.39413044712209133,0.036855747315564555,0.5755011446952557,0.14655414922961624,-0.2641929906934586,-0.7274679882789823,0.8410454485265437,-0.34485443645152675,0.22301719810701018,-0.49905784367353995,0.4727705353439901,-0.6276672484444596,1.0840057344628962
8100,500,1.4414416677462907,0.04171897025652837,-0.9325833015238072,-0.8512307728034945,1.6347490355495051,-1.1083421654546795,0.5973334968929449,-0.2254645074785131,-1.312135583677492,-0.975471381486421,-0.09599796507108921,-0.9751697775080221,0.4215045881261165
8100,600,0.3332800155640626,0.3210057270845217,-0.022843324096153906,0.14404446712243477,1.2872634291483513,-0.5361974747344731,0.05317904022665537,0.30755175272983065,-0.20794150790344215,-0.5608782451348879,0.08757938704813273,-1.2724262800358908,0.5288989209796728
8100,700,0.7092517753218599,0.30251262831975434,-0.08357044041162096,-0.7087845761963198,1.5931819861785421,0.5509028641915223,0.6332549549467011,0.3486278406929126,0.36480659599889126,-0.16883115144823074,0.5818900776149439,-0.9009675218887124,0.4844573919506338
8100,800,-0.4933415631112252,-0.1910961887689114,-0.8654231070163843,0.11071916630960026,-0.7780432039250427,-0.10564443940998755,-0.043877878769030036,0.4166026136424945,0.3724937423416338,-0.4198047554234076,-0.011532836545460093,0.31799613772040547,-0.3133122810917815
8100,900,-0.48251634834969537,0.43815547997337423,-0.8527113631344,-0.08616608030203048,0.38344213361241264,-1.2034384772109568,0.43459586984690907,-0.0004591190985406291,0.16227852522534364,-0.8727579196906696,0.3232286444446654,0.37823723360993994,0.8506327076928271
8100,1000,0.8062856141007587,0.05489185630673307,0.451443564449595,0.42530433464254574,0.6724324403410891,-0.5684875632294465,1.3505090360568648,-0.8628576768062477,0.6233897383288944,-0.50968826897005,0.9990634182223702,0.17343378810417287,0.4164594835188796
8100,1100,0.12237433226794846,-0.07104602754851423,-0.6261408986632271,0.38676897929172205,0.75167255019814,-0.25230282907652773,0.3326736933426663,-0.46013580695478007,-0.15022123501641718,0.021583191098398156,0.5981494750637325,-0.2594016280176418,-0.1434245223196828
8100,1200,0.12604902095061274,-1.2688850086187615,-1.1486887388990326,0.664375494100177,0.8149519469948184,-0.2587071530922616,0.07295690944875712,0.39884973303883026,-0.4080839090290157,-0.7081828105613752,0.15393117303763112,-0.7585420509504244,0.6588880360552432
8100,1300,-0.5552100053424097,-0.4581409515938485,-0.47605581938331004,0.7604607523141376,-0.141132161277422,0.7661169886498578,-0.8291243577850134,-0.03740544036329201,-0.1209585783255731,-0.8419600359550419,-0.632036689496775,0.03587927897590155,-0.02423319637431424
8100,1400,-0.9572853676502812,-1.5930454774087905,-1.2188761768980914,1.205122872202154,-0.9690605258546542,1.315886580795699,-1.5472354597883717,0.5695485365102283,-1.2319874415444436,-0.5748462646726064,-0.6636041411906598,0.38478347403036667,-0.9565015244447388
8100,1500,-1.0903401875559489,-1.443754404442146,-0.7234448622780513,0.8754037238200864,-1.5093082870748615,1.3034697490107723,-0.942151731763962,1.305991084939219,-0.9019419831128958,-0.939723556538286,-0.7322343212055589,1.1693005131427194,-1.4168971034031197
8100,1600,-1.5800067546821863,-0.9405285400799198,-0.704836410730798,1.2351528589118093,-1.2776660803953013,0.9677870011474411,-1.5568851796483996,1.6371961198904716,-0.8832732196654047,-0.9580359364469648,-1.000650650864291,0.41502152518713836,-1.3212611282531364
8100,1700,-1.2712501297578378,-1.5804495106181666,-1.425309954553169,2.042017070444815,-1.8631059910477168,1.2058850546170572,-1.9286140162084986,2.1030581601549394,-1.1913004635167643,-0.5554732272164062,-1.0005586390508132,1.217889327048567,-1.6436242076014007
8100,1800,-1.2000880530424645,-1.6171527696734909,-1.0055188884514792,1.2652291915122378,-1.6652370460323784,1.9997740961977764,-1.5815567819383543,1.185006466729764,-0.8401929530633426,-0.5607442379827363,-1.7201072912382531,0.960793116997275,-1.9711491729566775
8100,1900,-0.7349759398059592,-0.9584760066223196,-1.3993275980459152,1.8534607919042438,-1.387055392779277,1.8970547378852396,-0.8525567814159827,1.460572312308543,-1.2334882640258213,-0.5151091626533641,-1.2633248939955835,1.712183688661747,-0.8292001737788594
8100,2000,-0.9130774406217812,-0.7461368354828467,-1.2544912280759535,1.7534323981143887,-1.8126733999253872,2.238769525586486,-0.8436467162087452,0.975215167600534,-1.067792591037444,-0.583894310908407,-1.2828696622185807,1.3116166169459293,-1.1591766660652094
8100,2100,-1.2347048746008082,-1.6106407057610523,-0.4702816002764616,0.19491811561187825,-1.3182342275539558,1.2870917092369911,-1.4186401491014644,1.1136075601529283,-1.0817552509685253,-0.6444300881042884,-1.132998088056195,0.7657280586928364,-0.7500528010416924
8100,2200,-1.1766294131568311,-1.1177005890874372,-1.15366421370578,0.7293732661936955,-0.9505000312077106,1.5082782936432855,-1.8594798078124908,1.9138954940651072,-1.0406628945067333,-0.5054537905199573,-0.26483224090620905,1.0316695548002226,-0.9822291489993598
8100,2300,-0.8449565712818123,-0.46263074700035517,-0.929431919247212,-0.3335764920171544,-0.3022479390793656,0.2737805847570084,-0.4793083421447872,1.6963012014877377,-1.0363468483272773,-0.49878354927533525,-0.4465963119177607,-0.11010491557042607,-1.1583069486971076
8100,2400,-0.46915258784904085,-1.2038760044919563,-0.956795903749116,-0.5504090071557608,-1.057486144630086,0.26091627117607974,-0.14736340755584862,0.9141248014110464,-0.5958288960215634,-0.40144879645381876,0.19452646044580435,-0.17829170037579528,-1.3150071076401022
8100,2500,-0.43390366951838444,-1.4428159675507308,-1.3522268054973663,0.03952691920667617,-0.9041029840489853,0.5015426252240288,-0.4742973761636261,0.022583173615413503,0.08620211324118235,-0.6623211510468062,-0.3846876390543569,-0.4962896160092742,0.13409770896511758
8100,2600,-0.33388727717834954,-1.472451641614847,-1.351948167738611,-0.187775245728317,-1.0014309464682207,0.9652941804488997,-0.9318834674002041,0.8730318460719911,-1.336419985265222,-1.0271828353762695,-1.1181446438769271,-0.0687556871002674,-1.3089855922331182
8100,2700,-1.0970652843914688,-0.5267937137906662,-1.8199949297991789,-0.02555853789873739,-0.7654551941940742,1.635128730853999,-1.4877525943883763,0.188483148492606,-1.0724181449387624,-0.6987701137428607,-1.6850026702621452,0.7882881590878716,-0.5060819405386369
8100,2800,-1.2643011464502543,-1.4786824756738621,-1.5611750454956543,0.07357706958102216,-1.5761698250178215,1.2862116491378612,-1.1360327615048993,1.049227305125323,-0.4834389216381487,-1.444751881174049,-1.6405469174613954,0.8633487876033888,-0.8224699386220008
8100,2900,-1.1062689979573344,-1.095099122980908,-0.6482659572178692,1.1531122279207986,-1.3511541952944983,1.184594487835241,-1.5251117746126404,1.1331949381110897,-0.8290960181273315,-0.12180118684821607,-1.1717489646433719,1.6639563899469454,-0.7909714472029293
8100,3000,-1.0293113741756406,-1.0127702404993482,-0.6612444653162418,1.5083203163980032,-0.28310563619017237,1.1870607550174892,-1.02210408516233,1.2935146274908054,-1.0990156936910918,-0.9932793389620231,-0.9020912090571228,1.11914114515307,-1.6177012688099068
8100,3100,-0.4786465483271843,-0.3939080216957239,-0.841925835816688,0.26304819060608575,-0.7129537638323189,1.7552217832200738,-1.373052569131747,1.393511261084991,-1.0371051216292906,-0.3544741014805543,-0.4831396447742674,1.2397027754924081,-0.6916215246816094
8100,3200,-0.009490757180274687,-0.18243220438487615,-1.485300889420027,-0.5175083234501859,-1.2777540365501185,0.5253855577993143,-0.6960092669924522,1.1567481777940753,-0.6791744295386175,-0.1845954349747153,-0.39192881970195065,0.4585012811560278,-1.4455438125616826
8100,3300,-0.4486645567229079,-0.11268152787940172,-0.5811758339672304,-0.10202276817228502,-0.4032611928529565,1.231775593043357,-0.4032911904956057,1.2225681931205479,-0.5035924957425808,-0.09906130611768152,-0.5814001495981798,0.7886331282092267,-0.7461103485171122
8100,3400,-0.6533772431625016,0.09900454214383525,-0.8575097136802118,-0.6935285156723606,-0.801647282445111,0.7356036092947672,-0.7848131333440992,1.0735158581239652,-1.0699469268742519,-0.6623603498923624,-0.6624287584908982,0.4489070296594129,-1.2288230922401626
8100,3500,-1.329269650364661,-0.4676326546996168,-1.0086345079825982,0.0730681086299057,-0.9400693460836774,1.582948352391589,-0.8390762655925895,1.7540524067867327,-0.839091559528822,0.009015915216298,-1.0021171192714091,0.6238804730777053,-1.0406778996649855
8100,3600,-0.6275583719864609,-0.45601197300473856,-0.8626581486360445,-0.3429150237302932,-0.08412520780630821,1.0601853622689812,-1.131637726792346,1.7804144771592865,-0.6333693740972602,-1.8264530905125698,-0.7482743976261929,1.161592244550676,-1.6365921402490882
8100,3700,-0.06771557667781744,-0.31388458261604174,-0.8515708615446418,-1.2391842310612227,-0.2594341511982265,0.30371606721270933,-0.6232670797926394,0.8347370662038458,-0.915383309876699,-1.5111452004379329,-0.6906266237099686,0.6851507541517443,-1.1453731419549165
8100,3800,-1.7765116945991306,0.0598567997504461,0.3219704411220316,-1.4170910317730911,-0.8130496895417098,-0.3306443556358588,-0.6661192202964288,1.1289984831082271,-0.0578415560423355,-1.3357204642121359,-0.2793473323767239,0.0286597924203494,-0.06714911850357506
8100,3900,0.05722796412606763,0.05322018431049829,-0.2257344951114899,-1.593389643653428,0.09529663676340538,-0.14619490067199523,-0.5876525828689538,-0.10362952870714243,1.1315552106239162,-1.05596779124689,-0.17931341158285402,1.0093208215959513,-0.5177309223222923
8100,4000,0.2178911076252508,0.2396071216408142,0.7636591438891446,-1.4691260345174242,-0.4670573497906965,0.28836906056621353,-0.756672033877974,-0.06524459739879475,0.6718855894141424,-1.661520141154245,-0.9928516507453143,0.35191098689942407,-0.8291264367333986
8100,4100,-0.4807291078784552,-0.4442392494493726,-0.306817175560999,-1.0256425377740768,-0.13254915575486326,-0.4951662678146019,-0.7575509070087246,0.2091775645774689,-0.11128201893922986,-1.3494134615227618,-0.8957023290621939,-0.3182214709055219,0.48943105436987316
8100,4200,-0.49241448607436744,0.601653948820317,-0.4189862414296953,-1.4863171923571923,0.9384482830853262,-0.23345016080028308,-0.1732323125340436,-0.510680169511617,1.138517194443056,-2.0906877495152387,0.03557413471726386,-0.6654197616429248,-0.3127337984786131
8100,4300,-0.4317327288604223,0.5591510594266288,-0.33647223169539686,-1.1526078038367265,0.9320188748508372,-0.12113533884657524,0.1115721756532398,-0.6955192128555915,0.5062457013507399,-1.2409311435605523,0.857126992933393,0.08780931200816176,1.087314807005261
8100,4400,0.4664184112639791,1.1599201454715833,1.7608594958265797,-1.1292946069620526,0.8047862252113285,-0.9975709994879907,1.3017895276844202,-0.05459381436110304,0.5411109938465207,-0.40250918116332474,0.9744357692561044,-0.6160148989622771,2.14175175248125
8100,4500,0.8947370173539374,1.4366018732306907,1.708999450356339,-1.703053099939335,1.4240791365013112,-0.618597896171715,1.5185866856459822,-0.6693973468993525,1.1201380632771796,-0.8378955844242754,1.1973698971696116,0.2780088401541696,1.6965091044630272
8100,4600,1.5365074520560011,1.3546126856354073,1.1435409876859741,-1.4064820625739929,0.8774302084691832,-1.1115848430146513,1.851089774014968,-1.4930299855781104,0.8598408380229747,0.9068149708606672,1.7654005655656348,-1.1144729945462848,1.3721894252320896
8100,4700,1.301929816588842,1.4892582813195514,1.3819617222696559,-1.5505082258763574,1.1123271270594943,-1.1687499127335328,1.9616850636808782,-1.3945776312029106,1.5809451987786178,1.210088660688838,2.0852430172170093,-1.2169405554694583,1.6747810697617933
8100,4800,2.5407988947448263,1.8315938061267119,1.5219279476869458,-1.645717741335186,1.9095231652410005,-1.1935522342233116,2.392901229096413,-1.4024569340749766,2.2367531847797237,0.7078256661365561,1.9218243444966225,-0.8160718084245774,2.047180394795647
8100,4900,1.495871249863324,2.311219431268711,2.26921837235132,-1.0765212262962542,0.44905721303362284,-1.1409806617537033,0.8178331620801297,-1.4867461715971664,1.82896092040713,-0.5005428762234597,1.6755989397530207,-0.9617532729473152,2.351442883956903
8100,5000,1.656472930827677,2.041650865751102,1.5006716944240803,-1.4759115218071126,0.2631630893197216,-1.6048582162018041,1.9978054474110918,-1.6619830981974661,1.3818359510979983,-0.6115093716948945,1.753512682212047,-1.4450804601045462,1.589152645430341
8100,5100,1.8347113347600033,1.3549393602420234,1.0133637970269784,-0.07605844633962411,0.16357244759890638,-1.3816788449193098,2.3334272106445373,-1.4168401555533892,0.7592011619401144,-1.1696367638690464,1.9476161864002648,-1.0258731931495888,1.5683252366813802
8100,5200,1.1863247959294245,2.019761874344302,1.1749175260087092,-0.30914696089414534,-0.15059017845347134,-1.2539731240796494,1.8033178142565507,-1.488022691881359,0.6106285372368397,-0.6865499503673814,2.0862219237382775,-1.416891220114376,0.8198534494469293
8100,5300,-0.08936564599148483,1.4996160188044483,1.2391133649162793,-0.2581638324661557,0.023839145856606334,-0.986325272015308,0.5716955392188537,-0.998187710816362,0.9145091717881082,-1.1135437756347786,-0.1321677647000147,-1.7472042204853397,0.4539485966421367
8100,5400,0.1378722530242824,0.550166721717792,1.1563325074142015,-1.2544085523787745,0.3059190298538213,-0.6486294689180903,1.252014361377272,-0.9237936477875899,0.5239343998975278,-0.3324320629601394,1.0311951142903943,0.6604340543574915,0.9127673865127259
8100,5500,1.1412861810323165,0.26414664384020015,0.3824461972555313,-0.2559059106821313,0.24244170586359295,-0.560766052183953,0.9481957688538324,-0.3617004028691422,0.5286319104853533,-1.3316397154170547,-0.0323514742925621,-0.2887040712721862,1.2592896062054637
8100,5600,0.8188235014897786,-0.49969869864716504,0.2982211588035093,-1.1144308948478276,0.08382852726159597,-0.3621898859514097,-0.4979797208333667,-0.6830941837938137,-1.0497779595818129,-0.606664817006986,0.09775182082780963,-0.21858990826997374,0.15083979352944138
8100,5700,0.2733394025545464,-0.5244960701434176,0.8539852042338307,-1.0176150142063962,-0.31347739584339923,-0.7500072703015314,0.35912182747482885,-0.2027118195546022,-0.3913743423542509,-1.1392445976987011,0.3889845273433987,-0.011242441049913392,1.2657828027337161
8100,5800,0.5351717433894061,0.6303574149217822,1.3606315615291373,-1.4521231642266526,0.7422110988477288,-0.9255888366390262,0.5005218175750603,-0.27509790797727024,-0.721158352744531,-0.9069909206936865,0.7925342384603057,-0.2751655559279122,-0.12367106902058055
8100,5900,0.4778968502812765,0.02820674584758309,0.9744268423768807,-1.9163810885872448,-0.06018272053188602,-0.7161401255257529,1.0662484392527956,-0.9755169887293147,-0.09651816043925664,-0.8243240731770358,0.7958273948108404,-0.670640910399475,-0.061621252021658066
8100,6000,0.540723799799757,0.8560729805493711,0.8341787363037195,-0.9262915259739166,0.45455731356372897,-0.7846328258484652,0.5670884064515447,-0.1559894347815774,0.6853310856866498,-1.1649189212156297,1.0358294143356939,-0.28797487004369354,1.0445465212041487
8100,6100,-0.43129649519296576,0.7016392036552065,0.9624730876321629,-0.5287743869960522,0.8234348666872593,-0.663394797386381,0.7915266261482525,-1.058316120488115,0.32236598597428184,-0.7916128347157158,0.6188465077585567,-0.40937855892647296,1.6804928891140691
8100,6200,-0.12509971357693792,0.2616420653694114,1.6213704060378766,-0.7470671843379368,1.0227998340043731,-0.2050013191839069,-0.12766263779996548,-0.7667024963988838,0.7225584218928175,-0.8815412684444343,0.14574226427605028,0.19368622214955644,1.16326244380588
8100,6300,1.2592300929025004,1.271580484260238,1.3610456393310417,-1.4320634996136925,0.8713208110810269,-0.6985820987336536,1.2509978108704867,-0.8489620504719477,0.4053277946337149,-0.9134191232139962,1.2914364597110153,-0.011396373892482908,1.6285751226645317
8100,6400,1.5003525081449594,1.5983863029378549,0.9185776016031786,-1.3010854740323765,1.003620457776794,-1.4731865638224664,1.7936172241217945,-1.1067971386634776,1.3749454229494935,-1.0714787525294682,0.766097222176893,-0.3964891358375754,0.7985483187299771
8100,6500,1.3144303043217176,1.2786341830534953,1.0660236373116379,-1.0561693974951454,1.2180863165318316,-1.6946311770801719,1.0961537790347045,-1.2381766788643065,1.4462950094387304,-1.0194269190713974,1.9526356615508744,0.16696585347744874,1.0310494487473851
8100,6600,0.825001126856266,0.35458606788576313,0.894506667813441,-1.0347304029198066,1.1167136650619292,-1.0758849457875463,1.2560627648858695,-0.793680513683271,0.6493543071573329,0.977779767183906,1.084210883604391,-0.8313974662249549,1.3678231938958783
8100,6700,1.0672864234270423,0.9563293708840594,1.3954282290761426,-0.6083547273570545,0.9606398996867184,-1.1899044851576452,1.8469046977496528,-0.9153465794851777,0.6650451623452367,0.772555714415554,1.1664094037105242,-0.6222604959757015,2.235452441074287
8100,6800,1.2035917452092557,1.4682305036789336,1.8058822525052807,-0.751630288499997,-0.10780688368617321,-0.6467378260870045,1.2848189145484492,-0.701976885079853,0.8297301142332735,1.34713845710289,0.6066049747090951,-0.8087790638185717,1.1209668059860025
8100,6900,1.2443621792089514,0.28555502032452085,0.6694630601588175,-0.9671201790455354,0.5401440196890694,-0.8997820569758631,1.1974515475240375,-1.5582054750191663,0.16191670818483347,0.9322091340489344,0.8171927530692707,-0.7550038771206693,1.8414617438648946
8100,7000,0.13014600895344308,0.2821142278668069,0.4429601124663611,-0.22673743765782847,-0.1616856254750741,-1.304388429895017,0.520495039408216,-1.057770939565242,0.511140990434831,1.953247863163289,0.927069035996158,-0.41550489694588116,1.5002014454431434
8100,7100,0.26258627199443096,0.4925187263140914,-0.1425316949330955,-0.12976674346487185,-0.9020614071074867,-1.0971562776094768,-0.2866497272497418,-0.646033381992596,0.23728319248803476,1.5863413368893875,0.1788021120840391,-0.47407868274952975,1.2520201897380774
8100,7200,0.13485959354641336,0.49339169363055374,-0.4459318304699945,-0.19275781099125702,0.9775886057471844,-1.0066176440885057,0.4940199860810158,-1.0298240270486738,1.2699299181664445,0.8892179909334303,0.682967681054027,-0.5065301656600333,1.6098104169967942
8100,7300,0.658671286695233,0.9631914977747804,-0.23726584849266422,-0.141132008125956,0.5709878414138929,-0.8907415231251554,0.839678187811641,-0.8214058436890362,1.3129020046303173,0.8429689392967151,0.5574867082697672,0.4596268326412381,1.2100845566359453
8100,7400,-0.013894969920372424,0.84543237540993,-0.2222170350173714,-0.4795392951874992,1.390649751046899,-0.7940305496159774,0.9630348447473248,-0.3674736040043942,1.4437291794753633,0.5215572192994166,0.6462193950864804,-0.09184009046928478,1.4202999815426767
8100,7500,1.0101088165556,1.048014636814313,0.4121542815036299,-0.8674614426240271,0.4437762424649424,-1.0554776925266534,1.348766926878333,-0.8187991113653021,1.0896580513052818,1.1730611407716836,0.508754829082599,-0.7656135593567435,0.9041949434949792
8100,7600,0.3515675945728796,-0.07604901126701183,1.3101303558832695,-1.183859826440739,1.2745219991662997,-0.022282837397982893,0.2808303426955878,-1.0267104885323095,0.10893020222593383,0.7555390123298434,0.7009895923872677,0.22530580788106128,-0.036998848473612414
8100,7700,0.7635403564665678,-0.5985518064869633,0.4096545942126454,-0.7230201312330983,0.9901012151364155,-0.49298910412684704,0.9690488412092247,-1.0490771934830982,1.4658741101934971,0.907821828173597,0.3675316849474332,0.16538139733986842,0.49775612126679225
8100,7800,-0.10093211497380013,-0.7294320164069348,0.1394918096688884,-1.3659938022772526,1.0019546839491238,-0.6511252763992914,-0.4476486409927475,-0.3036208935271447,0.24351070593139265,-0.3813466555991259,-0.10381739790718437,0.12581986045520385,0.6240804141045941
8100,7900,0.38147626747771934,0.05522415106736862,0.11567031385698888,-1.8403992502513946,1.2465796033741328,-1.043522386611646,0.5436565129744889,-1.2645897963264645,-0.2032774069973306,0.05569241092503984,0.46955841169807744,-0.5913886405565635,0.7203897259391817
8100,8000,0.3032629946878149,-1.1470624947570265,0.9560777750677527,-1.470170870309879,0.7650751651940492,-0.44811294523307177,1.792446080358046,-0.07128198115007059,-0.7234417505680263,-0.7404307856118045,1.7805878209666988,0.5088644089462384,0.5947189811656428
8100,8100,0.9802315088311109,-0.5570041610604513,0.31310567345649076,-0.9917337789883846,0.9035912777647744,0.20968939997756647,0.36928022218963463,-0.9686556717672969,-0.8205815931097721,0.4427269237177644,0.6039859454742021,0.8480197938417373,0.46836138795799614
8100,8200,0.6483355711233156,-0.28438499775476905,0.2711703230244742,-0.6323637139128448,1.3277550617956784,0.6423188940654464,0.7498105498279489,0.3478277711876648,-1.1681844519563547,0.14963738339855148,-0.1768828092912986,1.062031323437203,0.24106780613470202
8100,8300,-1.2809257946425767,-0.5315512393470827,0.2283701610277627,-0.5210591091651137,-0.017874829326204413,1.0412614034529233,-1.1072815218155365,0.8049657347761511,-0.9639638288989095,-0.6673069916542407,-0.04015225946565525,1.7453242197708585,-0.08952790517895737
8100,8400,-1.0459698201879584,-0.47223321399847396,0.4471932368317091,1.0598018466187544,-0.25711571503373953,0.5741605126878134,-0.6337984498733815,0.9403143078266445,-1.5568714774429953,-0.9086410534572811,-0.7056954829484696,1.032978743706726,0.9026489268608889
8100,8500,-0.8865423977582592,-1.1778642709617726,-0.5817583420760655,1.1489450378978496,-0.9903308959334276,1.2265182492895574,-0.30803779701418227,0.5965766432934326,-1.0435913597731552,-0.5447737210274323,-0.5316198327012104,1.2364727154218402,-0.02399812718565331
8100,8600,-1.0018046122674278,0.6405319886346428,-0.5269936965858325,0.7731481199779647,-0.6741946210222188,0.9743385221415778,-0.7963389699260234,0.040414427519030696,-0.15577827752149884,-0.18473912790093996,-0.8633007699494437,0.8030014534698562,-0.9910787566823501
8100,8700,0.32383332006010024,1.0113227968892966,-0.44873316804128593,1.5239379708026721,-0.9122299210829518,0.1504111220260889,-0.45328697945705637,1.1146130070664173,0.3644640890697595,-1.432709918401365,-0.26207618778289976,0.5391094806701249,-0.9840795314390809
8100,8800,0.5129258139860345,-0.08494444428398877,0.7613114296393307,1.7446313390475807,-1.1681029698496312,-0.1312611960587681,0.17109665616672273,0.05667740481532028,-0.5156332439364189,-0.8652907117801719,-0.1253851105769088,0.5238243541278721,-0.8314669955174485
8100,8900,-0.28512741275624337,-0.5772829570406153,-0.1853619474633226,1.1802043363379964,-0.10757188936526962,-0.5323736089131289,-0.3159620325086519,-0.05550939922951615,-0.40273765264656697,-0.8009765828772477,-0.6256852065799483,0.5061833481356129,0.5001110212648324
8100,9000,-0.9420484573498552,-0.8517446122924471,-0.19368045898284122,1.114832938676917,-0.026671342399116643,0.4181112996486324,-0.5095125487545812,1.0440601007858896,-0.29348642882119097,-1.0247674938519629,-0.5824472128782447,0.4869930349873203,-1.2248687173159578
8100,9100,-0.23541030282384395,-0.4868163227327866,-0.10489786543672391,1.632495315348655,-0.7428767038087,0.6669475632301316,-0.9059139771371635,0.9511286319928138,0.1411800162291788,-0.9692872091556918,-0.9330540665203411,0.42483648000683,-0.5862398191569337
8100,9200,-0.4294688852594985,-0.9197483759269938,0.1997343198339597,1.6448982976779762,-0.9793021654063329,1.135258859755037,-0.8048506366431885,-0.07438709746899581,-0.4604557766892808,-1.2159868414250536,-1.3880623456198153,0.2607611455832242,-1.0152460006526627
8100,9300,-1.1588253729282885,-0.7327060213331318,-0.3156877764417965,1.3091657428300791,-1.2473824540445935,0.7341526259150245,-1.3720236562234018,0.021996970546719733,0.6963320166411638,-0.9184907629309408,-1.5873117637420326,1.0806171710410333,-1.5300913806928147
8100,9400,-0.7303475905267404,-1.0447081828746585,-0.12441442494077998,1.3778289114169124,-1.141200801000463,0.7035640923139853,-1.065571720246133,0.11461498346571267,0.03387786904154754,-1.0595463786840251,-0.9803967295201331,0.25964976876201307,0.15182621341242844
8100,9500,-0.3462763906370371,-1.2086132565610124,0.1721876271461852,1.8730238768896612,-0.3519308345584188,1.197951054699141,-0.8805901539090006,-0.3560094627499043,0.9622589427602117,-1.1449653029854576,-1.1313247966777014,-0.31037357674875765,0.057462719624849674
8100,9600,-0.8160301257636884,-0.868421792397327,0.49214178094515226,0.8157963520860186,0.11592321516910876,0.43056418709385086,-0.4528523589026901,0.5877293780482039,1.0067002045369908,-1.4184653951623496,-0.0049793844336919555,-0.1726917935804244,1.2058433358248284
8100,9700,0.015123901963268589,-0.5814740470694094,0.8013305992262699,0.48420494724356344,0.26646437168856596,0.39614075722739256,-0.3566784000746878,0.19387153976372454,-0.2149000992979808,0.10711205010986734,-0.8616762318216161,-0.7830857840633093,0.7265711004531828
8100,9800,-0.2673210942413107,0.17311795837879382,-0.5038206848148468,0.24403426321054597,0.24782767434237177,-0.8822241494201182,-0.5472899862274709,0.6218480339659818,0.3636351008225241,-0.4746852276692757,-0.058271619095024624,-1.0774444285097284,-0.4548700174907323
8100,9900,-0.5935040161222921,-1.2399325718284486,-0.6806798819237467,0.12203319898727753,-1.3788671942535136,-0.9819627508876992,-1.2068200268320757,0.7800917692359157,-0.01846924430890451,-0.1446388714750407,-1.0933065237413455,-0.49655124617019575,-0.5578831835699598
8200,0,0.48961745641676585,0.14865408651025835,-0.5638653073741182,-0.41404820284846966,-1.4139662403049675,-0.021637933581096013,0.04441735788504221,-0.4393344802581069,-0.09991033690682612,-0.47767338708656615,0.22590451297454092,-0.15799055153266733,0.5265799705104643
8200,100,-0.09005897214436462,0.07966598292347088,0.25414792438533884,-0.0838845110904509,-0.1265069124572426,-0.3427004784761805,-0.27479878382532297,-0.06912190173595807,0.20628001223121678,-0.6416624946632519,0.23064790869532803,0.01861622944524987,0.8168426096742106
8200,200,-0.12961340987845021,-0.556752263326635,0.19739537365554588,-0.6877123714508836,-0.6639911150631015,0.21328328080077408,0.12203995913968765,0.17718291650687293,0.7498217187788819,-0.384883718420208,0.06384136044361537,-0.6299521298060675,1.2422938617674144
8200,300,0.5344314066124963,1.2064901972067832,-0.5553038165554481,0.14871969130131912,-0.08539089145805655,-0.2518050315273975,0.776196524371677,-0.32790535219577416,-0.21624600496868984,-1.0263646281569772,0.9363241204976885,-1.282580831670637,1.0220524681441698
8200,400,0.576173944419434,1.0563132277660536,0.05442794276636732,-0.06239307927193489,0.052417698362992496,-1.0639647622238573,0.39573309736122436,-0.23254517356065438,0.2020406455899832,-0.8033487086710294,1.1729031000399273,0.043709528101248195,0.8825717571880128
8200,500,1.1795325946033737,0.7813979731450109,-1.1328980357094078,-0.1417107656581821,0.7574780911300983,-0.8938182333577307,1.5004215386711082,-0.41205032898631044,-0.3052987700937157,-0.770216508937106,0.6645380701700132,-1.0683898213248166,1.4207330584545157
8200,600,0.04204018400962442,0.9483268015795052,-0.19966715869741122,-0.2845312543059412,0.8033142846522936,-1.133041518661006,-0.3236773968874918,-0.5636039212556113,-1.1215177400958574,-0.3825184980925677,-0.030891651069897764,-0.6512699379014386,0.43878504662332896
8200,700,0.3869125699174056,-0.26802390972970735,-0.0776831401867804,-0.9767458977720435,0.816337561293738,0.6933643182593507,-0.3008969891411559,0.3323233584318185,-0.0406995293182322,-0.5316825291729171,0.27817986448465304,-1.174029986279666,-0.02567192803472579
8200,800,-0.0500864346671514,-0.02149170605750882,-0.5660909225406044,0.16785002170247101,0.5273481297973972,-0.1809294042762518,-0.7010373032318481,0.3369793743589959,-0.7883398155714486,-1.1789667824405219,0.12911906511340987,-0.7115115146643467,-0.01958229209515149
8200,900,0.6283835941511801,-0.10883508306860536,-1.2262705374391747,0.34882844932927415,0.7574435119493784,-0.14769061893734067,0.1223952563991276,-0.37117075447984005,0.11795321517494958,-1.061325559195109,0.1798324230466262,-0.5021804932278228,-0.33253362863059965
8200,1000,1.7018113445099226,0.42765533079638046,-0.2673783644090431,0.6936478694749475,1.1924412499198807,-0.581715330211952,1.3245986395897646,-0.4912344875925042,0.0803394011371838,-0.06254066306580947,0.16246162873906048,0.05137506997210906,0.9737696341964319
8200,1100,-0.21933908211295852,-0.8511986974046261,-0.5043403857840928,1.0702031649427945,0.335423332542573,-1.0325741001991804,0.6509040714891017,-0.7024304462270197,-0.4693575076833304,0.7072951638908141,1.0476268944149638,-0.21258614859039915,-0.1142363974997851
8200,1200,0.5656637038354675,-0.9157364940224788,-0.45692002038164475,0.935720578164927,0.872963900708864,-0.10241394323542445,0.6477342774504706,0.1927043977036481,-0.5650844389966165,0.5812065786139069,0.2612218506314132,-0.824725639631057,0.5543594429129947
8200,1300,-1.0955855447073561,-1.3731637098989067,-0.9725019972430696,0.4002502272890387,-0.8278314614882651,0.0018789715884952563,-0.5279196944668815,0.18448402900763083,-0.9057578187087788,-0.5471699237169084,-0.6242457520159704,0.08745708716744825,0.29091868294822454
8200,1400,-0.4513562483732249,-1.0145193387335854,-0.5658123276185516,0.966322087021945,-1.1596724087522445,1.3800079742281752,-1.198724132434181,1.312183720621676,-0.4491252040801282,-0.8708653758608076,-0.7580091076342822,0.9645224032388149,-0.9598630979545258
8200,1500,-1.015312609160674,-1.974486551153101,-1.0337193219384049,0.7684862765558637,-0.9948304390094105,1.1233162731799884,-1.2180894758774712,1.1971278950351623,-0.673296642525458,-1.328336816709246,-0.6087738178985925,1.0135888362081489,-0.9381242618128289
8200,1600,-1.4210819855987438,-1.5101851092204366,-0.5124612943145345,1.473082071914633,-1.6310455973053477,1.4511601597651338,-1.1958769475884714,1.9190267480409995,0.1055656437595444,-0.9695972994650287,-1.2898280128532094,1.7776475808156509,-1.814279240210208
8200,1700,-1.7536205406923107,-1.2799345857499151,-1.4925128408430752,1.0978883327759548,-1.8471144548400824,1.0829658105916609,-1.202909980247417,1.1517685057746105,-1.044354204418974,-0.9356743502456906,-1.1106281164964071,1.5494796973968918,-1.6920053755847781
8200,1800,-1.232040247542745,-1.3355965351833246,-1.4526215238837676,1.8478732534500544,-1.4300484280376031,1.4483524029920962,-1.6681564887324754,1.9017875820438095,-0.2674211278868258,-0.62242163267474,-0.6597830680715763,1.610750831878004,-1.4173719568978487
8200,1900,-1.4843158028902081,-1.1454416099689164,-0.9450959635476073,1.5335629945207594,-0.7404290607076351,1.7385057162553574,-1.0974570462025879,1.3436934715681714,-0.3465981394868555,-0.8653451116715021,-1.0053856647939956,1.696348727910726,-1.2376394789119478
8200,2000,-1.7343515884218312,-1.5688648639482257,-0.9277608034161863,1.902097152730912,-1.3516016049984598,1.1852118956381816,-0.9265243510423183,0.6617256591814834,-1.034785893850976,-0.6405272140146914,-0.6485683137351543,1.3575127368061997,-1.6124752613532394
8200,2100,-1.3172985397836603,-0.9339635516802256,-0.4342632940395198,0.40488039159067707,-0.6001215321293268,1.7877001934861247,-1.1704694286180297,0.9389511320998597,-0.43923737434554067,-0.5765288789283337,-1.2201326632499065,1.7293864832109294,-0.6430743775375055
8200,2200,-0.8601119289700518,-0.6359423512855122,-0.6134598154036853,0.2548943934831389,-0.8856869816681748,1.0414183076868275,-0.869868670844359,1.3816357861034345,-0.8217035924558181,-0.05116041137908741,-0.8096365395073087,0.7465099139000183,-0.865349009401072
8200,2300,-0.45823298002460233,-0.5227114515924737,-0.5247270477105936,-0.08008432497634987,-0.854068049269352,0.06313205904307989,0.08130360926489329,1.654220931033179,-0.03007842824526125,-0.33513386511196647,-0.46461602220515297,0.248968726759905,-1.4501499083294158
8200,2400,-0.4582769798679164,-1.5527902373760916,-1.2452862393807478,-0.6474180949825685,-0.5724499167326874,0.10446931355251411,-0.8541168450528949,1.068293540324342,0.340598229432808,-0.03135624223376043,-0.34334971138380577,0.022430664879882933,-0.9014202293468739
8200,2500,-0.5119300263692953,-1.2279008925426091,-0.8477261841721446,0.07944926669247801,-0.7206387709124239,-0.021619904590019424,-0.3565326025826807,0.4528135846813148,-0.6086723003551003,-0.4978099674377524,-0.4814008026443284,-0.742523712384861,-0.2146956069675406
8200,2600,-0.7996652377303594,-1.3470988704425446,-1.127938949380357,-0.731280974868613,-0.4528621112888718,0.5683237405990408,-0.9362201135360719,1.737649675537623,-0.8016149276323487,-0.3690100204049474,-0.8521743364384067,0.27442067587198127,-0.0361397691490409
8200,2700,-1.5462063446733127,-0.7909924221488956,-1.588502300639794,-0.05453478488810404,-0.2549362239343653,1.2610673779446235,-1.755304312644135,0.6685990277711437,-0.40747581517848175,-0.7487599949345219,-1.1817208217903516,0.5619594334026684,-1.1337403335855967
8200,2800,-0.7838592598754964,-1.5650900281266165,-1.7165011098958218,-0.02941348240589496,-0.9095236003623794,1.3337532145345463,-1.2262693026830767,1.2626198158994328,-1.4291333329333868,-0.4667356214338934,-1.0857101580714605,0.7443663906835166,-1.0269274841568632
8200,2900,-0.8775778568399752,-1.5142001889340133,-1.4617994964189878,0.6585041357946739,-1.1628999880884519,1.6490577410758176,-1.674646563376845,1.1225415946594657,-0.5254805270692533,-0.19106843060856524,-1.1144947880336262,1.8742947637406961,-1.1997511953934974
8200,3000,-1.5521623392162436,-1.1574931318449009,-0.47506872784173976,1.2252594317567211,-0.8971321187510269,0.8051905335024786,-1.0460143482920683,1.7382691545162612,-1.6473484182539355,-0.7920486076661714,-1.1361625502886525,0.7035584507738004,-1.2756220567445886
8200,3100,-0.2765299234798316,-0.10472934153416491,-0.868002183732839,1.0512322632003641,-0.5866847686448151,0.5117636723925937,-0.6681284723618512,1.4109303149343768,-0.1084039171989717,-0.6317094619533163,-1.0772631637487862,0.6810359412777477,-0.9901497433425647
8200,3200,0.11260543348125074,-0.8229538705213075,-1.0217217071470115,-0.26249088621545785,-0.33612456176720423,0.5128822271451929,-0.45588667489801266,1.0805941587162944,-0.7118060905747502,-0.10688489246183255,-0.17199105893854072,1.1654022342809645,-1.3836220604344514
8200,3300,-0.6442869373592016,-0.6204670061358686,-1.1700310995878451,-0.13902786895866934,-0.4868875960328649,0.965780220499982,-0.6858240129987694,1.0923695379087315,-0.2754169152537012,-0.06241827741598023,-0.7136654999610602,0.11474361699203947,-0.9377098706791559
8200,3400,-0.13726514842685114,0.10196390982865605,-1.1858220249280582,-1.1255241207823727,-0.7097958351389619,1.3052211637198672,0.09235982357443984,1.2236029857573936,-1.1181677718594778,-1.079411404338585,0.026137491997866046,1.0668580202613245,-0.3703957676933603
8200,3500,-0.7991858765266006,-0.8792595146992181,-1.2252059905840342,0.2861456177851757,-0.913766858414986,1.3636956019842352,-0.34281086875690925,0.8993383559773523,-1.7245146420778348,-0.3216068961837067,-0.3206336510154779,0.767572181388898,-0.8277566705197493
8200,3600,-0.5671537767654131,-1.1317504064605082,-0.5301257078393946,-0.6664345647090935,-0.8167870809222753,0.5124583438396767,-0.5533504692810164,0.8380327395033176,-1.096314480282853,-1.2825603011143316,-0.5346973957769238,1.1655290345456768,-0.3902868409896498
8200,3700,-0.8441842392534413,-0.725983982372622,0.1270141956449828,-1.530305224942847,-0.8963392284711614,0.5422061589533402,-0.49456591847553744,1.5845783725223637,-1.114296651638157,-1.4370690237780546,-0.4720950461831525,0.43073965911686224,-0.7832975956238273
8200,3800,-0.26969966519332866,-0.0871264648636628,-0.12108575409200809,-0.7963772856376814,-0.10992733984861223,0.6887815285160332,-1.1838132783714068,1.1436554230591285,0.9362735681621317,-0.7480899796851508,-0.35932233579561973,0.2815456505947376,-0.5936925175909472
8200,3900,0.005826210646367494,0.04326576753450432,-0.17671042732580025,-1.7308397167734613,0.3469207739188358,0.21857760941028614,-0.7153001559813598,0.509740903891131,0.9750967415051572,-1.3155057951456444,-0.5904215996201021,1.203753408059405,-0.18506520286215045
8200,4000,0.15065800335955556,-0.3022719184897197,0.3305235634653773,-1.6034326700154033,-0.42353022149146896,0.618975824566813,-0.6337212254400274,-0.04902108114919808,1.4076525670065487,-1.096178742587765,-0.8649348034526928,0.61427666422869,-0.10272248319564055
8200,4100,-0.985209577750545,-0.18196341897104287,-0.7963552913543712,-1.5273858586494613,-0.9264992272695507,0.4782922756353215,-0.9292484788357465,-0.18203018264884327,1.5737478474068762,-0.556098951283854,-0.9338467798873037,0.16220780802191775,0.1689213020692638
8200,4200,-0.30673507067588685,0.6266865246304119,-0.18369889544363066,-1.552872547663068,0.922214633416368,-0.6865683924253533,-0.5935964504634978,-0.7465361231991559,0.8899807417823049,-1.1197428017749496,-0.07814988243166085,0.6542818359258074,-0.054311608744582004
8200,4300,-0.882164383693893,1.6336689462190763,0.15302102877760315,-1.3450023409527,0.860296511322252,-0.2875011149643996,0.07969866834840938,-0.725238255623057,1.4053279756172172,-1.3551304021219335,-0.28475348416073604,-0.2106093914169468,0.8609888857852677
8200,4400,1.1975593819503136,1.605884586950769,1.6731458622623707,-1.4541440531196093,1.2982672146859706,-0.6552921020415605,0.8024442729828977,-0.8494243560660267,0.7677590467281251,-0.9971411904590416,1.1398905290727015,-0.3477126420408906,1.504385458397895
8200,4500,0.6739391211839475,1.4212217641144735,2.072212596524939,-1.3076701462436295,1.2396820035414295,-0.2749283614753882,1.4796764955219759,-0.2563886523786888,1.5628867004003113,-0.5149633442273738,1.6819872032959113,0.33147883470842576,1.229956204554054
8200,4600,1.3612411655005874,1.3730443337857763,1.84972181573868,-1.8113521768995158,1.7029472126707594,-1.5786062554678326,1.6808147519189027,-1.5178477742861227,1.5335734117869473,0.7884206313383962,1.3179181646104223,-0.16348651419992868,1.8574751454019078
8200,4700,1.967542956325629,1.9136207411974469,1.8793991720765362,-1.2046747108059026,1.115016645324631,-1.3756847026810755,1.6440281912802457,-1.6046722430721818,1.3121468098085298,0.7795219570891613,1.6985096785429978,-1.0361831088874847,1.7290831740803385
8200,4800,0.9513232469835322,1.434948631423803,1.4191091729385081,-1.5792474542362633,1.862999975857795,-1.7594836115012455,1.6047631997476697,-1.22375169266228,1.9534394438219682,0.5919354188883311,1.614693947636348,-1.5257812739530026,1.962257069060266
8200,4900,1.4618480624234698,1.8085617693657288,1.8676545294208993,-1.3127963261494324,0.7292110275977655,-0.6610846092912851,1.307395676701291,-1.255751673395638,1.9574591635011143,-0.9915496280817409,1.0936884327921343,-0.8573574197926843,1.321501950452349
8200,5000,1.3591546219521986,1.458918822792683,1.5596380204668465,-1.3756879053075157,1.2233239554704902,-1.364155833294962,2.174478466281818,-1.6315702979526798,0.827662668801288,-0.05216802361364722,1.2894039211144803,-1.3488425658365362,1.2316524208916109
8200,5100,0.7533729004166745,2.436436915151671,1.282465531345262,0.5952291625470714,1.128928297899173,-0.963825023830929,1.8697044996894083,-1.2417544923919384,0.5593567353994369,-0.7081607967058661,1.9264248043704768,-1.2731214493885283,1.2386217953774996
8200,5200,1.0338044598263392,1.8765015883537435,1.1278657895319002,-0.8192149805906926,-0.4735114874784877,-1.0514723968352733,0.8194233478332082,-1.6904099193103068,1.8478503920865768,-0.848971484751637,1.1802334681404907,-1.5539229291262298,0.238610843635425
8200,5300,0.49036194318061904,1.8453422586087798,0.5426151284771824,-0.1459201857558009,1.3670543785211624,-0.7241632319453716,1.3305930416520133,-0.4764550088817212,1.3664692761123527,-0.7367960787620522,1.352941709185259,-1.5480805217669247,0.9095091951536225
8200,5400,1.0802963740839415,1.2452919382419307,1.3369949018254916,-0.3318198136829543,0.7690399797853011,-1.1192024275481518,0.6969499871405918,-0.436796919385129,1.4624295078526972,-1.4792754003268442,0.9308247591354629,-0.648197754912644,1.428253122016946
8200,5500,0.6897184743563423,0.03951019750033986,0.5594375778840344,-0.8953987611522314,0.7555460866606779,-0.5515198529004345,0.7561197127773378,-0.7001988193509471,0.935330248831351,-1.7184369509339588,0.5254383165387744,-1.158126098361083,0.40100188839366796
8200,5600,0.24010390480982993,-0.36532974192357975,0.052809754173541515,-0.8502463267389655,0.08270282755872731,-0.33253785054143614,-0.8163488380413368,-0.016905552300366743,-1.2435991280403014,-0.492821983430009,0.010601614543286895,-0.7538189143907786,0.15442510494570474
8200,5700,0.4647185590156778,-0.1382778878006562,0.2891780008432762,-0.6483399098927709,-0.5233122100916675,-1.3490114596666558,0.4082070404484174,-0.26206115329785834,-0.7336029715853518,-1.538091937609858,0.9506795229166033,-0.8589294829138964,0.18265838583928226
8200,5800,0.8905263991179319,0.5885629361583213,0.8256298048330429,-0.6138892122169668,0.44931932273511455,-0.2671376969536346,1.413525980440481,0.2510519663591566,-0.8362869612979916,-0.6774434544167705,0.05856202688790482,-0.6408213159408602,0.5418719863582058
8200,5900,1.7263331195482428,0.12538617964147442,0.5999364599573112,-1.0868394569733306,0.8790955530889719,-0.93357135253144,0.4211751542743758,-1.759580235003982,-0.362829949969254,-1.0890043827267522,1.1435711739629328,-0.6826241122145055,0.5993175584628758
8200,6000,0.20548725650317354,0.05000676056451395,1.3926519287762689,-1.0064402622647768,0.2580576446816458,-1.28769718343189,0.9675561586836646,-1.3373278636917818,-0.37688154390971845,-1.074274731850818,0.9026156302631059,0.007032304082634626,0.9856970418699956
8200,6100,0.7654283504181224,0.2043534015279635,1.182423341563441,-1.0246152455108375,0.951965552263076,-0.7044403029618669,1.3033725318583493,-0.33296343001070816,-0.018984235275666672,-1.3169165339381477,0.6424224766726444,-0.4377360525485855,1.3666040199930767
8200,6200,0.6151239324390207,1.0075218381001059,1.2791445536348425,-1.2833763354019465,0.9192547714225262,-0.3026211817386867,0.46419970318177634,-0.5280186974570817,0.5252887367774507,-1.1631951261080884,0.03275979674272686,-0.9639190540733512,1.2726748002074633
8200,6300,0.8648246891105826,0.9469668538765539,1.3858468485761013,-1.2871057838702606,1.3779884871921362,-0.7520044335166486,1.2412259517581432,-0.9220861491752057,1.43953727827811,-0.42228808451443717,0.9227430973502521,-0.2969057993991465,1.4490722611715887
8200,6400,1.3602125406762264,1.417792120943785,0.8698129155019282,-1.4967015564155957,1.24646510424982,-0.9954692842081172,1.721275569280699,-1.115268854108748,1.2178529411247427,-0.9825484743011746,1.5695408755694953,-0.7915919535481687,1.142793218977019
8200,6500,1.653450226202096,1.4734391097508976,0.9067797076679006,-1.1289508999211322,0.22749438490982965,-1.4851917096531266,1.087208927950168,-0.8959932696257228,1.4237264864819448,-0.453315939140284,0.9841131385897511,-0.20774250433899077,1.5747073619999437
8200,6600,1.4760839750983252,0.6138351208462441,0.437919287279089,-1.404174342458288,0.8548980915498057,-1.6802739894444068,0.7833910331337417,-0.8625778635059138,1.152052858519045,-0.23706409732081332,1.0876335866979838,0.007371377512556766,1.7165620597131925
8200,6700,0.3375696984735768,0.7725220249555825,1.1395375367884668,-0.5360235343690252,1.008302545884491,-1.173004484654332,0.3028758054296823,0.03208208426394554,0.9321920294345715,0.47700596106271526,0.38549829184001794,0.11390030212223866,1.623014573178311
8200,6800,0.702990142584274,0.9469271276765062,0.93907181787539,0.3828310406784057,-0.9645279861507857,-0.7549093030503734,0.7699920210159705,-0.6506407912252276,1.5682214848740001,1.789699528003649,1.1062354377589099,-0.3576748521814505,1.1650526154894254
8200,6900,0.2616125477583484,0.7078325963099495,0.5012762274179754,-0.3663297973917002,-0.28455089497469743,-0.8191078344190704,0.12040928966698511,-0.7694669367942333,0.9001395779941537,0.9414706838178489,0.8390159476777619,-0.010255875805181886,0.7972169155113519
8200,7000,0.22942387058112845,0.5284595128697188,0.06233166722656891,1.0889535920259226,-0.6840883985591075,-1.7005072932967358,-0.024451601346382277,-0.5703080282694494,0.38223054406351104,0.8049924674503012,0.22539869021227843,-0.4261948493191669,1.253913874344209
8200,7100,-0.6151287157357097,0.01096784358467763,-0.48259262708863904,-0.21675918316418016,-0.002750156202578623,-0.9065044874548221,-0.6912590469470303,-0.6873394428769941,-0.0926236710301303,1.8652629264213376,-0.1963370468198597,-0.9926187973332291,1.8213964363032686
8200,7200,-0.445573233801419,-0.2007361976806612,0.19718665172314892,-0.8609356297537577,0.7132875576779888,-0.737799074336122,0.983337610183621,-1.069526689229428,1.0406956094583055,1.032833569894024,0.06174466980163407,-0.6216669960901507,1.6553333167814266
8200,7300,-0.11293074664950528,0.6771051203265365,-0.1532933383685742,0.4322387692328919,0.6017729232955208,-0.8224886364206871,0.2801134583135602,-0.5091946055749219,0.8963659098305674,0.14996183656157921,0.22403122601288458,0.005295145116836945,1.611246577528661
8200,7400,1.0381641730211977,0.8951823142387346,-0.12333207112430493,-0.7909867323770926,1.3967278588845953,-0.22884537427807602,1.2850980453666496,-0.4349547759456273,1.7029423642172576,-0.010399748379171276,-0.18724866395121303,-0.4834002400558326,1.1458803311970882
8200,7500,0.8228458742098064,1.4837510002644427,0.393602558241997,-0.3684527912299909,1.0596725496868136,0.1493297999064995,0.6892198787926616,-1.0440465683025042,1.5653846278275423,1.1073542718722613,0.4320512181423159,-0.5029064419432817,0.3253531773823164
8200,7600,0.6174739664453872,-0.3766547673411378,0.9602468017011908,-0.40188903996392944,1.1667115822577834,-0.580586727629712,0.8634046244985222,-1.0092559435843838,0.587110654415114,0.8687411046466434,0.9884594676196845,-0.02554350691540531,0.5234841423688305
8200,7700,0.5675995175814724,-1.3775549260523006,0.3005802370126452,-0.7502541217339616,0.7627728847633949,-0.5378511644659936,0.3750303093690622,-0.2681581122319411,0.9042167619473124,0.11748890333387328,0.03072886248234062,0.39047128782107227,-0.584340429695873
8200,7800,0.8031970339407952,-0.12196859416506206,-0.24304022243186638,-0.5931979938749586,0.38060813340328575,0.06754046579753256,0.5074951715465071,-0.07121928129179612,-0.4532196525877299,-0.8492515401966036,1.108969359693092,0.4530285306412064,0.4371274022268489
8200,7900,1.12642396701403,-0.4620693917128302,0.37196489541354655,-1.2701001350246577,0.8244073958285313,-0.24977615199465655,0.46765693483228066,-0.43744935686192676,-0.637740762421998,0.7432043111804372,0.9302544316953191,0.3344345889373288,0.7980534328203793
8200,8000,1.4921861849343183,-0.7214180176748846,0.27591361850303386,-0.5291685784624572,0.6269231028918381,0.06332512651564559,1.7385382438270403,-0.8872540214104375,-1.5604398009449911,-0.7241419663880001,1.2017469344594374,1.4262884561548734,0.2517872516894164
8200,8100,0.4681043524309187,-0.5739763651855995,-0.02385156732302653,-0.9356241397205114,0.805716147920352,0.15292823781806303,0.07430165682218907,0.09769252360254145,-0.6813596814110796,0.4071959485454572,0.7412354609777246,0.6622568280241238,1.595958846362069
8200,8200,0.19495642468062915,-0.13129632138890868,0.19261742583116764,-0.6403335418903107,0.5810896140693071,-0.6025115984515426,0.24071236770541088,0.019617580414248454,-0.6589164674001536,-0.29412877891476613,0.1761729452170981,0.8184696648866822,0.9169015982517907
8200,8300,-0.5222593240372818,-0.6947490922041043,-0.17261955373161714,-0.7463422312627314,0.16826221469389105,0.31625013914982686,-0.12756287667666227,0.8773442495805275,-0.9859393532391892,-0.2624130290296438,-0.567780466614496,1.2991803393208023,-0.08249633016641118
8200,8400,-0.5089418500565633,0.4038798838027515,-0.31785964406214984,-0.015309004031706631,-0.8564826713991891,1.0425089590200032,-0.5924904271980033,1.1460100874911676,-1.7828478423837495,-0.681700193570046,-0.2696656200855445,1.5504435654855895,1.1411830968259185
8200,8500,-0.11111710459722995,0.06886229801092283,-0.5113591433595265,0.8814828129596989,-0.7806530959647212,1.1832552553504685,-0.901715606913641,0.16113224492120293,-0.004260502318485121,-0.31834442771913585,-0.8718781740742156,1.699597837948218,0.31594071294110665
8200,8600,-1.0867334372615234,0.08411403864963206,-0.3749469557753041,1.1229035149989193,-0.5803320083998077,0.20419478576743644,-0.642459134219475,1.0429849053176077,-0.07249762380442067,-0.679780932622388,0.15916517486157944,1.527497568416651,-0.3818769857268837
8200,8700,0.3912899764662664,-0.09790993315340994,-0.07560312532664226,1.9371038766001487,-0.7599864850964986,-0.3961724370378016,-0.5213852422453729,0.1541842752526147,0.6306450090609799,-0.7408843234974574,-0.03381914791173554,1.8342504862400268,-1.0490187600745657
8200,8800,0.011235420902596277,-0.07757299720598947,-0.8283937976037703,2.0613202292206263,-0.7221202237212172,-0.08422979311530733,-0.1505249111061812,-0.2664820119795682,-0.4342145966796519,-0.8578866817705446,0.44540823606365215,0.16779937899394679,-0.13570320828084576
8200,8900,-0.3227944594933706,0.10433243373336115,-0.19234571240002105,0.844132911100768,-0.39266387937629776,-0.3688472331383773,-0.9266600903755978,0.7143403029013117,-1.4313407354010819,-1.4729866062419799,-1.2200902569624976,0.6833935025422029,-0.04398430034022199
8200,9000,-0.37516382884111227,-0.7897999122168644,-0.4516089587105401,1.335324247325884,0.1209838141974615,0.6633683365738685,-0.6458533997002509,0.30847691442452074,0.4176990418922907,-1.0122066900661304,-0.18331553242785487,-0.040460350802306706,-0.43053417400279004
8200,9100,-0.7764720356721792,-0.363267256406176,-1.2109260192591151,1.2326349317846834,-0.8538301248747926,0.7411874565517576,-0.6413569176976543,0.5973282103285126,-0.31192662754185213,-0.7561310793572669,-1.6244070816700336,0.08697282842839198,-0.708078686964933
8200,9200,-0.7687370686981864,-0.6530218293823622,-0.5759962173746511,1.6162899405462823,-0.5674369420915334,0.8068169642710842,-0.914788645564346,0.04420557483932864,-1.139690518346615,-0.3541722608897337,-0.7493770155334706,0.05504207921143036,-0.5598057057905572
8200,9300,-0.5689974499817995,-0.3782712758472711,-0.8443298655011532,1.5874026464569813,-0.5637674253672086,1.0769008686230663,-0.6709126095950959,0.9030184965034055,1.1928294333216791,-0.8273527624490693,-0.9424164584169994,1.5007176406993878,-1.373822160006061
8200,9400,-0.16015034686462407,-0.5985803793455726,-0.14611572912257614,1.4770654897613722,-1.0498817637426445,0.5463708084506186,-0.5191401966016668,0.055661100130131785,-0.20850013274140902,-1.1270192018921594,-0.4805454611097655,0.19403983767390584,-1.3943582339917464
8200,9500,0.5512844050684613,-1.140746510163605,0.1541163368588197,1.0975491168899374,-0.30216036054161355,0.9659360054307278,-0.5887877682391681,-0.7911379388128092,-0.06088652639828789,-0.5929959764754525,-0.5872799111591029,0.33261966225886924,0.04587709903076267
8200,9600,-0.274095299843837,-0.8411137671236197,-0.6279981833351951,0.4902105252295256,0.06804800657709043,0.1463616311214031,0.1932079683477879,-0.2545877069555935,0.4987769603237747,-0.7732641224530913,-0.22066103849671762,0.24158364889513628,1.212746885287037
8200,9700,0.046135980035127845,0.10359298929343927,-0.030955764074077886,0.9930335396354553,0.09558601844229524,-0.5299472288765584,-0.2784968431294783,0.6758440992010561,0.01231514900045418,-0.539749781715505,-1.104589332099853,-0.06341554767737244,0.7170487569619755
8200,9800,-0.4950675974700951,-0.04845657548935369,-0.14045241813011353,0.3668530702988568,-0.12109201341980452,-0.7945180121368786,-0.3071485022788408,0.7211889252982575,-0.8142649579512683,-0.8981366472311302,0.06245743403745944,-0.7276970704646389,-0.8107645874730314
8200,9900,-0.986670517954924,-0.6360091971297067,-0.08772946392194843,0.4659284832336426,-0.7939796669165503,-1.0044510550341994,-0.7186312206629439,0.9083856600413499,0.20669342183002942,-1.0735141928712446,-0.5462595051561691,-0.46648658092620776,-0.8510628789366378
8300,0,0.13091969685255256,0.5827869696889726,-1.079550735513404,-0.29231150541286594,-0.09624099249730632,0.10712648418568642,-0.8772074007187393,0.04313380814571574,-0.8062133127976467,0.20596229796665091,0.4881562501030013,0.4669541426759708,0.24286546064337702
8300,100,0.29684762579150675,0.6962212495168013,-0.990186588041473,0.329561248328569,0.028828041258038117,0.7490357274015189,-0.38529221837680805,0.06817199489093696,0.6244032951980013,-0.056933935752897354,0.373807695497777,-0.4959409089271864,0.624952172037799
8300,200,0.39749075320111205,0.15963242161454153,-0.13708932767973883,-0.5396780229338825,0.48881829483907974,-0.08587926320550747,0.32675832806937477,-0.07731814751297095,0.32723327788371703,-0.1796997637277057,0.5169148649025753,-0.3779735792293861,0.5904050963910997
8300,300,0.7739558602118917,0.3576684067445304,-0.00275264584224076,0.8318492058054251,1.1624625236139101,-0.6180019184039187,0.6774251869012159,-0.3945674947993853,-0.07451520784972526,-0.5616511155692965,1.4176518402418583,-0.80354952564823,0.7142335940345792
8300,400,0.7446342476246097,0.6053968344882966,-0.4573513856989874,0.02595474095635792,0.14111606212219127,-1.3944401857741267,0.2874797362662004,-0.40310911909392116,0.42580277110063597,-0.34381816188743153,0.30051871954900194,-0.8878633808829863,0.27871193899992697
8300,500,1.002198212832725,0.6039295966771904,-0.9238100661721748,-0.4817621567938445,1.1849133687092759,-0.8847839454240694,0.9868107867543825,-0.5034429895800546,-0.4458259703964967,-0.03022566800165259,0.5548630068839246,-1.4374987455882027,1.0075595741316425
8300,600,-0.056826923577851636,0.7890306808741366,-0.6613703195623525,-0.7217708674507163,0.12123146818455804,-0.03259470414030825,-0.6752643930337778,-0.1942914699866207,0.03979772935803292,-0.7758406303240812,-0.3708338499261521,-0.3634026540369237,1.0481060894464034
8300,700,0.8466770940921515,-0.1516837832500351,-1.1372199261147384,-0.6577531979344335,0.7705849590842986,0.8341595135807387,0.5870151638376412,0.11809488329518018,0.8290911065857329,-0.28618676059445164,0.9017563233354573,-1.2290959835503013,0.12031769842037053
8300,800,-0.050992080469657364,0.35713011110583004,-0.6935240059713443,-0.6517248703037608,-0.0029167599304995412,0.3532616236869846,-0.12542104431407292,-0.04856870185521293,-0.7698763197936301,-0.6812306178560817,-0.2278877239724969,-0.7792080743285252,1.016299421425713
8300,900,-0.7241687618318091,0.7465374712955699,-1.2318303583653267,1.0161674507652334,-0.10678752854500004,-0.22733081979436098,-0.4299133373880914,-0.3767858877233417,-0.18577119126553696,-0.6150753518288866,-0.1512471401344235,-0.2822910030809832,0.25639625519591275
8300,1000,0.3043413360823505,0.11387860515546307,-1.041475100487815,-0.17575601859236306,0.6949834003609837,0.20006657703035216,0.9554888677901372,-0.37464912187136507,0.290579107269561,-0.07553857192257575,0.5978320485643438,1.0688139004131132,0.7250059856507017
8300,1100,0.2106940072277561,-0.756868656617683,-0.49546916874826497,1.1934749581677768,0.6045594776042955,-0.994140804908939,0.36849011887830574,0.12035967622720645,0.18723359444284596,-0.7370565638316707,0.6079181104217185,-0.36270865022751153,0.2588670398275017
8300,1200,0.8786635300002342,-0.5435368359387999,-1.2036619220810532,1.4564007717441017,0.3195430622501725,-0.5172814902490687,0.8144363620359882,0.043738828910450694,-1.1180632344456076,0.6698048578294338,0.6644399005393112,-0.8311487266688764,0.12572405172473325
8300,1300,-0.796415698470326,-1.1035649252151745,-1.2743562299692375,-0.25512674999050433,-0.9392911640631634,-0.23904408473276087,-1.0739482515848702,0.371136999040105,-1.3143049866725809,-0.14461463937386496,-0.3214471451671693,-0.2048610306713571,-0.22376217875865145
8300,1400,-1.3047761812477572,-0.7172537020134734,-0.7501842412162567,0.13523879647370166,-0.932705800701635,0.6539583032903168,-1.0890069679464176,1.4887709591251725,-0.3419990832977168,-0.20415641974464643,-1.0891378400456577,0.3623529411689722,-1.1475851735914473
8300,1500,-1.2877504254413084,-1.1108309635299045,-1.2543650617213538,0.5570843387689178,-1.2467204684537037,1.6792153402253793,-1.2895867967404357,1.2063699807636556,-0.6200315180114602,-0.5175462144766162,-0.9777293184443187,1.725447847207966,-0.9013318695757448
8300,1600,-1.7357216915481364,-1.5586785232990388,0.1123534605607977,1.4778666089839247,-0.9295980850717958,0.7487195128221503,-1.1436381779966913,1.6280471578845996,-0.9263544199490001,-1.402462153102193,-1.7388437315053158,1.3481799614654306,-0.9802293411345099
8300,1700,-1.7821760592730955,-1.448041953809852,-0.8503555992573443,0.7112469667868901,-1.4946924219991884,1.0870692698428466,-0.7997409394426043,1.5920789838232399,-0.8062819326656585,-1.059654768378956,-0.8183053762023251,1.5728482800012786,-1.2538344693974144
8300,1800,-1.58778439296495,-1.1696010134321355,-1.6199987050056084,1.8222170534763846,-1.7344442890995915,1.436953518123361,-0.9990182660296839,1.4493484258842861,-0.7710938146534674,-1.0115377552520348,-1.3178954488616583,1.706345262420741,-1.910282598849319
8300,1900,-1.5384610993121315,-1.1084366226545903,-0.6509110725249155,1.0999983077823978,-1.7201729268917763,2.287381972382665,-1.0413602041672194,1.528307128566494,-0.7664418748701651,-0.5708240373581792,-1.7792454279027041,1.8155048349370355,-0.573431040253893
8300,2000,-0.8976529170188203,-1.1779763268367651,-0.3209541822938567,1.7955924151921312,-0.952938077170922,1.0337210679045967,-0.7476345248261277,1.1219166893392118,-0.6471880863627782,-0.4061652295465905,-0.740674870690813,1.2726731360602164,-0.7370681768762404
8300,2100,-1.315689349747034,-1.6092277171548597,-0.3755863144167661,0.7071444425986807,-1.061449938777889,1.1733807051505556,-1.2286748923827877,1.3077181415162014,-0.9341198473090503,0.2004188303897774,-0.770316845449255,0.9313738772898701,-0.7130159820685714
8300,2200,-0.34961558347637417,-1.1709112372032227,-0.7224022751152455,0.41763514511277544,-0.35456889500235383,0.6331055077400531,-1.3210788192661032,1.4580750563643994,-0.7921389865668693,-1.1062651871726654,-0.2659886915309818,0.4251944415551864,-1.1052030579984102
8300,2300,-0.6088135605829571,-0.44049254059847814,0.07582602486318035,0.016549036199518433,-1.3722309734778722,0.33117684196149405,-0.8644554146866151,0.7990472521008802,-0.2001795435383458,0.02336813865716221,-0.8102876937744241,0.13495219409179426,-1.1855209732841192
8300,2400,-0.4195906918915208,-0.9366511263588799,-0.9997094825197106,-0.04366705731653045,-0.4525338591619448,0.6927558505682169,-0.21861111592150784,0.3762776107860917,1.0470490715664362,-1.0214084231383609,-0.7472743162363048,-0.12157505618681087,-0.6259987242230212
8300,2500,-1.18000800885407,-1.3504853734851117,-1.089590228851437,-0.19081660078323412,-0.06840723001963386,0.5968362756061265,-0.7736847204446237,0.22480899671057797,-0.7621892167317477,-1.0519441617164593,-0.28866140147453634,0.7753942091957532,-0.27520883100300514
8300,2600,-0.5881815774591107,-0.8151636767399275,-1.2456625761800535,-0.4211094250901049,-0.467918519903295,1.1086523837207496,-1.610665888526623,0.7583088594460656,-0.5849153126935902,-1.299168101546642,-0.870520009547353,0.539988533469516,-0.15447243795018054
8300,2700,-0.5636382803991391,-1.5239328709757312,-1.4435483577637864,-0.3229234512276615,-0.19123391586301672,2.2477034503824718,-0.564026944957037,0.06815661051287104,-0.7849512623676322,-0.7040615079960995,-1.0765207526161165,-0.13763170127833668,-0.9673981112667295
8300,2800,-0.17721164421677493,-1.3796905035124991,-0.9667970829312809,-0.08120679624783601,-0.3846090301076558,1.130858401565681,-1.569933908507271,0.9423602185578103,-0.847973139239456,-1.0084520164072153,-1.0688851816410827,1.1752410407039555,-1.5866612408689749
8300,2900,-1.218853206603431,-0.9756476616842469,-0.8807820019723482,0.1752881921018083,-1.065665017531589,1.3860323768423408,-1.6441800177013546,0.6504723656469145,-0.8326245090127204,-0.36639778031450954,-1.2589032159260554,1.157797222765622,-0.6751307018728876
8300,3000,-0.7091986199870887,-1.061827253960061,-0.9654045464233977,1.0367316944603455,-1.0462124288070387,1.746561660872576,-0.7726430887753077,1.8419763914847282,-0.7613708904515469,-1.0798793365865231,-0.8252103710085732,1.0214178629803734,-1.4413553107361947
8300,3100,-0.9004658366930121,-0.7601052327590528,-0.7472215219129349,0.8839195094594902,-0.2428395730019307,0.32544411302821236,-0.7697538009078753,1.5234210736204956,-0.7382103816677164,-1.2394401475201264,-0.6994511260849663,1.478998031452948,-1.3784245252235865
8300,3200,-0.571363447236181,0.634134403120243,-1.0781999632906485,-0.054878531277325275,-0.6357346961093092,1.0515360247221222,-0.2570516855847983,1.0436837644359367,-0.820608466467649,-0.8891839482859175,-0.5777579896899535,0.5769636835992258,-0.34771945820760014
8300,3300,-1.0878649119500905,0.12001092500501963,-0.6182104136330745,0.2505924053875057,-0.272384086907716,0.8644177023467473,-0.31597130074362745,1.7439960446165392,-0.47467116978265533,-0.6035764557708068,-0.8587659127828938,0.2862676106173042,-1.3423842392595076
8300,3400,-0.1101401781143,0.1231241813991847,-1.542243731447052,-0.8122513517683326,-0.5444936682013509,1.148582402743484,-0.8032216699803458,0.9721278939839839,-1.966133962283855,-0.7177529016518062,-0.5484629538701016,0.44758744081476365,-0.6864059741618637
8300,3500,-0.48533513809658374,-0.36947002570910187,-1.2013107708853823,-0.24706114322001077,-0.3182629732761767,1.20026713462539,-0.7599305989832595,0.6503993091328727,-1.3217439192827418,-0.7518811884396269,-0.9032479243700255,1.2710309703142062,-0.4707570306542151
8300,3600,-1.2466082937338085,-0.9037380882221779,-0.6126626813828328,-0.7607855204424507,-0.45499929453592614,0.9123864191205574,-1.030647535733479,1.4732951624987114,-1.2130672479087325,-0.6091572344421942,-1.2114383676895792,1.5725917667724467,-0.9861766033462229
8300,3700,-0.8057811696546856,-1.0020195043261886,-0.804435129759514,-0.5643971197057996,-0.07010029827035552,0.8682606740279114,-0.8905364721162884,0.16112735125806749,-0.6427359280219838,-1.822122819034991,-0.39022150205576195,0.8136175353963873,-1.881182579191782
8300,3800,-0.014774443953271868,0.24540156302393643,0.6045300096567046,-1.122299918945241,-1.2474619593666925,0.538743361576239,-1.4485160398591086,0.7555808520837735,0.4707487012594113,-1.222089747299111,-0.3571520228734556,0.14983423902754567,-1.6007689484945764
8300,3900,-0.08215335948073857,0.2239884164019634,-0.16557793016261124,-1.088752314069424,-1.065736102178085,-0.38415785663454954,-0.30338422773077206,0.9067022700820796,0.6128108600084112,-1.2707231544397637,-0.39171985936255177,1.003966334736737,-0.6281190548855445
8300,4000,-0.7587675086799096,-0.272423686828013,0.36654746304463964,-1.1996140573796037,-0.4599407798217325,0.852131573800515,-0.7398317710876312,1.1714609111327086,1.3468389584014073,-1.025631585465106,-1.2289180852941104,0.694144731715776,-0.609465662100233
8300,4100,-0.9044761062623574,-0.4419968770445615,-0.3912788542246706,-1.7562519926918865,-0.45204285356079876,-0.10651821156691554,-1.263145182868822,0.19811837005395108,0.7710244659248839,-1.2131522884647528,-0.7957205005587942,0.16759285885970393,-1.1908821961878227
8300,4200,-0.42681439915523894,1.2308700204077658,-0.06322832211697621,-1.8255308569715332,0.9782995494074996,-1.146907268999122,0.035093720143135776,-0.23758679248644277,0.2334579929744116,-1.0890824203129492,-0.8138627241022306,-0.14305070329244127,-0.6454709582699377
8300,4300,0.2706035751927301,1.7065233157136974,0.4850291604703689,-1.9490837619851744,0.9779657673354284,-0.698801397168031,0.8185292724165621,-0.553567858926379,0.572780566304654,-0.7036575449353758,0.8740263923055891,-0.09927766831524422,1.4831037133651437
8300,4400,1.0562320637402267,1.708015987655833,0.5983166570896278,-0.861633214717496,1.053121841474627,-0.5531105019589297,0.7406967143873613,-0.5724997226381703,1.1567338164559045,0.11552014630399905,0.6964270859895972,-0.9834991464491206,1.2228728451359054
8300,4500,0.7021578174068279,1.323788519811433,1.2366814766978782,-1.5995928107206128,1.2592713589959814,-1.2584444372004293,0.90748423109218,-0.36633598789348754,1.0497730541872072,0.5170778809467662,1.4540373337553814,-0.4841073478097557,1.2129210965747295
8300,4600,0.8400821775556964,1.2167077784330114,1.5592736483261946,-1.158874454391249,1.1668959935675152,-1.5483330014806629,1.266110054972136,-1.0974093954746869,0.8076771530896899,0.09705853998777651,0.952057265648809,-0.727457910616749,1.7275498906555304
8300,4700,1.5638369485096169,1.4704483818857728,1.1721823216079943,-1.4987606748431548,1.0399677823264035,-1.2744740127231204,1.6054668115641277,-1.6525162491130059,2.0938180879745,1.304159356725506,1.6443731678125006,-1.306328200395282,1.358444327439134
8300,4800,1.981550017047704,1.6221626927603134,0.9703112237239749,-0.6201502726262963,1.8345323332924122,-1.280218653097078,1.8545439272609787,-1.3848475468551524,1.1504546021799729,1.1627297822826863,1.5945352464953795,-1.1285029466502812,1.19822972032967
8300,4900,1.5850409391446496,1.053677516029163,1.7510080065693165,-1.7114504359933782,1.0090051145781518,-1.4059628958751482,1.8216779144475175,-1.3253515028717229,1.757271434740848,0.7180163215254882,1.708417634062492,-1.588658791874282,1.5087906786389782
8300,5000,0.4851534590609279,1.4113539916900772,1.4769035188533557,-0.9915847530549414,1.903910243123309,-1.2944012133295615,0.962834241969243,-1.6264522364239553,0.32424417497782465,0.07485399458780169,1.0737892144403902,-1.3426716308366746,1.8746668182549662
8300,5100,1.6538859827678443,1.4087051945329017,0.5624663592308918,0.2408343776667367,1.0921812082734463,-1.1079118949108722,1.2068817553224276,-0.9031457324330951,1.2849253640785272,0.5884641047220203,1.836958078239445,-1.242536010917944,1.6076593597176607
8300,5200,1.61819548425043,1.414154560668925,1.7245390913653513,-0.6024133016304579,1.4447352073909234,-0.44689628400582565,1.6864968106656169,-1.3366127885206556,1.7371648298402378,0.16470748770763768,1.3784928456317183,-0.8195305986103317,1.7560907040300648
8300,5300,0.6809956906089221,1.8390098445688383,0.3951905799541799,-0.8775526312202856,0.6877289834068991,-1.5316757276216073,0.9193555015046542,-0.6532859075564085,1.5899557872054915,-1.3440588071672552,0.8050315542292353,-1.0936345901406874,0.6530916014025927
8300,5400,1.4386443195804697,1.0085580585946323,0.6895579631136917,-0.5709310548339026,1.117526152660724,-0.7682828606397992,0.8221483357710289,-1.2729496139391825,0.6302481987348183,-1.0579854981239143,0.6851571514212722,-0.982814869557656,0.33485505259752724
8300,5500,0.9018096769629728,0.19128309522053685,0.5997237961012356,-0.8907306601901146,0.8913932645015519,-1.1239927853482696,1.0628805879674166,-0.688455841403744,0.36305367341778333,-2.157903084541976,1.2084866035319464,-0.062123315498159005,-0.29994658435089966
8300,5600,-0.511974060433748,0.13437330513485787,0.14816042237460877,-0.7235802533818905,0.45186860317622757,-0.4845345452935779,-0.14538157599791587,0.6524552602349688,-0.8868681635756726,-1.1372841404547918,-0.40580797689068915,-0.23104771366374205,-0.11759520541774533
8300,5700,0.3409038804591461,0.30918405230690227,0.18085509029029292,-0.31513763935951095,0.4014224464730225,-0.08765835409832948,0.2331731002435423,-0.35498881241439034,-0.3710553148239111,-1.8838418516335105,-0.037159177180731764,-0.3226222475940374,0.332433402536727
8300,5800,-0.11274435454782056,0.08284913815107826,1.437017540408314,-0.8415520626266298,0.7341066414613998,-0.6050946187162652,0.7632956783795821,-0.4156012163919226,-0.842391799985178,-1.3873024362670032,0.260655312707071,-0.94164638697725,0.27684187684427586
8300,5900,1.703662970602227,0.3107123049508812,1.4714165303735889,-1.17394110845332,0.5082588251685277,-1.250678379871276,0.8611732175190765,-0.4459566205180653,-0.22292467898090262,-1.7290625785699203,1.5260718321990046,-0.39888985897157064,0.44002684370089723
8300,6000,0.8046055153904785,-0.42759318727936774,1.7355759161365543,-1.73886037151015,1.2806081581216875,-0.8837764372719663,1.3894678652794985,-1.330417986118239,-0.11642509307467287,-1.6238548389688876,0.4096872888487489,-0.021414288520593017,1.6718010417850349
8300,6100,1.139349537725617,-0.03619915967023213,1.5467416722694782,-1.0916105387692236,1.1123918794733105,-0.8542150306381195,1.1590385830204775,-0.6020355746300223,0.14932476359177457,-1.4742282952204349,1.0678610845574998,0.04633340953028859,1.1118523173470682
8300,6200,1.0991253438375286,0.36665393677200964,1.4658813685612258,-1.6793407999340721,0.6734926501309492,0.2084124028650692,0.9326280477803083,-0.3059795881597081,0.664345700348993,-1.0552561227230506,1.305207962607727,0.5614635048295001,1.0751252402835518
8300,6300,1.0685936105934537,0.678319994646952,0.4581864889790234,-1.1715170980294864,0.7775603210319312,-0.8965275044981897,1.3379984831310914,-0.8397443102884399,0.9590357029745635,-0.9456874418660315,0.669319359216219,-0.29180893012968084,1.6116383849699574
8300,6400,0.7242163098665334,0.8136451711205775,1.167180021615109,-0.8266879540428002,0.5184602392557298,-0.4209955068348181,0.9888988596818764,-1.3392025546805126,0.9719570048211615,-1.336951591396956,1.0742793278295397,-0.5608920824864455,0.7570413274630009
8300,6500,1.3361901409785435,0.5922369562166091,1.093369536225804,-1.0282545232835745,-0.5965216740653615,-0.9464002955469313,1.196101498752362,-0.7903180087506868,1.2955531970525311,-0.0177409572768682,1.2119085814582862,-0.664599790656642,0.9782192973634182
8300,6600,0.3392273010889242,0.614606123230126,0.0015922693229541594,-0.8905604783970239,0.43563528397891305,-0.9716816570698734,-0.08507913953354697,-0.08246449388324714,1.2932616312365477,-1.0695678193940092,0.8394274859498065,-0.5709715261730338,1.2873358044955057
8300,6700,0.1798946572840931,1.14637994796404,0.006235392366176434,0.7261764782749328,0.6464915093087615,-1.5946562157048356,1.1051536927278973,-0.5728310121522772,0.006118099133708693,0.3471563462041701,0.3347668590521589,-0.5323310806236674,1.7473925501320189
8300,6800,0.21188086580808552,0.719772426809251,0.7394014801255664,0.5850838125357176,0.12435803900981424,-1.2490636437946565,0.16862561933686596,-0.7005409786284366,0.5477651365479037,0.6927542807545838,-0.46439028202864724,0.23003804341640666,1.013057897491915
8300,6900,0.3965098592591869,-0.11910179052960158,0.05929587128255573,0.4415107722586379,-0.040663375076286486,-1.2450499359791019,0.24576314453595918,-0.8597589779292858,-0.4423669363446387,0.06386183705966908,0.4125715976285968,-0.5727936047239657,0.6286085092702567
8300,7000,0.5145809261228753,-0.25064447276985574,-0.2008868701824507,0.24789875578971812,0.33761406735932586,-0.8787860949062883,0.1802943063059782,-0.0660554945645677,0.32239838063191917,0.15200451567409698,0.8876905011381668,-0.4038154789986223,1.306870924265556
8300,7100,-0.9845560092065575,-0.5999306544032762,0.17142869490253945,-0.07942912500583289,0.2407798416071432,-0.6267764579724516,-0.781387325892395,0.7996049106979004,-0.4236573872112867,0.8909014588642019,-0.22993402307761962,-1.2668222821956148,1.4252391600166197
8300,7200,-0.8436306535427393,0.40761455970248095,-0.8560271873447463,0.0515744672482826,1.0931593795406256,-1.3484066964716714,-0.06169650406499038,-1.1405441113170351,0.6175265297207987,0.06793394676529722,-0.04932117259471123,-0.47910697796651736,2.0240580351445523
8300,7300,0.24417284778534176,0.17048143484065356,0.038045428731163254,-0.4097869211345296,0.7396941852047674,-0.8361067425487685,1.1321231212425156,-0.6778412671620818,0.30457208300522043,-0.5902719243563529,-0.6487918239969859,-0.253651119649502,1.0663099655322723
8300,7400,-0.0364331846228203,0.1302663583744978,-0.13475569610697255,-0.16965264078667947,0.5902937197771778,-0.8557359884825576,-0.1335902918904248,-0.8609803433926668,1.4271741471191897,-0.34269767788744415,0.4008272046313116,-0.5296169587931813,0.049802659422917075
8300,7500,0.3669548421607514,0.8504271224707953,0.49300090001125113,-0.634396349767018,1.0847447480907242,-0.7516818696326577,0.8555660622784009,0.0625829345480689,1.1660559255446044,0.48118022742775896,0.9960694945791374,-1.2593298729581164,1.6925491318143333
8300,7600,0.7665615559220231,0.9394496268546007,0.8020440399759123,-0.45953422746993905,0.8079918905837647,-0.37806686001182077,-0.10697080162160973,-1.209161906217436,0.9392772739047617,1.1705760748500509,0.11419814388630686,-0.13199479605417364,0.5962141084844478
8300,7700,0.8949933435074957,-0.9341225187233065,0.8297441766432492,-0.2898265882874387,1.0990757269177873,-0.23782573777889582,0.2470014027982608,-1.1189695847652656,1.3198620718034297,-0.11968083152855809,0.2045186150195965,0.06316489324968858,-0.3331902883600125
8300,7800,0.9996204537549696,-0.7831486715520379,0.11323150491553027,-0.946935239494666,0.45561261772362577,-0.39171169070393796,1.1533605948304069,-0.22861727500107434,-0.05655659224889942,-0.08076431338481042,0.4657306304532491,-0.1549860906248642,0.2839134595073977
8300,7900,0.48154643130275787,0.04566647028778651,-0.347223110113884,-1.2210081378772069,1.1753173199261386,-1.2040970224144951,1.0933570615430135,-0.5606670833521786,-1.1855119015964974,0.12396409627490222,0.27511902995380894,0.34826959849893896,-0.08336271669608245
8300,8000,1.2583895563429892,-0.5998508669782406,0.4567197550821958,-1.384294017847388,0.4844318099093768,-0.9838324771694917,1.4340521416926886,-0.26511994650620013,-0.9947385993876611,0.26228269337578675,0.7419922081492322,0.7050199226473414,0.1620196429301381
8300,8100,0.8382119697539937,-0.16917762559213795,0.7487688587887742,-0.6567244141643916,0.961535851608161,-0.3228721306041421,-0.12100521864814538,-0.5903214161374385,-0.5277145492636951,-0.18594267895966876,0.3243522224247769,0.2572960243303631,0.46107890408959273
8300,8200,-0.3046971146435872,-0.4774884655454223,-0.23420948004926959,0.1282133678246411,-0.5773330749559626,-0.4722949541550863,-0.4728218681627596,-0.23094694837656177,-0.3607439299417672,-0.5512295093436416,0.16681844100089852,0.9598825539496041,0.5972599302995204
8300,8300,-0.4094150166967195,-0.6380357691789327,0.3944845411116511,-0.22231763444799274,0.011912777705239526,-0.20907939587188967,-0.4904203429568876,1.3927585376109723,-0.5508998933357034,-0.593459484047825,-0.6836254562817405,1.012940635259585,0.0839997947753443
8300,8400,0.6137612850279547,-0.14189027674358962,-0.3956095490160702,0.676650097444759,-0.6333926971108891,0.36193604900257437,-0.19599846753056877,1.2332968895848258,-0.6114126572283145,-0.6240323913681205,-0.13870097137389653,1.3117051514112041,1.038265108415437
8300,8500,0.4219726647223263,-0.18688357050583038,-0.6424923001170925,0.9545620048142958,-1.00754788214547,0.273932436343159,-0.24923690529304832,0.5483437986367846,0.6304471480667153,-1.1878001090926977,0.0026810632894712807,1.0062862817262608,0.6275249008738345
8300,8600,-0.5145957210327837,0.5101934378889058,-0.8951015072758439,1.5906979461286783,-0.5399697145428126,1.2558975256918092,-0.42296275256515686,0.896607173627936,-0.163866474469884,-0.7066069760266487,-0.023183484611069498,1.1263356891269813,-0.8946068510254651
8300,8700,0.18597948478537354,1.125868280197083,-0.6316637381768752,1.6027020126833567,-1.1599139390397515,-0.9789292008658397,-0.18246315364500534,0.9337558453068713,0.028716969267690486,-0.8433737860582233,0.1763787756106421,1.870593394484135,-1.1460913273651767
8300,8800,0.7553822276866071,1.3217053611394296,0.1756156055726408,1.6876848214439177,-0.14879555020514196,-0.4317563302750418,-0.10858939938932244,-0.8512810559883649,0.9218675856764933,-0.5914384887841255,0.6299581415887144,0.9034471066612285,-0.2931884951058855
8300,8900,-0.3441339799814486,-0.3202806194243758,-0.7712794999344943,1.3949699856489635,0.6246658822767867,-0.7163406906913556,-0.2393522582154223,-0.00023736106808386817,-0.46668791336889914,-0.20761814752626173,-0.8021592622974594,-0.1515240915390371,0.5026721783881414
8300,9000,-0.002319537289397682,-0.21875447091376204,-0.08699652359507741,1.0986073853648757,0.2582622477529047,0.15820112116814114,-0.3269945087431031,-0.6247114675184398,-0.7725310465600261,-0.6555340399232071,-0.45234244103718263,-0.6052173925470852,-0.27003995024783045
8300,9100,-0.9254729451136658,-0.882766529399564,-1.0470443558730569,1.639724916316982,-0.4300490555120848,0.5566987932097582,-0.8188604388607243,0.9097546393201564,-0.6503028619606962,-1.0139772924982817,-0.5922369570567725,0.14959167314350907,-1.4200221927961196
8300,9200,-1.3749882626962164,-0.5170789113173326,-0.9522451242205499,1.834762522213308,-0.26552057500014514,1.3840223326646222,-0.8365240374031628,-0.156689115903331,-0.6514356645902568,-0.7970254658806528,-0.5477405838110789,-0.9652058478953164,-1.5211180126981378
8300,9300,-1.0493243437903796,-0.17589123775371845,-0.15223205603891043,1.5198327348053227,-1.0571048793259812,1.1200590369801813,-1.0193707858145824,0.2623701653957588,0.24791682711824486,-1.2324468236622095,-0.6735850973404557,0.6180540764492543,-1.1786994662975387
8300,9400,-0.43591855975235044,-0.7776205084238579,-0.12690540123249383,1.5414903207517057,-0.7062099268171744,0.05374491897365227,-0.1969801549381426,-0.5809052561661844,0.18985890080003334,-1.5516419448600145,-0.3181010614897135,0.18696790005122405,-0.3329018625719583
8300,9500,-0.3051131220358179,-0.004205130293257656,0.39997284524354004,0.720867608177875,-0.17623354101652203,1.5399573835524651,-0.38058930205491437,-0.15161236620458554,1.0590757680546872,-1.1758006956810205,0.08973200177422457,0.4211665053048521,0.4249734997524137
8300,9600,0.021877378965519386,-1.2379483408487133,0.22357921248264248,0.4641492823150846,0.4852233091691432,-0.38863219160846824,0.8329737948980541,-0.07152541115047485,0.6489162606059843,-0.8975126356890826,0.36388935812696416,0.2904396478505534,1.7781464293585922
8300,9700,-0.3387913125916326,-0.24169193827297047,-0.9197205794520092,1.3808944726192818,-0.35789032593707826,-0.4583099746649609,-0.8825926314535082,-0.2478845245355899,0.06107560501360709,-0.667415531559996,-1.5020371853281538,0.690960662937795,0.16703441117910686
8300,9800,0.10264082570893701,-1.2671595424795297,-0.1685688607641751,0.9948664159976085,-0.8360315456804291,0.206808962486573,-0.6534346060120991,0.8856535927619632,-0.048939004126368965,-0.6440169645438267,-0.0027933309582438893,-0.29079757256930927,0.04164691583617658
8300,9900,-0.8488613646857126,-0.7023064734766498,-1.209157430529548,0.40807250792626976,-0.20633314077273338,-0.31955080691780563,-1.172986955102773,1.634715920258276,0.19277172919412183,-0.4931513964913392,-1.251197637056375,-0.4562218995953805,-0.9734536834896644
8400,0,0.21755113044719493,0.999705612078377,-1.6940111430335254,-0.4440914300324813,-0.28408898670710897,-0.37266008545108076,-0.2884499985773709,0.24317227970253388,-0.6073693566018084,-0.2638406163513965,0.6989441296808656,-0.34794098042501204,0.22973270698018164
8400,100,0.5264118291841118,0.8798923731354367,-0.8497526764369809,0.8061597815984061,0.3600806241218922,-0.5502139009194632,-0.6177138494139767,0.24017843624973675,0.27145467531106465,0.009622762920951775,0.06401540207870292,-1.082136520114377,1.0585175681920787
8400,200,0.5866530152964108,0.6646497968217391,0.3505335619869788,-1.0261147817449436,0.8211335106304164,-0.1383719042223174,0.43157424703950276,-1.2787424697522334,-0.5164115471951791,-1.0354447737503407,0.7316757415112277,-0.579758215982838,0.5453873888541848
8400,300,0.6557096396495211,1.1844843758738433,-0.4144533002512642,-0.04373326069439556,0.7528422566137167,-1.244195563628895,0.28636049063986424,-0.1752219892509793,0.2323747489883605,-0.6678503398440152,1.4348204448946837,-0.8681410162977814,1.9454612111830403
8400,400,0.8330471004104559,0.2242036976108685,0.09147348210997452,0.11428361634465932,0.4769982480815127,-0.371149960441546,0.5223571643860151,-0.12857070384186484,0.30706504846613986,-1.34625163864387,0.74471099637141,-0.2196184980178288,1.2337505752878715
8400,500,1.2556761055496144,0.8425457656463495,-0.31823299803216976,-0.43374908984213584,-0.007556395366555723,-0.6232869003414843,1.3171634223922088,-1.3131950199913798,0.5895708399352272,-0.2268247806670469,0.8606494422431035,-1.0766981220662115,0.9287038417900957
8400,600,-0.36299065686154525,1.2778518605446678,-0.7635948262089394,-0.4503061127040078,-0.1254868242587557,-0.4300655787865906,-0.3174007111275571,0.1654472170231955,0.1251140247277752,-1.137699630474543,-0.17395530543550958,-0.934209242149763,0.9103491464014202
8400,700,0.43813492778051255,-0.11044565755827761,-0.6262650596991357,-0.7486952976526294,0.6018919254790387,-0.24127486135679807,0.5138880453366478,0.24666378708885256,-0.5025367002519435,-0.9260523303815774,0.024543736903628294,-1.471116673300633,-0.08161542946299849
8400,800,-0.21299088345081457,-0.14262257175960438,-1.304437732713464,-0.05259853589186529,0.48010594797821976,-0.0700019219312779,0.9013875330282592,0.08150692069768277,-0.38685678144674596,-1.0409272676104175,-0.2180933351470553,0.3539426190272605,0.850439787914616
8400,900,0.04016884406021277,0.7548006314700454,-1.443658526809738,-0.04936118375242901,-0.07089272754532505,-0.32721836715869956,-0.6351988573593147,-0.6318520389852167,-0.2130327836909985,-0.5311473221571644,-0.2925422053248944,0.8959501847348154,0.6694432137588648
8400,1000,0.1325174866499619,-0.05548142481334741,-0.663134140178974,0.45974844644274504,-0.30774272657147145,-0.2805750349020624,-0.3687513718457046,-0.5800285433296946,0.13165527235150434,-0.1394982631078191,-0.27080972110145907,1.6199869916824634,0.6141153879885015
8400,1100,-0.34854724241633156,-1.4979765968048022,-0.37084676503174074,0.9069970610444764,0.4546107846945219,-1.0521270203265043,0.019651585805689886,0.1739008406633336,-0.1677870453911595,-0.267698190791975,0.13025589236429724,-0.5675257390840345,0.2977265146435053
8400,1200,0.8524992552031353,-0.2204412469845273,-1.047269835592313,0.18402229839981749,0.8420696176433685,-1.097866484121798,0.9115024728711166,0.2616752925056416,-0.8869265067959264,-0.37408363666311106,1.0173827529693393,-0.4475409327529164,0.6089176323278691
8400,1300,-0.46541026583409023,-0.2651972432087337,-0.5733411000991891,0.4487860584447846,-0.48917704841638326,-0.38202791536917724,-1.7195014806220654,1.0843394256602243,-1.418891945074087,0.2937561101952912,-0.6733560843219569,-0.573319252848582,-0.9207561307586699
8400,1400,-0.7401224849161971,-1.4087851505474998,-0.7291210276443465,-0.020378329084541087,-1.0193596814412098,0.6378851864127789,-1.1481651732419853,2.0761959088869486,-0.47207681435409304,-0.6467522211000205,-1.626885608922451,0.8560245955365304,-1.2899183565715173
8400,1500,-0.7782692357182048,-1.2716076655074866,-0.9000191524249248,0.6389366011971471,-1.3752307248548483,0.6483322896046817,-1.1807390862849805,1.2360941893117838,-0.3479796994222967,-0.5092269448768627,-1.2556148359092876,0.806053064068209,-0.8598950259835881
8400,1600,-1.3671479709550036,-1.2328465899404344,-0.1108408979298306,-0.4295050216691704,-1.2964486931589607,-0.3784886457874152,-0.9709449397689043,1.7637220903492605,0.2565218793303306,-1.5375747116640284,-1.348536042959056,1.3837127443706572,-0.9525206371361691
8400,1700,-1.6299777321448656,-1.8701530932948198,-1.1264445048402798,0.9045964393246748,-1.2950181426590908,0.3436537098441197,-1.1283620871792732,1.1200939065598785,-0.10609800925790533,-1.0825868586983864,-1.4597141958265605,0.9916822542268899,-1.2686729665396472
8400,1800,-1.3970058624370025,-1.2289997024320365,-1.1568521566462824,1.3410317332654291,-1.1583531269535927,1.6840479719594321,-1.7126322237763554,1.8829478899193894,-0.4666532180720859,-0.23376308383485314,-1.152383191927623,1.1702436867933064,-1.3476396991871764
8400,1900,-1.3618351136157414,-1.0093982815757732,-0.9926624844773994,1.6886422271165942,-1.2118374511985253,1.7355499422293972,-1.2609897490335609,1.1672256503198368,-0.9998540525121349,-1.129115687444732,-1.547686991870993,1.0659697511451804,-1.3897452411694289
8400,2000,-0.5053727890380211,-1.2488275866774385,-1.0346376897150795,1.5950840866344744,-0.5510173317904081,1.7481619984915453,-0.8391901631038139,0.47563562159503675,-0.37729909966972813,-1.0483219593998212,-0.9417856691342549,1.6888143445803605,-1.0768259900283725
8400,2100,-0.6638905874078098,-0.08237265630061356,-0.7460358611530123,0.5170872149223228,-1.130549044054452,0.3635996517212412,-0.9237021826117504,1.195212921589598,-1.132484603016502,-0.7548031649941271,-0.6849649946236127,0.5474989416741131,-0.6789082493816772
8400,2200,-0.4883756484902945,-1.1157060750412318,-0.4824072859888615,-0.14988823330820628,-0.3941884168987465,0.37534979949627495,-0.10809334402098843,0.988645611131429,0.0901963860785919,-1.1299543121296511,-0.40103703344363406,1.462306270216837,-0.6735633107942904
8400,2300,-0.12828822862487027,-1.0051145224500542,0.11389703782039302,-0.3544494849364261,-0.5174043764564489,-0.1755486596838461,-0.2744678790806784,0.4094585717017506,0.18690050913803716,-0.11261430676410805,-0.3539714963894957,0.5690342235494386,-1.2513864716672287
8400,2400,0.44370732600944174,-0.9237512615057297,-0.565571725365864,-0.42628905315419924,-0.6266196252306261,1.0605763763990346,-0.3781535515892602,0.06338346837919386,1.483587981692501,-0.6876941738332112,-0.10324884215012466,0.7460412338554266,-0.4817127319964736
8400,2500,-0.0001651738012657886,-1.2240547980953511,-0.7764274832377809,0.4535673853513188,0.028975752144987117,0.7640094293977675,-0.0742082613898464,0.7158066120179898,-0.39286803522815983,-0.7291661501606354,-0.6941685591571297,0.6938187669734907,0.07342660695717733
8400,2600,-0.007110937847400222,-1.2638912792326524,-0.6763612416165299,-0.3486234298696422,-0.38520031037627717,0.3888369186899884,-0.2649211230208042,-0.26232292494538445,-0.32614544217791785,-0.34732776505976076,-0.8219553297882447,1.2914399314860443,-1.4067239282422557
8400,2700,-0.2785135352502022,-1.3605307339773411,-1.3788927095396113,0.08632104796899838,0.5028598282526175,1.5235494187083778,-0.7502384861529644,-0.08776593108754631,-0.28021898781658794,-0.33188752151640694,-0.038555374299602915,-0.08742441011939292,-1.4581452555569276
8400,2800,-0.45654932802005316,-0.8882940321383206,-1.3100033387959806,-0.25015334523792215,-0.7066233521731131,0.6675255877750984,-0.8455765014272864,0.9702661545154093,-0.7639978103273681,-0.8731901473627568,-1.1321322736017632,0.6241840735092584,-1.3025083365314165
8400,2900,0.10754475265171942,-0.6810148108828875,-0.8265089211551868,-0.75086482011742,-1.2440945427589232,1.248333475890113,-0.40926590446713307,0.8224129302987002,-0.8417021332454228,-0.5956217253988861,-0.4945353926790171,0.9476929106597772,-1.6081328117437768
8400,3000,0.03357537719191051,-1.0967620853553013,-1.243679098729781,-0.049886401269741386,-0.6260982369208029,1.581638438114391,-0.3596299890492452,1.3157129314103682,-0.927721452046214,-0.7159420825646556,-0.6218367801950906,0.6443772701437774,-0.9025147862848115
8400,3100,-0.17897787602707696,-0.18463887895355446,-1.1953916664969384,0.7618319292211868,-1.3003275755176043,1.0180059254773777,-0.6730284968837226,1.448169946084941,-0.7609132146835264,-1.1534249932672245,-1.1202413699359588,0.27073302085933887,-1.0299669128986146
8400,3200,-1.2858399705712833,0.15268574838216886,-0.8576961893089646,-0.3495447939619781,-0.9478366067036378,1.304121532229754,-0.7722690538732151,1.5423898334581696,-0.9238300392869393,-0.5039708478003243,-0.8420255968939999,-0.2024984398190255,-1.219812373083071
8400,3300,-0.16151819802272907,0.6550090580771427,-0.8616973675339599,0.08520641719494564,-1.0530740259878957,1.3712954147052052,-0.8272746608109447,1.3675827589275649,-1.1119087649393078,-1.0294965544217722,-1.4046817584058384,0.3181378852210837,-1.457067171563349
8400,3400,-0.2614762418695984,0.07138836731239577,-1.1515642879168404,-0.3390635622094999,-0.1515873508701867,1.3113652876213915,-1.2915678310060323,1.2726598678386871,-1.2309322772159859,-1.3706129085533425,-0.2697655701151142,0.848581851374443,-1.078230693096787
8400,3500,-0.6608647304338984,-0.6727799980404899,-0.8545409156128871,-0.7942223985626518,-0.5546829762466868,1.8357656351481695,-1.0047265752612127,1.9643009653314598,-1.567037916783657,-0.8065532531587617,-1.0708457377479725,0.6886175064461166,-1.0895925018170982
8400,3600,-0.7134190362183166,-0.9026902277949234,-1.840238073351802,-1.3800050659323368,0.7214194018733425,0.7653172236889838,-0.9988634475135494,1.261500993637338,-1.1963917875218235,-0.7091643155469504,-0.9867668012957546,1.135836746335575,-1.3249137170209682
8400,3700,-0.7589673919873681,-1.0210643677613036,-0.5127020063287249,-0.8932914724581528,0.12981998162549555,1.0525300843704952,-0.5769506203926884,0.8802487581116277,-0.2844809524612395,-0.4523331372746133,-0.9014362104098916,0.7272948729781695,-1.1384641921011622
8400,3800,-0.6314114713898237,0.36184239263256485,-0.06730006165972527,-1.0539472162391357,-1.2109831254937184,0.3342140711434312,-0.604699263394183,0.6864293712704923,0.15387341885910127,-1.4137810074078594,-0.41380703300003635,0.5219450393657579,-1.414811771925392
8400,3900,0.19440680133420396,0.031896798799065845,0.12790763719328327,-0.685200086779765,-0.24864679041412563,0.3353178840720868,0.12900488295169257,1.1140994908015516,-0.061151539985049776,-1.0752640571320706,0.5121032414277344,-0.2454998522735465,-0.6411901068069534
8400,4000,-0.699015986458232,-0.16206814022726082,1.0065917798304695,-0.6768590176797955,-0.06550074089867217,1.1036398420768143,-0.8047302733081518,0.7338336863670453,0.9354425063077272,-1.7974265057176384,-0.5019495835882193,0.4750749526996941,-0.7904568699917118
8400,4100,-0.7616085770999619,-0.387016065261996,-0.5535398712680176,-1.514371534407921,0.14895442866506545,0.18698156639924943,-0.8895708980205006,0.36044553943129315,1.344629340644236,-1.0858376722026126,-0.8985249534959026,-0.055695755180144316,-1.059908733247265
8400,4200,-0.3564810466318426,0.6594814133624789,-0.14426849071081332,-1.2575529991634287,0.24293299848351904,0.22740721989065396,-0.22423019158820984,-0.08963386450601422,1.2445514856881994,-0.9846846637793285,-0.6059907893957655,-0.27624103998754007,0.37077728945602756
8400,4300,0.3624305589106948,0.9056862423646768,0.6718775712956239,-1.0467564211227935,-0.07478392661098995,-0.47819706420185343,0.12906108231846286,-0.2623607290030744,0.5729764660518205,-1.08287575603101,0.11865179019012193,-1.0447277059193525,0.872179325013925
8400,4400,1.120698833865142,1.4130269621591203,0.6063095904886626,-1.622421918261947,0.6279321782439463,-0.6743118292110875,0.9140629594136562,-0.04144958787841346,0.8821842841667025,0.007876650849707739,0.9948743237438697,-0.1733122033288692,1.3444799405759604
8400,4500,1.0652915254835718,1.007671112230482,1.7203023693593678,-1.5742342140903909,1.2355940785829567,-1.3468634853911667,0.7913593032569523,-0.6037537550359323,1.6142788290623913,0.4989533507616252,1.4692083335845911,-0.33193018569273236,1.1953075778138151
8400,4600,1.647152520653167,1.3330600610569612,1.5888861901305307,-1.688999174222256,1.2472876151115713,-1.23226300984665,2.1211387335011787,-0.9701209112698223,1.6146961941183422,1.0463346233410644,1.192130507567469,-0.3889688279170784,1.1290984875177126
8400,4700,0.926497998606722,1.6627879587046717,1.19410902558275,-1.3746449616377032,0.838098877636515,-1.8940418180597993,1.0645395079049826,-0.6568580369268991,1.0359115582947063,1.8756079829937595,1.8329251535677176,-1.4630187653252555,1.9681958560314368
8400,4800,0.7312587524623811,1.1337151938660508,1.8165949406840534,-1.081241701565288,1.406916936411481,-1.1585966875890517,1.0199734729253398,-1.3353950134441894,1.7021262705806992,0.7111533356495717,1.1580920871243734,-1.1255945386268846,1.7684398768002947
8400,4900,0.881002285575934,1.739118246276627,1.7782451712214045,-1.5768876469453723,1.6550349157829984,-1.384523857535693,1.9185866367944309,-1.2009331895174364,0.8547979662261875,0.7174461664167684,1.016632020750921,-1.1006781356479391,1.295710148665274
8400,5000,1.6042295860165479,1.508187504592244,1.5623714774766886,-0.9616150734473584,1.544141940953465,-1.197489318138759,1.4529350100905685,-0.8377379778613921,1.0264835598919662,-0.5342275817790113,1.6217023503674723,-1.3836211800405112,1.6410318001491404
8400,5100,1.4509980208730529,1.477892760763181,0.8375659091697437,-0.9476382776530462,1.2051661006183416,-1.2064224848002079,1.5626962125134938,-1.3957675425366178,0.7114322258362168,-0.08301166223454262,1.492401291396176,-0.9344334249124501,1.4624627822003589
8400,5200,1.3204706527973866,1.646332608944312,0.8223339762487435,-0.8953408261542742,0.7568046165562528,-0.48929849400234554,1.3931270805192804,-0.8896037144812031,1.9308165443638217,-0.1363724344913773,1.3931882572752858,-0.3185319033037966,1.444858772197605
8400,5300,1.1292754943987413,0.6943367694631968,0.7980103386549987,0.33992915051220723,0.9172142077317195,-1.1009048590146797,0.5241934407855825,-0.8730511348053863,1.1243870010108339,-1.042687455808253,0.3045566894217131,-0.4026265538905417,1.1972668183981539
8400,5400,0.9660023018153994,0.3307088635087372,1.256104371003456,-0.7632146478008908,1.0883310523329435,-0.5717615094744989,0.23907449646626594,-0.3982350214589783,1.025605050503447,-1.1997687131930026,1.2687394554004747,-1.0579840989248614,0.4187463381698278
8400,5500,0.6293383028962566,0.5898305031807143,0.9917516991852542,-0.423127440197839,0.1398474611505668,-0.658996457022316,0.6598367752253032,-0.050505463198850034,-0.5185483938007587,-0.8673739178338816,0.5311633515989853,0.29682514004385735,-0.4489660607223855
8400,5600,-0.08162576276597873,0.5762538379377432,0.41771602342324704,-0.6726911856132348,-0.7975653839447755,-0.8712981259247952,-0.22663706300832973,0.20914082675448334,-0.9789794879467592,-1.0249439505045506,-0.6807481323206456,-0.8104809756631636,0.38998133227554244
8400,5700,-0.2818348611281026,1.0081385585102725,0.451870889198292,-0.926660844269999,0.07980936485010802,-0.3403108948005799,-0.6569614396390344,0.08077305567051069,-0.19651845082087924,-1.1520274793727165,-0.34119390602699656,-0.632114388522296,0.7327548791550209
8400,5800,0.8095047224707215,-0.1777012467344278,0.6673339977115622,-0.8174327806497229,-0.0712691101355121,-0.9588422345236293,0.6003149869909665,-0.12817771184233465,-1.2932825703974042,-1.9172537909436786,0.7282625623876815,-0.19298379239416283,0.3722411752296719
8400,5900,0.743882873375822,0.5618113804475081,1.5726920022775828,-1.2218255576972976,0.5584547354902547,-0.8915274450252573,1.1523339524526797,-1.3662857842817306,0.5067462783081734,-0.8724227101263239,0.9794900159482528,0.038164559054078,0.634097923733112
8400,6000,1.251770745212955,-1.1708519369136527,1.3486018140017622,-0.83937259776443,0.5870418756955166,-0.29417018955496144,0.49022402197075965,-1.4252258572131522,-0.7078307133214634,-1.4741609115758805,1.2122881523177171,0.38093370022179046,0.8457350338436335
8400,6100,1.0043610749908711,-0.20079232597052557,1.1430227581655976,-1.127036250587416,1.0723590196937167,-1.0936156807774615,1.3999219274960757,-0.7037322681220488,-0.9811218441172316,-1.7081522419671837,1.1507878466845987,0.054710309093049365,1.5610276449629332
8400,6200,0.8961781637778663,1.5736316055673951,1.4099766241978702,-1.8312251393964236,1.0093544214145296,-0.5801546831211196,1.5292926354394742,-0.15503543482360216,0.6457050356746814,-0.8522835218429333,0.5615169498092673,-0.6414353325373049,1.852409932170181
8400,6300,0.9184577704420473,0.958507369678026,0.44255013822096884,-0.8043254411072611,0.3142048087042558,-0.9646922640846084,1.255997740812395,-0.8381125343059267,1.3323568594823865,-1.0831663918300836,1.0920208832360445,-0.7545495165253405,0.621665709952242
8400,6400,0.9331197303031528,1.3177322550115849,0.9513627269649261,-1.0579610063806786,1.0586029745646024,-0.8180198161174064,0.6797512920171714,-1.0619258090803003,0.9672210382048038,-1.1163756675401106,1.0461453430362466,-0.4046777123145776,0.6414203623711425
8400,6500,0.9682957435940279,0.9031411645320366,0.3161864753027707,-0.8092830180431186,-1.0493345724143899,-0.7791446209517746,0.9364350376761326,-1.4948518651244993,1.8386736919038205,-0.6738301466107423,0.9971187576184196,-1.0966830352174122,0.26216058390194635
8400,6600,0.28211988374082975,0.8443076459028381,-0.5147324104744219,0.09204376677971086,0.11400237939724729,-1.2845947302104814,0.04494463363178831,-0.21297574663324648,1.2011397042600396,-0.4995363740818936,-0.13581528488239838,-0.8354886334100843,1.7728046470909036
8400,6700,-0.15468477075322754,0.37754721539214764,0.18213635428591182,0.05813620608311862,-0.5020507888497898,-1.385015628481423,-0.3681119144650375,-0.6719971976315877,0.5704035646851562,0.2473176061086182,0.15855567730950904,-0.11575330953649626,1.4373328518202946
8400,6800,-0.6926206228479469,0.12134620050966463,0.7229872307438089,1.0179158555563796,-0.24704390624998906,-0.8132752061792463,0.10885647605685164,-0.5151689150579165,0.679006040505004,-0.2885409224120635,0.007185928883760116,-0.20306269768379032,1.1632957293475175
8400,6900,-0.5817083658150649,0.03135783189674477,0.2553327763730079,0.5246060554078873,-0.5630930852683755,-1.3351404599651495,-0.781332085048757,-0.3683453537990082,-0.09378707122678634,0.8724420300013185,0.17308315575520164,0.8018426796397424,1.1479232757145381
8400,7000,-0.34756343456337896,-0.18398116498257883,0.3900424789388389,0.7752604926689461,-1.2297025489045363,-1.1192814030213436,0.6063002393271132,-0.07501488134388498,-0.2087937785297392,1.0074510532224326,-0.3084547277506669,-0.6701338639893732,0.6244197948598721
8400,7100,-0.8620350840296424,-0.4443545395978786,0.3077290202635425,0.2164002571293417,-0.027902190517508477,-0.8531276034139061,-0.8494553527570088,0.0885622233271713,-0.5590721383710613,1.5143293812462184,-0.3485291792692368,-0.850388639772383,1.513471302123017
8400,7200,-0.7497863907592348,-0.47763142629891114,-0.8026400151131164,0.3733335976465851,0.9639113582130268,-1.2170795379221637,-0.8464116220527867,-0.7700206701128747,-0.012226693103368524,-0.258830571492608,-0.5253781790215004,-0.7026678869718135,1.9600668764278406
8400,7300,-0.35317383836413874,0.22405425350586175,0.7262924037402095,0.2102836200944895,0.7136850398809714,-0.8449693717135348,0.43798910052839196,-0.3561551518476834,0.4182140599412129,-0.49678034368682406,-0.2961349968230142,0.3774684602503506,1.166330752326644
8400,7400,0.10872374916603023,-0.6351835242901427,0.12383905984818731,-0.3439959786436978,0.7350630228488632,-0.7915888122511006,-0.017649968269688263,-0.1303961996859186,0.8202412741872687,0.09009357362933952,0.18782937005475375,-0.2839991644937788,1.1484899154967378
8400,7500,1.0427068782613726,-0.5024051977295384,1.0328086000353136,0.26571372367547336,0.7790248804690538,-0.12845190164629577,0.7345786972614272,-0.42151320236670453,1.246149902450236,0.2416410561024525,0.2707005431510985,0.0670683845704906,1.0500898337827282
8400,7600,0.3180262384731277,-0.05706690934595041,1.2028740876327189,-0.15174092315551582,0.453095682851335,0.3605284885708657,0.2322260825107806,-1.4749950972223127,0.9753424494628785,0.7886393100816145,0.6546420509589491,-0.13920148409878888,0.590992482407813
8400,7700,1.2704884256979647,-0.3767995999457256,0.3910992219411374,-0.38356138598390094,0.472209538249893,-0.30539216482101766,0.8302482485674547,-1.2809972524660167,0.9879483070385038,0.5134760171745489,0.6463445849824421,-0.21586773927559452,0.46599898715987176
8400,7800,1.608625783361448,-0.44867563353147893,0.37559576220266355,-1.2285759972817847,0.8340822388043821,-0.7309820061802778,0.6701921397330359,-0.4759483275840122,-0.3096526279981684,0.4668217385616614,0.2135762929893623,0.4935311577016798,0.6884183797939807
8400,7900,0.4952444036402183,-0.05813411138905137,0.035166411227237945,-0.9838570544362175,0.282872472144146,-0.27262838096867753,1.3342021654588607,0.11454143302243536,-0.44685237337154365,1.3878595839568333,1.2732664416593034,0.5295825415930014,0.6877665343082189
8400,8000,0.49133279470656643,-1.0686054578395332,-0.2400500291995735,-1.5241730552347195,0.7014568824669163,-0.5134390042585542,0.735687308086087,-0.8107071032877005,-0.40432308623275953,0.2473366973013715,1.2586601385342011,0.9923645178376662,0.6584323995506178
8400,8100,1.0326732787808535,-0.12929605953789558,0.35791971882155477,-0.7730517573385085,0.3008340202831805,-0.26868760080569404,0.7359054634045542,-0.6450532280877679,-0.8101961419530775,0.20815872464023996,0.8049910732003199,-0.23420450833340273,0.8378905185277031
8400,8200,0.046136159578107516,-0.21751394899745738,-0.4759098193733945,0.4102731578639475,0.4027236447768614,-0.2457816040964657,0.287510442023544,-0.30106911594353586,-1.104552704056156,-0.34490379864881315,0.660002855139555,0.2801420813934198,0.5727366771795309
8400,8300,-0.2165787282890705,-0.13584500797653853,-0.6857809615698643,-0.8337135278324734,-0.09246149863723327,1.292779402184954,-0.7308956886066916,0.6906597269213642,-0.4950466584024436,-0.2721098672277811,-0.8358529593748321,0.8083431730072342,0.3318594944126844
8400,8400,0.42776550309904243,-0.46156383223591985,-0.8199302806126523,1.0208663334469485,-0.8795263081250945,0.2712333351211531,0.18711213731534523,0.5820391022068379,-0.6145469729001711,-0.11133773918484335,-0.0013974844390133349,1.4823465504485172,0.08876707904486851
8400,8500,0.18100911501742184,1.097433851089896,-0.2162991285306076,1.4237104104714668,-1.099747592519781,0.10038662829947166,0.27311238532485715,0.7698144299093319,-0.38145661657822455,-0.33549104155142356,-0.5456502133210474,1.1904872873306431,0.49387642366725965
8400,8600,-0.02966014670472817,-0.4514768765069954,-0.9504886824089396,2.19070157441569,-0.5453577939742038,1.2427451778191754,0.4108546441756029,0.8439685117754023,0.13978254429054382,-0.7273711750602074,-0.22607766203771054,0.9450596493283222,0.16320724462473182
8400,8700,0.6355977889668771,0.056303374280612994,-0.8817714815225207,1.5701162220668634,-0.6879610098725388,0.4074921081282725,0.09940956300754375,1.3042404187940535,0.22712937662741928,-0.9855115498944993,-0.030299833452637766,1.5042047164928376,-0.6509500096788868
8400,8800,-0.2081047681324783,-0.05466685102166374,-0.3441223990473365,2.005891829207877,-0.6569399988525112,-0.8334817368802186,0.6171898073957522,0.5574455100358818,-0.5202282767618235,-1.0737838984531927,-0.029512155680047517,0.9688612668667724,-0.6014187983850657
8400,8900,-0.5910705639420337,0.11086347676278449,-0.26833838470984805,1.8696757322773698,0.7740300514187071,-0.7324248731758808,-0.4664987998314331,-0.19566586478248602,-0.3866576087326548,-0.8422786750071869,-0.8967746983448615,-0.7427163344190163,0.7381228947767546
8400,9000,-0.4212033847449523,-0.03520782037407693,-0.23649539187295449,0.5771739251592245,0.17834120658312136,0.16361500657061806,0.3132835959084504,0.5485871664212251,0.13341328502224875,-1.419380341170898,-0.41643985400300626,0.34771963818684415,0.07770633274664888
8400,9100,-1.1888025517186995,-0.5797101555722474,-1.0650766821079718,1.2265990990349753,0.04347322951399382,0.37824076366649795,-1.034861778735458,0.25451747086918647,0.16538494171675128,-1.1208565684163467,-0.19514154497030872,0.7999433095382502,-0.8893035593330529
8400,9200,-1.1911036249036833,0.047824384272519234,-0.7099970193307783,1.9169974202382356,-0.6389382705420847,1.6517734075459285,-0.8468272762035187,0.6417698818693439,-0.010766038272739272,-0.5034270197276424,-0.40751643526463,-0.1086116973587679,-1.1248888905206096
8400,9300,-1.0673720671770741,-0.3074053513535899,-1.2444090819158729,1.2492054854586132,-0.4524096224449642,1.4721375381150688,-0.9300681472864752,0.6555525656209585,-0.728665142031251,-1.6601603313239084,-1.4726994186608915,-0.0505660989423905,-0.41796174496774197
8400,9400,0.6875649164598532,-0.9763492421305987,-0.6133457198149413,1.0973987798801967,-0.1595528513529035,1.6346090704394554,-0.30409167593317527,0.010627036807196998,1.0403421616349906,-1.4236160488443161,-0.397750219942853,-0.48832430503245017,-0.3533597057402097
8400,9500,0.6578158404037516,-0.5636088603401599,1.1267816840636422,0.2274531553283913,0.34735593816986343,1.274260018622274,-0.30676110749513186,0.6284776558755167,0.6305660070057258,-0.8839203925598179,-0.3292683935140711,-0.2197529338206902,0.3198058408222052
8400,9600,0.020685936745591785,-0.6655336615278447,0.6304088929378813,0.18361080913932534,0.6345443173889062,0.4501718067340793,-0.24104730095515184,0.6861779350037693,0.5178712646566774,-1.1447253455068638,-0.25099902289867193,0.02196189640818611,0.4352979942486653
8400,9700,-1.0457173616031936,-0.6757886722731704,-0.6189361139161079,0.7467152837295734,-0.2370374047916693,0.5096962598802354,-1.118496787879587,0.5788738061556022,-0.3738517580388951,-0.5106916631975084,-0.9161740224061182,0.4987844153246415,0.14837128309997824
8400,9800,-0.32274543070800643,-1.2016106372248472,-0.7597324036086253,1.1040803991306223,-0.1979678617696609,0.389827874177764,-1.362916611560245,0.49174019999337176,-0.6698601710157327,-0.6749893439706055,-0.8938829638233018,0.8832959781920839,-0.3907884804929073
8400,9900,-1.3094187700527022,-1.0641057141832224,-0.4654020299532932,0.9161358377702793,-1.418767179034137,-0.5396262112829614,-1.6499677986958166,1.1489243050301505,-0.5746803923906805,-0.4464674247121151,-1.3860382847435788,0.8425024294883275,-0.6746853223956757
8500,0,0.12381875921971167,0.063511031323003,-0.8077653699412559,-0.9741712942184073,-0.21216062434018565,-0.5493581141601029,0.28005213280008295,0.0846719732812162,0.6413449143041993,0.30838097679526605,0.4396764283816778,-0.3248012592457304,0.08815374653199595
8500,100,0.27225391785133546,0.7919366438831775,-0.8283688631134855,-0.47827415700250175,0.6284471652033421,-0.13969175006088996,-0.3558004264567457,0.8949388025615248,1.1638340313162843,-0.8729098509848731,1.1794423978368218,-0.736426166390447,0.6965029088787126
8500,200,0.2629668401981881,0.7760170789179601,1.0104715992835296,-1.0625687918605642,0.1395204834973454,-0.5219151498662703,0.15235965420106126,0.26204236615481435,-0.6376803560598091,-0.8269032168508089,0.08777249739562669,-0.7745169824381261,1.6961234093748545
8500,300,1.0997803956008527,0.6028652910801305,0.20794255428784153,0.4190378296429935,1.2471834675145226,-0.8341354075028212,1.0162072767620587,0.5948113946210021,-0.375030602375063,-0.5112975283984657,1.0862296010926786,-0.5531013014354103,1.153012519252303
8500,400,0.9572956776528536,1.2077399529135595,-0.10057107863309646,-0.44735066341246105,0.9987884318828856,-1.2115793061378184,0.865391724507765,-0.6065890919561042,0.5401063392499388,-1.4254493401485633,0.9190817693099856,-0.04075266751575433,0.8692050856682823
8500,500,0.8596395227718255,0.3827143611702285,-0.06478382487475925,-1.1010551193019185,0.15675246677485435,-0.6806120697152793,0.9692968488405905,-0.17917580070984787,0.031338359346453244,-0.11265375731460286,0.7829894405782709,-1.6932435327457882,1.5217842040582539
8500,600,-0.3385235706227923,0.43713213751009733,-0.8456337394344697,0.5064575942528114,0.676884505736372,-0.7862379096399408,0.40610904469974785,-0.24751112744681844,-0.6482011403285901,-0.5720743228817096,-0.035124540499540335,-1.0947744959081747,0.7069568993467986
8500,700,0.058206076286984244,-0.6875145177905823,-1.2283719992707332,-1.2073108483969617,0.31141920013720115,-0.9365031570249268,0.5417158861312122,0.05166174556628213,-0.5604343547855403,-1.1147946118141452,0.3406201379943881,-0.8134998126428098,-0.1008775683751265
8500,800,0.1116402972912046,-0.010486439274611827,-0.9061140438479668,0.5322180550028548,0.07876333930452321,-0.1014845102910138,-0.016142485791458227,-0.18369857003999715,-0.2680051670379072,-0.4953163703084837,-0.011717021689505409,-0.44335389049035395,-0.05648753534181308
8500,900,-0.3890720332690388,-0.5803452083587732,-1.2854959459223194,0.6092397936810101,-0.7180509631958002,0.2997411129715499,-0.049108221818913285,-0.24569596104292113,-0.33103601718021225,-0.784603252062933,-0.7104066001161428,-0.7553027295391121,0.38717532619117717
8500,1000,-0.6332001841128233,-0.5895362904850304,-1.2617295060161773,0.410657905969517,-0.5224256636487271,-0.42019375860822894,-0.7279467633640955,0.12940698861245736,-1.0634586275047297,-0.4543110586870217,-0.8719472573642413,0.6037911222491147,0.11970420630851117
8500,1100,0.1989569900691705,-1.0048143441866964,-0.8395479620116345,0.8370611879205507,-0.5333141359142872,-0.9332706630220696,-0.1448347812850568,0.49632886466348025,-0.6370152947577462,-0.1406513507660705,-0.8765633092533985,-0.2524970615123579,-0.49625742224963554
8500,1200,0.8243749593596809,-0.1911813070448572,-0.4854566609160976,0.4676316233697592,0.6751644111927104,-0.9090137743654779,-0.9925719174062713,0.10969991208154341,-1.1149485351054136,-0.0009716733539893965,-0.44751717217969766,-0.9665989138208702,0.014153045364096584
8500,1300,-0.8922560049393169,-1.114688024194841,-1.1034438884338142,0.9135062607359139,-1.2124402196669333,0.009795617204006955,-0.7861267928183346,0.8177938260822742,-0.8155758567964868,0.36087245993827255,-0.782143954660041,-0.944767311520354,-0.2767183991071508
8500,1400,-0.8121596290430014,-1.736019715168484,-0.7235469907065558,0.14484422506746716,-0.6722181158565043,1.4581018509128285,-1.2299218967448453,0.6991154495725783,-0.1875482671973098,0.024966093897143708,-1.087370713052716,-0.35487155061391756,-0.385373247343603
8500,1500,-0.9801670173522163,-1.4663785194760555,-0.9371463427313255,1.1856218102348928,-1.021289924736706,0.14034338817054035,-0.7220770625533692,1.7860497304839975,-0.20353285501985213,-0.8900482948169209,-1.2384605307309053,1.175739552300854,-0.7322173457930344
8500,1600,-1.4716136958522694,-1.7003420641036238,-0.39635345283495826,0.3750150988881787,-0.758157673674786,-0.14809691917365417,-0.7090258067509848,1.6836074759865796,-0.25796974011972645,-1.2801975646564967,-1.3716256352498761,1.428696564608086,-0.9833409805853618
8500,1700,-1.772263985118079,-0.903774151937482,-1.0181860393727886,1.0092511370132797,-1.473752103640378,0.4544396888844211,-1.1302991017914898,1.6774073707310713,0.18017848022901592,-0.9531621593697289,-1.2255228645445981,1.088940636644008,-1.0811632617463374
8500,1800,-1.644981428520523,-0.7477712100493179,-0.7515230500505785,1.6416925522571089,-1.6450445176374622,1.962678086308624,-0.7474431360918035,1.3627707921276246,-0.07549469261482268,-1.4966337892392116,-1.4905226925382515,1.6456087678586229,-1.4436226560304963
8500,1900,-1.7602139395969685,-0.894423070363123,-0.9848740406516195,1.5515364508281424,-1.1536446100484496,1.367370469577817,-1.4571402978821046,0.4956186681385753,-1.3762046586987475,-1.5048312244718438,-0.8872863487792625,1.8280745797449363,-1.086102857993153
8500,2000,-0.3765403778079803,-1.275933150277909,-0.494747745853542,1.494004371159848,-0.7653761756445774,1.3381183885073358,-1.1019714682093462,0.2550900601744325,-0.5379689987297624,-0.6128490825450109,-1.1732791393177648,1.244825515634788,-1.4482456577996747
8500,2100,-0.5595481135415127,-0.5200370888704611,-0.6018663968990917,0.7506238465236696,-1.1370500219335673,0.9481535668015555,-0.5162165731424494,0.9437225415548798,-0.5584215310514409,-0.612087052913004,-0.853211604010772,1.2511924585996028,-0.8407102756056192
8500,2200,-0.015586300766202509,-0.8414310207788881,-0.5495163263730275,-0.13378589672277855,0.04765359027514256,0.20466532974284696,0.059218174630663374,0.6265878976729562,-0.23825210019343182,-0.8190924936606195,0.1753160395377786,1.1974096471400593,-0.438295725765369
8500,2300,-1.3554874528084482,-1.1715353014763619,0.08691544763898429,-1.2873350972820883,-0.767313490040727,-0.6090080327819017,0.09630224527907422,0.16053182712585615,0.19705614995368773,-0.3655973985977378,0.11035932798221638,0.07135925315345856,-0.4518536666520803
8500,2400,-0.037038618557937227,-0.7218258780956345,-0.6280994890831278,-0.3696816335593754,0.008967497035535855,-0.08088963281898492,0.0858515897519262,0.8019892853639172,1.9148697120109712,-1.1029320400033684,0.4455972523098222,0.5470951724936478,0.2343294278447756
8500,2500,0.6716760739367882,-1.3672594679708674,-0.40077753292355567,-0.19388422750156592,-0.15562987440297146,-0.21222302798119907,0.25659206563585796,-0.23437400444673073,0.16710355527757864,-1.3992448136244582,-0.1311320897808028,1.0444494835106473,-1.2763937657438844
8500,2600,-0.05494333298297411,-1.14140636486338,-0.7000632972514788,0.48341939781875537,-0.4490413008208511,-0.040474750529421344,-0.9369141317029966,0.48152939077359846,-0.7266556982523986,-0.8228738567274752,0.2783673835017284,0.6400181439575031,-1.3231167466528129
8500,2700,-1.0678644742607697,-0.8145019277162677,-1.2768148573428184,-0.5287013861993008,-0.17263380283818708,1.389446640766884,-0.4413387216045208,1.2134251631084967,-0.24852879243276854,0.3641418256471925,-0.3095747643476286,1.206468606810157,-1.3036540430640613
8500,2800,-0.9277832225984444,-0.9683121452094167,-0.9882045193932161,-0.12317223804214512,-0.939747856952669,1.328456121475546,-0.3362812580643983,1.4590772208731562,-0.8014128878023136,-0.09021433317260524,-1.0185728859273635,0.6428351390222174,-1.4390419948872204
8500,2900,0.09737526970167987,-0.8560851888372082,-0.9567074951098673,-0.105753143024987,-1.4834248283948241,0.9495753323039505,-0.65701401847259,1.357361100751411,-1.1547424857932624,-0.1767633181821046,-0.29755815767409766,0.7972383744895468,-1.3490758904166769
8500,3000,-0.6080429949242268,-0.4732168254979322,-0.670390365431994,0.6844555528734255,-0.5766340556434604,1.8595719525100844,0.003442258169483339,0.9409116137605686,-0.940677212094515,-1.0416942455165037,-0.4791907155776972,0.9102839559605062,-0.8171798377209627
8500,3100,-0.7524572084234145,-0.12692580345975826,-0.9890234204189389,-0.10115417845692384,-1.3591129197098402,0.7835188261993326,-0.5877838671923712,1.2328506818072684,-1.9343715726261896,-1.0282328451601717,-1.217881053549059,0.675453580675284,-1.7326882080528918
8500,3200,-0.24490752644231312,-0.2673088014953694,-0.6480473311196229,-1.3827448843846553,-1.4896363154813002,1.2873375355820222,-0.8382273210287918,1.4006016828819696,-0.8198650704078572,-0.39694013464717287,-0.8566364053034502,-0.3953732622143129,-1.2720929953540707
8500,3300,-0.6639261037608253,0.7467347319677804,-0.42467266686490035,-0.24669044166289525,-1.0000492830142205,1.3451377593989853,-1.0760833521948485,1.320662111560186,-0.9039835953599002,-0.81102591912915,-0.7772913296329825,0.16617038991151464,-1.2037989118441952
8500,3400,-0.4915375567223217,-0.4135688422101083,-1.626733045474245,-0.8937558669241649,-0.850027989215291,1.872729351715315,-0.9703748943337732,1.5651231498972566,-1.2623451194682587,-1.0296845293276193,0.1255466732152539,0.34429944350366554,-1.6466971979304066
8500,3500,-2.1055553990647122,-0.44866215879457483,-1.4727330871727933,-0.4963595799081687,-0.12172157906106519,1.256415684588326,-1.249271069238294,1.123719978764151,-0.8214533710540984,-1.4331906906871739,-1.1285534258942433,1.453475687515918,-1.1335063269556978
8500,3600,-1.2068234473065922,-1.7930935767695093,-0.3697867566471957,-1.4849304578242712,-0.2711894578466658,0.5644485143723242,-1.310921109478375,1.5011009107841706,-1.4052263225872361,-1.7154284151254648,-0.9519239518205757,0.4842903037418779,-0.8612890538927573
8500,3700,-0.8285048694462468,-1.108181169065449,-1.2610917192080888,-1.0651537888300036,0.36686452895599697,1.7054715389535242,-0.5932630928630782,0.9388136014756611,-1.0246626295973238,-1.5821830396699816,-0.5680113834346415,0.45717374076652095,-0.27270773639206086
8500,3800,0.5559498743468702,0.2738912062208608,-0.6575052181829334,-1.6302331635893212,-0.39082472096473364,1.0443858833641373,-0.34286278077005644,1.0976803703566007,-1.0249683697543848,-1.4567406463750046,-0.02511823373231852,0.8442182560137373,-0.9010187694039933
8500,3900,0.24360496856421285,-0.4029473465256268,-0.3316053213365965,-1.0029314496740391,0.39123026636145464,1.1628127987614743,-0.5399473008954515,0.5532682694372089,-0.2635746164450596,-1.2267603775272886,0.16704260041262045,-0.5981500731542316,-0.8157156562637848
8500,4000,-0.5748868051384992,-0.02376417301212506,0.5334194822887115,-0.9110249259530077,-0.10924372024359394,0.627539705779068,-0.8297664394350686,1.098430910006908,0.29655024076109243,-1.5740386806146431,-1.1749113050540259,0.7068922818632337,-1.1109966493540462
8500,4100,-1.8359320491330122,-0.16565258900701005,0.5776050839109684,-1.1255208031957258,0.8412586363554969,0.46020857136554255,-1.115904268177062,0.3455059294987001,0.6657538153399739,-1.0563316048612554,-0.6869344310324299,0.2067453532752993,-0.35051188232205593
8500,4200,-0.037556630921233146,0.3283670813117223,-0.20057076085197018,-1.379104381779313,0.7441135898490321,-0.30946959876554625,-0.4835655709064286,0.03517696357265384,0.9722584831116933,-0.46689215512920945,-0.08740112453579735,0.4361271836280097,-0.16396862879740226
8500,4300,0.31270117238080064,0.5098343960936479,-0.05824644188420706,-0.592952538622881,0.5184986602933318,-1.0998813706670798,0.6464584034164633,-0.7026268329474366,0.22209772266898178,-0.7596874543844847,0.39071241326405454,-0.2612830618624352,0.7851983808189247
8500,4400,1.4665962778724724,1.5445522459621421,0.8537734354765648,-1.3710131838641955,0.6826104698266545,-1.3733723693150552,0.9777597297785096,-0.3404063665343857,1.357997093743919,0.034843032655330286,1.3736390981653397,-0.5610336751378271,1.630884533349359
8500,4500,1.2186759480704101,1.4967417628820585,2.074416320634087,-1.3111170531292233,0.9719916014698855,-1.015445217946788,1.2925283546824209,-0.1287054500780201,1.0206022313094092,0.39352495088119954,1.1046474797670132,-0.9307396412047287,1.8126281986681416
8500,4600,1.2340398205491994,2.0046897983578114,1.8628500510634893,-1.1048547598222307,1.4505472045059427,-1.277311752271022,0.9287771901765226,-1.0604573631922372,1.9779587532112675,1.593661073030766,0.8849648054469152,-0.20288487194588098,2.2409920687926004
8500,4700,1.5916830625248566,1.9378180100119442,2.1015323280261824,-1.5832104952914026,1.4780656709697617,-1.4769180027543192,1.6834920763655628,-0.6770399038712588,1.032353252085125,1.7363628592698246,1.7168884511901974,-0.7792752413044871,1.5961021011273446
8500,4800,1.6010671097863967,1.5302252483927443,2.4910649448607427,-1.3674500345729108,2.0747598313557307,-1.0781048781579425,1.735060256666983,-1.2169322791331982,1.3351906865195289,0.8677062134291512,2.046570167950568,-1.4212914492106477,1.8864130569390227
8500,4900,1.5729414421222232,2.6406886048087936,1.3206988359557459,-0.9210521401010877,1.4009105790741758,-1.510354846595914,1.645396275296706,-0.6827653468635425,1.0903194156520704,0.059492269137918344,1.5230641394944775,-1.0631728746386524,1.619772215688308
8500,5000,1.6198300864902344,1.605344944119401,1.3551121136106659,-0.9679471924291679,1.8087176396648441,-1.546254384760319,1.7186944770165493,-0.9853137824262822,0.8847444170157156,-0.04260350179706,1.4671942438725614,-0.8486626427662425,1.9286456841559163
8500,5100,0.7913794904357273,1.6537396084623737,1.6281065303428746,-1.1860250008591586,1.6049038144200485,-1.2576247040724855,0.9979516220918513,-0.8397984941651583,0.815297739438016,-0.12184885468061246,1.1788200479359006,-1.4238797159998386,1.0183387181868053
8500,5200,1.2541114271003242,1.7873599082625111,1.7615298780119661,-0.8854079521657624,2.1571818270713656,-0.8669704642795469,1.3374520336023483,-0.1937731520432554,1.009514915854826,-0.039899906961267245,0.6281373351986369,-0.7845864406763868,1.2430824224703498
8500,5300,1.4688918844419427,1.0490458328308059,0.7313125266147156,0.05424440879536194,0.9266994916310651,-1.4152727135323804,1.0165741449807104,-0.08693267324330012,0.4147912354784847,-1.4506541829472008,0.8883586656067414,-1.2952126645738633,1.5081888707151683
8500,5400,0.3291425975754763,0.5135559084768765,1.0038769279090827,-0.9561120446217669,1.0538672995526739,-0.7630819045029849,-0.1552225960950204,-0.5602150780960756,0.798292887985286,-1.1157779456278578,0.5933807009134834,-1.4615071192295925,0.6888932799887325
8500,5500,0.19325303621207354,0.30932991537071886,0.9056771919944011,-1.316055618574604,0.7197658985537954,-0.9983393283579755,0.348801040085425,0.13813165934367647,0.6698400544138579,-1.2862375361018228,1.1657705812984636,-0.4905814380198977,-0.4760648613765113
8500,5600,0.34687803032356546,1.0288496566552967,0.47207135398493877,-0.9400497493474178,0.35332439090138595,-0.9792925603121497,-0.09227762477159046,0.10965337392942856,-0.46501828411656687,-0.7433714755422899,-0.44441271254678893,-0.8347078730222995,0.5298606626768987
8500,5700,0.36697710612996026,0.8982863530347058,0.05935524948922897,-0.833573527076785,-0.894933879926273,-0.05391281377484889,-0.103684044038823,0.07172903104640145,-0.6314805572101558,-1.1687717865595526,-0.15699609526598482,-0.25790632910683847,0.5823383600632335
8500,5800,0.5513240879383066,-0.40882320217848755,0.7915769399354702,-0.7855551423248723,0.811149140470919,-1.1977825551153412,0.2842722446724533,-0.5182722726123786,-0.17288956301283082,-1.371589884370546,1.3130164868323049,-0.7802219856669097,0.17021102277590847
8500,5900,1.4628762566034454,-0.3953393480252837,1.3617142669019477,-1.2232369431495227,0.8395886551489141,-0.3521291952944499,1.1320987849383113,-0.932256306339574,-1.0011193849695434,-1.4743312928911503,0.5494877621900695,-1.1186469917345354,-0.1500711584294369
8500,6000,1.271624726027935,-0.3599488235832728,0.8099399934983678,-0.38452162850847943,-0.3832506712760043,-1.0849312180942141,0.6207355025154451,-0.7256116031553834,-0.8941842481128521,-1.569846649287175,1.2652122135344852,-0.13915187763649606,1.5271333204074413
8500,6100,0.901132199389983,0.6773269807210472,1.5695587464238698,-0.6345340312298149,0.8012479550973284,-1.0155966269049677,0.6232435869779975,-0.9787625799257724,-0.27993953801334737,-1.3574439127511206,0.784076650311396,-0.8653198106890182,0.9500152956487229
8500,6200,0.868950510979655,0.8118028521470768,1.272037481405355,-1.2135559780353307,0.7263647480341179,-1.2906706037440414,1.2236671676691755,-0.7635372660398988,0.8472299739267728,-1.1486149174673257,1.5968266863678469,0.3409001204556396,1.5288376926899436
8500,6300,0.8766564783819001,0.4909163228323003,0.33289693159998907,-1.0163877042865834,-0.3206193747682615,-0.6678398199846537,1.8635792176860992,-0.7563383543494647,0.96702763605931,-1.1757052817787577,1.6321052744261453,-1.0647261430400676,0.7336336540828569
8500,6400,0.8116063838264492,0.32305759638437975,1.0219044597782228,-0.7275310146689622,-0.3309824493539313,-0.48628325697109176,0.383512512391021,-0.9307108409749423,0.7142567975555681,-1.0702757563016665,0.36442933929798343,-0.7021097799819743,-0.013792400026185318
8500,6500,0.7762501375981047,0.7321172045871124,0.38146856141038094,-0.06547945851488847,-0.05568353678628647,-1.0292608461834136,0.7767389458764895,-1.1154913328343135,1.5276893417912691,-0.674349454269909,0.6558888188903162,-1.1074494418660616,0.029077329121784175
8500,6600,-0.5071788765207178,1.2127209351233827,-0.010553805909601689,-0.6042098404230056,0.8252022921593558,-0.6806717493982584,0.19016731710621332,0.4223548057649543,1.109933178784065,-0.18850203033063023,-0.8112075181624663,-0.38380428507590353,0.5957111546445851
8500,6700,-1.4682506109593039,-0.608509217084564,-0.48268312253369255,0.09394830120168121,-0.7407785398128849,-0.974606531427858,-0.05588834039310572,0.1318296525230408,-0.08921404634741678,-0.17708480006628416,-0.6969101293176453,-1.124652978270627,1.037971154839817
8500,6800,-0.3130292082814033,-0.2955427513635433,0.1421053068368038,1.1408265738180283,-0.5977001372595102,-0.15957552517191803,-0.6637141047640054,-0.01765235357709078,0.5336247491715163,0.10509642827585094,-0.7444337275027112,-0.30118317462061156,0.3330053450143515
8500,6900,-0.04101039091648524,-0.2434789543243214,-0.1441724305950049,1.0744398821131451,-0.30660080686293045,-0.7085961420164028,-0.2852114504412754,-0.42463758273301705,0.6053620101944577,-0.0709894152952796,-0.8086500466291625,0.8904052323030665,0.6550054605481626
8500,7000,-0.42103548495565735,-1.0591215186142575,0.17819618178859425,1.2442197647167397,-0.45881173384193347,-0.6894163056038806,-0.4503475008914453,-0.16460347638487657,-1.0595691662526965,0.5575786649829546,-0.8271369565920607,-0.7309968214664263,0.38735510367620046
8500,7100,-0.781026796074345,0.22934548345897776,-0.15550513390850754,0.2414983315559126,-0.5253013593328502,-1.6206806782305376,-1.1834967518146713,-0.008577511204385959,-0.5904119846203644,0.5091947909681704,-0.6459026218663995,-1.711826567732694,1.2492311124560493
8500,7200,-0.8261504367967293,0.22166348834171978,-0.39603195612985503,0.23052760868645222,-0.4727246520626239,-0.3589548240832589,-0.06251577300643756,-0.5902781944937995,0.29739582273794324,0.3669952980404013,-0.37874275307286415,-0.7327701756216277,1.437069413279241
8500,7300,-0.4261055802582091,-0.5280740121579309,0.050287489852219674,0.7907016390989285,0.9595493382791066,-0.35018874418908863,-0.07965642438192228,0.21126946780634895,-0.32344086536960537,-0.22904700057624405,-0.49855391956098066,-0.23881463634963565,1.606545364769027
8500,7400,-0.2928882632793379,0.24131961106373287,-0.19764583437768182,0.19534068670423277,0.4180860727652822,-0.8024632887292437,-0.2061737352620746,0.49181380128593716,0.2696155006968301,0.7428077977496453,-0.6501744984330174,-0.14154237041082068,0.49292606052696797
8500,7500,0.5051077899543016,0.2098938245187436,0.34523430614924994,0.6224563376701657,0.39543996303814755,-0.7874627472250207,0.4155671104470682,-1.4874470644972178,1.4951373686929963,0.9491210856911813,0.3750677561428717,-0.6558170549636516,0.8168719248707836
8500,7600,0.4001278189855331,0.08576561405584797,1.0002205789881817,-0.7625775468174387,-0.12561570409731315,0.4618855591855353,0.36273627341726256,-0.8997031692877255,1.040045150396823,0.18448568933746576,0.11397532828635153,0.9257377005442222,0.7217766669821565
8500,7700,0.5201553676445939,-1.1181712952842093,0.8377227979770159,-0.773389529019961,0.24426349764964042,0.4569375119654253,0.944150421785345,-0.8553899262671915,0.3983948471563311,-0.30645946688896714,0.588211711026373,0.020271682968871555,0.5170989958783341
8500,7800,0.7087505693512912,-0.7210566056615735,0.1431733419741617,-0.14457135312788638,0.9230272199262654,0.10744394221927613,0.7035935634396834,-0.3724472656058107,0.06495576906971785,-0.0661996440232704,1.2432382310222239,0.2484592115278352,-0.055603475788969216
8500,7900,1.3158473574776626,0.06772030263372615,0.370649194716018,-0.6398479936208018,0.758973748615699,-0.584474794996645,1.3601191638880592,-0.22443411984261097,-0.7509150578692609,0.42759023344363595,0.5157938639175979,0.6809338196010564,1.2994056796179487
8500,8000,1.1522557933178161,-0.7984559789501673,0.16711420656264842,-1.0020057908108746,1.0546033671438841,-0.1384445010659016,0.6033436064645221,-1.1641778861117689,-0.8185517516409989,0.9386052379000354,0.8158258778817762,0.37351631973714194,0.30558943213276707
8500,8100,1.3280103347344796,-0.8341789793371871,0.5174857472579878,-0.800133822668752,0.22550257711761432,-0.2567972976430658,1.0606827552904856,-0.6908544442190491,-0.20691227114656544,-0.4067970580588257,0.5377542067332981,0.5410913892557034,0.622028304407778
8500,8200,0.09006137651237536,-0.7848607154112631,-0.6911109950529973,0.05282608525177377,0.07598936109164704,-0.2767279025599113,0.457333502026298,-0.3812536696803835,-1.4924869960603981,-0.7499378199113368,0.05504114274145569,0.5200001106379567,0.8999082858605881
8500,8300,-0.45153109942316116,-1.1751163125552677,-0.6457651455762925,-0.38135241303372425,0.22435484901351338,0.21237198559646261,-1.0538077469916247,0.46998786860869285,-0.6029451848598012,-0.8450175252826235,-0.7430818617657255,0.9620829786977516,0.5938509142453214
8500,8400,0.48565578999055586,-1.164222833169017,-0.24356539005722574,0.9264431819418486,-0.7265048775820253,0.563670000611999,0.2860739884820745,0.9345174630198068,-0.17275462098975752,-0.39001345759074174,-0.17426750456849976,1.5915413526699838,-0.710276937771403
8500,8500,0.010200494720798632,0.8535685886259905,-0.5241633304501937,1.2513355227368153,-0.16481454310396482,1.0282986648035166,0.2512765009415897,0.9968919685571674,0.025917681833355497,-0.3679492051337561,-0.29155567501928464,0.6573142819841195,0.7401642665357469
8500,8600,-1.1328978191550612,-0.3255268775529272,-0.7958503693945298,0.8494306403943204,-1.244262703423011,0.8732019280683722,-0.5602091308009226,0.4079723992566348,-0.27062259035845176,-0.009643901090898986,-0.7469426513283204,0.8371961956833089,-0.5725472216313674
8500,8700,-0.11807952224818027,-0.23450662029980157,-0.7723083174144674,1.9359991230342148,-0.7521592620637194,0.6289022245483578,0.116037881033282,0.38624831686858513,0.8923693142901263,-0.42053219073648895,0.05215814517001686,0.7700262061379287,-1.1489388722401326
8500,8800,-0.46929748456532966,0.06435845375425042,0.21591919752703387,0.8259406908446536,0.6397715723999737,0.010621583512464153,0.3887403502357432,0.3756934498221872,0.4439305895662411,-1.0457494626662411,-0.12876613817745475,0.265967702614823,-0.34889403305575845
8500,8900,-0.19523049511151452,0.23833277070630873,0.3156613855007883,1.2170269708089492,0.9600527991732197,-0.5718174232721345,0.25713629889833095,-0.9105775194270459,-0.5380899588139848,-0.030396475814275424,-0.2708972978078752,-0.4551492199995503,0.3844686873496295
8500,9000,0.1905974561936639,-0.007553746833831587,-0.45978768990598373,1.887126847980745,0.10226383313551796,-0.6833413040040387,0.30853308945120894,-0.032520935059691045,0.30053876087539394,-0.7370181081441937,0.009113118701115558,0.4051135371382238,-0.28296097899505046
8500,9100,-0.6218302476938329,-0.4303792789362676,0.09653588823318042,1.2313606357816775,-0.7411528664332329,0.6145699126706311,-0.3194814421285063,-0.29267136509009567,-0.03699008114201762,-1.4359198312821249,-0.07146734329179613,-0.7680743077972206,-1.0033620026166499
8500,9200,-0.7670014207384691,-0.9850938049884798,-0.7414058425677379,0.6642882532864662,0.09441771371065004,1.5987766479083565,-1.0873796257469728,0.24085231521121195,-0.6173803235978649,-0.7755996868838702,-0.20416184992039318,0.14497168957526235,-1.2470534603955854
8500,9300,-0.8809850774091202,-0.24599751371903122,-0.7153825784683273,0.4052943066387662,-0.1935967725907526,1.668391581075941,-0.9565404348253896,0.9571950260750816,-0.3684245612324451,-1.0342692999099845,-1.0579375129451285,0.07995656972370932,-0.9838905662665026
8500,9400,-0.017137913911793593,-0.4887049911572895,-0.3204677362379751,1.4298231248961089,0.011445360342996917,1.1381727134598345,0.2092986451355331,-0.2517651539278144,0.80905178360673,-1.486107406781011,-0.673487507729808,-0.4261144621665751,-0.1875174377705696
8500,9500,-0.0029247000189347055,0.1321011545112727,0.07431881639971483,0.5433805897748466,0.6078807659077249,0.06649571972419628,0.4637242561242265,0.47042029007455943,0.26021953585697644,-1.5616696122083509,-0.538815487229416,-0.25149799793234073,0.3777257727797106
8500,9600,-0.36458362521487453,-0.14124335638257998,-0.43927788962544356,0.364394117477863,1.1017617968651168,0.34197597269195196,-0.04351519601981772,0.7990227659126119,-0.014002773674834096,-1.0497275509547528,0.0966854880707646,-0.4643372442131062,0.7237223887287852
8500,9700,-1.229622253523419,-1.0831429727502297,-1.132316968296655,0.65641429767578,-0.850907212279483,1.5684033960473913,-0.8613824469313043,1.0946638319940942,0.38918213211663466,-0.03445520218195356,-1.3286367347817685,1.6326836397063889,-0.34365063900822934
8500,9800,-0.6167507187734793,-1.035430261446645,-0.7394032239613505,1.2921766763425875,-1.223057050789581,0.5579745953732161,-1.7216761523725355,0.4378013425829868,-0.7379734809107378,-0.5308414223375689,-1.6740616104389026,0.9290199288065717,-1.0064900011230467
8500,9900,-1.6252421174361393,-1.4497341728850757,-0.6598708779212731,1.3255250534702272,-0.9180518104694967,0.7967210598838083,-1.515531853140065,1.1744261099098154,-1.129113896172635,-0.1499444438989475,-0.6465397498490402,0.8925938844853881,-0.8706971715843311
8600,0,-0.04386406862728826,0.020959736429194045,-1.207858866619858,-0.7728007125065601,-0.28220938160998416,-0.15446808537243423,0.9377237187210247,-0.16109990111713446,0.3305684822415307,0.7178368598411217,0.12150112642711079,-0.43162118466111044,1.233238326640809
8600,100,0.4319257673589204,1.0633486856615342,-0.24468953937569088,-0.014621435961731231,1.0724825458344058,-0.48528464790327225,-0.2136660339435414,0.22001222513913912,1.4166309040673246,-0.054157527284063874,1.1227916886626514,-1.184313288669975,0.8985226661114469
8600,200,0.08315597025520112,1.685377619137111,0.9328994083549486,-0.5334576300110868,0.7150201045393605,-0.6855287683036286,-0.32641206558532654,0.21334385707661357,-0.446223563826869,-0.6968343338249054,0.20980062611358738,-0.767237588243741,1.1584485644330513
8600,300,1.115315183452858,0.7516090384980664,-0.3191253186988421,0.8449210498108506,1.15414875752554,-0.6372246583165038,0.9905942299056887,-0.7627212861685306,-0.4054762522409088,0.09075927871298757,1.5498555326624843,-0.37937828763507925,1.4810654133734573
8600,400,1.4653473345403847,0.7458862221908932,-0.4032035908121341,-0.22730553693324113,0.7215087406773486,-0.7527067282687846,0.8281561300739829,0.0028369403723775897,0.3751960340267932,-0.682846838306866,0.9025637465305839,-0.7550974105817336,1.426070270702136
8600,500,1.4313646146929402,0.102386446622035,-0.07131564026578217,-1.2542610217330228,0.6308833246410598,-1.4565838771376753,0.9353351013108487,-0.34725645077368794,-0.10000837769311843,0.17671602976304152,1.6122021152203925,-0.487877388619172,0.7176634645982696
8600,600,0.3768965427517341,-0.25935845236450134,-0.5907732432359635,-0.31367800775316096,1.24228563016619,-0.3407875896502682,-0.5576590517716709,0.5032608604092091,0.2286797156557179,-0.5882412818071542,-0.20609500224763116,-0.8316184129207447,0.2916741837232001
8600,700,0.8010054434834264,-0.27662418414460094,-0.5943805194617751,-0.6155569919406795,0.558217217943461,-1.1157708056662738,0.4192284820766783,0.4467444499762193,-0.18261883976899843,-0.482056577914472,1.03484688402828,-0.6511562431472419,-0.09088385818253422
8600,800,-0.24058893940256185,-1.0104925757438368,-0.9253736019199491,-0.43748999290859353,0.13372542063341802,1.1067609453700136,-0.23711310713074146,-0.25033723928590723,-1.2659961136927267,-0.9265632824878655,0.18031298216053915,-0.3571911919404774,-0.2056399182513544
8600,900,-0.7598960503003339,0.1982996461426402,-0.6180963738908368,0.6583352109878912,-0.6833338972747721,0.39449429243909717,-0.4450640638710975,0.047295033678878155,-0.4576906165617718,0.21648764821944388,-0.5037062356565227,-0.5107087480243977,0.3606548779822935
8600,1000,-0.5686696563003799,-0.4604091972101789,-1.063453102929365,0.24271332798380202,-2.0649164801860698,0.8345190470400037,-1.7778879936582888,-0.07715635359979575,-0.5969453669374515,-0.1309660216755705,-0.37360539439323426,0.23063616280634783,0.09285414406589541
8600,1100,-0.46588580924379874,-1.3279354244480526,-0.16844217315864193,1.1174131426954514,-0.18524880391158932,-0.36419622198723356,-0.3415859766435726,-0.06214115782331872,-0.5326129161562995,-0.47513159791461074,0.13896995091860265,0.0524377157911854,-0.4418299195945212
8600,1200,-1.2780547197371699,-0.732611999385015,-0.6359761686719396,0.17851589026843165,0.5749805014522584,-0.9372052516497698,-0.6273291152651257,0.6642209407620596,-1.0886199920210482,0.35821288753397695,-0.48307832592647615,0.5053634544903763,-0.6446602099614461
8600,1300,-0.8368691787059837,-0.284397864406335,-1.0101355103047007,0.11189530982940396,-0.17428133518537117,1.1574560192256904,-0.675537596529901,0.3964336372687595,-0.8409960638832196,0.9892470387215877,-1.7995285519509534,-1.127937560116935,-0.6219142055271351
8600,1400,-1.215826329862792,-1.1244617403743926,-0.30009879588681837,0.34973459126661843,-0.5377262682405605,1.2137078819130072,-1.4795756395471629,-0.21005450587160326,-0.06859054478498186,0.272598353396259,-0.6744849151165564,0.008355701261865474,-0.33086843384498943
8600,1500,-0.7668331332785213,-1.4828373472954837,-0.38182060372356846,0.28712314339354905,-1.2727249439933508,0.23826191846980416,-0.39909725014440467,1.0049079184126284,0.09163306472466926,-0.49768741641885694,-1.5514764475894585,1.4826301840691523,-0.8687954670473149
8600,1600,-1.230441985501383,-1.343426724574002,0.026733037475430883,-0.6945885129129938,-0.589538972162023,0.24536948052523527,-1.5196884067480143,1.0973384465970235,0.4327931800395193,-1.1540105473473676,-1.519647471306981,0.9577359748278865,-1.4326340770122594
8600,1700,-1.4793523110278641,-1.0409084324608955,-0.8660799158261074,1.5802239515184957,-1.3087037597881028,1.5786804371948202,-1.392890321465124,1.0629140621845004,0.21350769877346346,-0.9851145583055786,-1.9954805399155344,2.0638459091976658,-1.173633906469145
8600,1800,-0.9726885883756665,-1.1822015443560685,-0.9893762530571649,1.9892489531492747,-1.0802417523849894,1.862216125006972,-0.5440885051439377,0.805936189243778,-0.6281965548925618,-0.6581964109896166,-1.0915448310597478,1.2879460126190125,-1.7466938184866367
8600,1900,-0.5590248246940969,-0.8801378684663576,-1.1185529928620885,1.2447717421255255,-0.8146847503201649,0.7355952191710666,-1.1099263635606444,0.512268897431667,-1.0002479916304354,-0.7054273477491456,-1.0124397267095533,1.4916417377519937,-1.2018638784996427
8600,2000,-0.5542836206183727,-1.1838421171634406,0.5689505066942737,2.0070409951052177,-0.9187671185386346,1.1135778089986286,-1.0186521497428718,0.8991003679871832,-0.4630079708754541,-1.0304673084144187,-1.3222187510133532,1.2458537044956366,-1.071857031936542
8600,2100,-0.2400966932441933,-1.236829291875098,-1.0845992451350717,1.039149337124336,-1.0761195864988509,1.0527652831794287,-1.1578826192244955,-0.014751102579959867,0.047189246284536614,-1.0607513380118139,-0.6335024826489307,1.2919535442055554,-0.6475251313260468
8600,2200,0.6868930718173134,0.26637143160857335,-0.20510961977439454,0.1995874240101482,-0.2861736174117712,0.69476795402567,-0.18864818904040756,0.963343348078677,0.13834108713082985,-0.12368289297792563,-0.21471342016768738,0.28970882946492416,-0.699514860822666
8600,2300,-0.5435298577134541,-0.9034351111346339,-0.5196101835380349,-1.1432987601652205,-1.0376280747483393,0.4191984507629886,-0.2933575641853089,-0.41143360615973706,-0.3291385855395694,0.3601828177286889,0.10754636994528834,0.47523373968005606,-0.6374915941322853
8600,2400,-0.5541634013535671,-0.520420011626465,-0.23079176014537983,0.07137484584150718,0.2534123491722705,-0.18833831209449475,0.6546270664429907,-0.49202336445004485,0.7105233717279513,-0.2262461514739892,0.16563110476643017,1.095943212818533,-0.5255444974341452
8600,2500,1.448571681761355,-0.3639122004140492,-1.2123343466388363,0.32517076670686873,-0.6366105611587823,-0.9553534451871533,0.42653603695451375,-0.26715730745788413,0.5019271635787116,-0.34177310040114006,0.7960936827918036,1.1928244935579382,0.41791036509763474
8600,2600,-1.2196437597196772,-0.6793217366982878,-0.9484991224588438,1.2198509711882939,0.438534001997428,0.4318463648364314,-0.9128599768559186,1.1443988610944664,-0.804833581304896,-0.803270561945894,-0.6150512530651848,0.49431702694190455,-0.6563712918037613
8600,2700,-0.8721591859086723,-1.087420282902582,-0.8941428119189627,-0.5474271077853041,-0.48801705941813184,1.2975809391309292,-1.2414889453062092,0.9799728433055465,-0.8923579313476744,-0.911484466284874,-0.8496592725100455,0.4859524591764456,-1.3557851629756854
8600,2800,-1.2022470127641223,-1.6504214620041087,-1.229441932736011,-0.9485625396462504,0.12083594430843601,0.9947199025163853,-0.24829785938982105,1.6556289478973367,-0.9890882865862716,-0.28628719462292046,-0.9218812209038625,1.2602347240073581,-1.3584644311977188
8600,2900,-0.41168978403415296,-1.4743220844749878,-0.9448850919467117,-0.8822675736922387,-1.0201625094230071,0.9985192606737086,-0.5564540354336099,1.1348449153522688,-0.7660926945611929,-0.6437450769089509,-0.462167269435046,0.9660869427666036,-1.0426125365294105
8600,3000,-0.11513888468372345,-1.4257494778074649,-1.1630292422466069,-0.4889580987015147,-1.1618049041937073,1.2104551058559494,-0.46280784607045944,1.7511220539857826,-1.2456308275621126,-1.3961986587044357,-1.1583185630399668,0.721552543882051,-1.3881456326076975
8600,3100,-0.4312309906924939,-0.7414984527603005,-0.8651344311032138,-0.8375031832147629,-1.580055445250755,1.0078684579293962,-0.8025435484063013,1.1495754724098586,-0.4654917513124816,-1.346369386340166,-0.8333959995108843,0.04599337495005798,-1.1112817439415124
8600,3200,-0.4631594619734909,-0.19692233975435372,-0.9263092000463212,-0.920042658858812,-1.3010289940672581,1.3644397494992913,-0.1226112061914906,1.4813208879055897,-1.2938696027792989,-0.9960246453027083,-0.7534364151012919,-0.062335354455382366,-1.8195431512264504
8600,3300,-0.5288612764365855,-0.4466875657198067,-1.072323431230503,-0.2362768704643415,-1.2965321087172585,1.7554172038849043,-0.23691644295986486,0.45847019747587214,-0.8799549183562926,-0.7497560891042379,-0.4735007527695072,-0.24606672874105634,-1.0862796989282764
8600,3400,0.291302534066811,-0.2812186011477495,-1.0577696574818563,-1.2487797598363795,-0.7266170467934165,1.5094844505381908,-0.9699945990989349,1.4906322566757486,-1.075927193375527,-1.3495732886684708,0.0914769761193193,0.18569486533233207,-1.053605306365845
8600,3500,-0.8119128597483285,-0.37449963620998467,-1.0463018294321147,-0.748027529978079,-0.8168417497443013,1.470092142522978,-1.0772300225871583,1.4264494463715758,-0.7428864476138394,-0.9377462276875602,-0.7592260028164258,1.5323429318285369,-1.1650483086073697
8600,3600,-1.2891671142094778,-0.501209666286521,-1.5157066134916548,-1.2650518111845543,0.6188648807867663,1.2968435184878289,-0.8958061632152644,1.7481310207524112,-1.025073897121226,-0.4906291827105687,-1.22586620159218,0.2668595865788213,-1.6103207458138833
8600,3700,-0.7246793998478467,-0.8010800990004715,-1.151922854057205,-1.2689048544337207,0.3891030404152126,1.5133979914557165,-0.5397850089819552,1.1655434691754814,-0.7588149071303305,-1.56127398338407,-0.12440902456403856,0.5083098418904972,-1.182991829854148
8600,3800,0.23848904321262285,-0.3136815573640667,-0.8332913132322888,-1.4767155052700027,-0.2981351751920737,1.0057536726677736,-0.6594146300592283,1.1525371294381086,-1.209372736995414,-1.1193574820574859,-0.8751561716300381,-0.5193732124991556,-0.6388398923079422
8600,3900,0.17009518944115803,0.38084053264250306,-0.693690986891584,-0.9467067427926991,-0.11303784885897741,1.7225749794874727,-0.6371152170433934,0.9762795784774259,0.1403262124892691,-1.8967918059856743,-0.9687988122080462,0.26382640097453114,-1.235973003365755
8600,4000,-0.6792821233789239,-0.9595808536838847,0.5722292340734217,-1.1880008661148063,0.5940223079618118,1.4775288561462696,-0.8506477126593941,0.6665277561108893,-0.0449172674041573,-1.5342704139730317,-0.7662246946998574,0.3700004555761303,-0.8388826944600738
8600,4100,-0.9617276609374272,-0.7822684105621355,0.15615966975691506,-0.9716251856909454,0.4066271703168707,1.021485075538311,-0.8476115578593898,0.18174825716632592,0.5259594344319285,-1.734817370089989,-0.8032947041706202,0.3496709279428952,-0.16676471116325514
8600,4200,-0.570239030349019,-0.1815245730974963,-0.5086760397696701,-1.1756368681630873,-0.13913434511617012,-0.2671991505272895,-0.5260285807245901,1.159328698635556,0.1541764186386427,-0.7858028715784168,-0.2981227977314955,1.1146053723645144,-0.48446377631142723
8600,4300,0.8112197934329713,1.1963102465033113,0.3686122407319263,-0.9796267912410626,0.8677071527181015,-1.4398162829759105,0.561072689294137,0.07041977229175715,-0.5636174604464811,-0.46738029899169903,1.0430880623947383,-0.22029290610566787,-0.16310837413549825
8600,4400,0.45233303093659305,1.3404676888063776,0.7455204984332213,-1.2005129107449293,1.1117048709680442,-0.8982437624781655,1.2543702561891177,-0.474966062763302,1.777344005380264,0.6624235965621809,1.5235908791467203,-0.24129557484532682,1.380631696510723
8600,4500,1.9338059020925737,1.5652167587544161,1.5829780581927848,-1.8425036993803048,1.4092802944542016,-1.2074966143739234,0.42019361081359563,-0.706519309710733,0.928891612402095,0.8058054558601354,0.8479937663287963,-1.3005758949751351,1.9070730120063348
8600,4600,1.4595095369498163,1.3330679090716864,1.635705009045805,-1.0948932904011857,1.7060972793782827,-1.3113381636302026,1.2029973560477654,-0.989030863152169,1.347988600967983,1.001802168345914,1.1602904048336355,-1.1807612409434234,1.6609227268374445
8600,4700,0.9941223686992529,1.723467967683639,1.685430546837644,-0.81236287180141,1.63251457058337,-1.3057493818827872,1.0768605528068753,-1.122551754173817,1.991675654671949,1.248148628472949,1.444730573381636,-0.8921763547832331,1.3770125286767652
8600,4800,1.2130454435532707,1.6708812871231735,0.9889711802636012,-1.2896070426899628,2.173733412752522,-1.8762341457688665,1.3812556723763019,-1.500118222102455,1.407185897648411,0.3412026859441091,1.305443001584279,-0.7067383924532759,1.6620053372436647
8600,4900,1.5646936620038283,2.0814725209437253,1.4098486303423232,-0.9417435367616677,1.6721502732695244,-0.7395048192450411,1.4623046392135555,-1.3127701877556148,0.986626982365868,1.0038134482935825,1.0988324880277724,-1.9147447128626227,2.219733281312962
8600,5000,1.74138932218217,1.3458922257408732,1.8266764198562355,-1.5574226676001766,1.318133336778395,-0.7266897977354205,1.3511019664378183,-2.0566530972432595,0.3034438175470254,-0.23420315934391556,1.5579252828605827,-1.228218747602041,1.4142079253548476
8600,5100,0.9401021089271987,0.6408739894421456,0.6942384674368943,-1.3051819626650134,1.2541817441474796,-1.3612355200324529,1.309971254080546,-1.4087969580679136,0.11526351701164285,-0.13158008718614583,0.989051538296306,-1.5104155394962506,1.6016357601664502
8600,5200,0.9097076083981718,1.8979289836015691,1.421872132989,-0.9098513942547128,1.4270011167142023,-0.7716103635738579,1.4375771773428512,-0.7888029340753419,1.3348220979164105,-0.41400981467528175,1.0459607110253055,-0.9256497150988953,1.245369756287804
8600,5300,0.9139296135967026,1.2606593890240847,0.9707912399685628,0.4188123530941414,1.4101720598957566,-0.16316202019165443,1.0042317831175354,-0.7182346591233914,0.6157085607414609,-1.01683200968529,0.9000067048903343,-0.9447494708676452,1.7185939372727919
8600,5400,-0.07771160670639446,0.4867757238809437,1.1559178761959268,-0.1972209539371058,1.1715378229761548,-0.7414432114036185,0.09728461953044006,-0.17555214310725206,1.3467349316229527,-1.536390460406443,0.4268548372838985,-0.7729255349637875,-0.010499463991111038
8600,5500,-0.4833859908301649,0.0003273585237651962,1.3977360469128606,-0.2166087286596177,0.36558535260391767,-0.6870693492075988,-0.6312401162733141,0.8401130216560576,0.9760119581611694,-1.6417316078662205,0.133465312882258,-0.3835484460969001,-0.2618595489831542
8600,5600,-0.4027755559574217,0.2747477222107822,0.659093565192995,-0.29712125467365724,-0.12081813081019442,-0.23691716245697508,-0.3929517755696995,0.7498604774706676,-0.579528950170109,-1.2790276474756967,0.013662219338108022,-0.621434030994203,0.13650754414635663
8600,5700,0.13309520781728684,0.10099147303846803,0.5353991131799453,-1.1606862048956548,-1.1459205133779995,-0.6665617061858061,-0.4553446356397587,-0.17900223344788335,-0.13660174994501562,-1.3680020364330265,0.31050203940203785,-0.4980386532917625,1.3849041742866017
8600,5800,0.4384219636738032,-0.8328230895693974,0.7349225002876828,-1.034654225263711,0.29644952247264605,-0.6731054765620708,0.9237352319960185,-0.6203014828007858,-0.5006893007804603,-0.8119337785433213,1.0465687985799577,-0.3568737887762349,0.47893837210547435
8600,5900,0.4992631228734306,-0.7991637740931402,0.5183394709588549,-1.0205828349284833,-0.12349711070232566,-1.0708308046984816,0.7670859824470525,0.26652610808499205,-0.45429545779197306,-1.3548978852969662,1.2431440935950635,-1.434188847831681,0.4925138204041951
8600,6000,1.0141759162360486,-0.18996894408785897,1.3490157916818364,-0.694019716532441,0.48966554511366756,-1.1818859652690312,0.6512545669757885,-1.155788303295852,-0.2878863893214605,-1.355280406230047,0.5149655585827481,-0.9649515113903882,1.3213661251089641
8600,6100,1.0749704551552264,0.7825764883583546,0.8208419307719345,-1.0876854208315154,0.09872293323303634,-0.7765835377670914,1.148035572940933,-1.1373060555259915,-0.177874034497611,-1.7735034159943774,1.4053323351306333,-0.6595948741527152,1.2755089420936332
8600,6200,1.1419820415803164,1.1628945754157924,0.9776200783866537,-1.4376039149620718,0.6815775730167142,-0.5560682699085966,1.1961819602948278,-1.149401234870868,0.49445376109294426,-1.269406402242573,1.1228228444491364,-0.929508903366006,1.298291342809625
8600,6300,1.0582420053164439,1.5107153479583255,0.46145951762866305,-1.6500785991965645,-0.7476800845177535,-0.509526551013212,0.8878533489336057,-1.3397169632258552,0.36935460496320155,-0.8194698668328275,0.8238479372125558,-0.9983206272621176,0.8058431909046813
8600,6400,0.9161602724144886,0.26152691946404216,0.8563196801248467,-0.49142403697661563,-0.12002678220598444,-1.54761101137654,0.2025410064620876,-0.9416006483194967,0.718450200975772,-0.914380689033292,0.4077121501392583,-0.9559798232885234,0.47220090060728453
8600,6500,-0.12055274912113367,-0.03954026431196452,0.21145453045958262,-0.20459250415955757,-0.23280801407019508,-1.4887854348639165,0.5810092160384805,-0.8995814987030513,0.9694798428491214,-0.24549070778680923,0.0027126687428526888,-1.182692693804569,0.1258410925777087
8600,6600,-0.20983851274912643,0.04200383262481156,-0.5778042977009715,-0.6608348050175173,0.6629732284440418,-0.5036294329219803,-0.5234975820094173,0.4417850712809331,1.2173347603346483,-0.49407749309377014,0.20165067632233546,-0.8897150710831517,0.8489751675800308
8600,6700,0.313332252455774,-0.679634363297934,-0.588396159011606,0.32940002752293135,-0.3232485714204333,-0.8247643082599021,0.10785458881889788,-0.09819367942885512,-0.16093422299787943,0.12392352508666513,-0.4074967293353199,-0.73365238828655,0.7978070188325805
8600,6800,-0.22285297736576054,-0.12622847158893796,-1.2215046502386195,-0.1241314362536429,-0.6534415450825642,-0.709252965178543,-0.37726550953977417,0.347900338135264,-0.816847213108211,-0.05714108567016845,-0.7326116298561527,-0.0002067407203469834,0.8740478056907153
8600,6900,0.2250967852657018,-0.17806332505188546,0.2919730010490827,0.02013007782340408,0.9466123379007445,-0.9778692138721695,0.2633042462639811,0.07686585708235291,0.4484764128503376,0.5108825330448261,-0.3475788163430713,0.4134238459991086,0.35344986054721106
8600,7000,-0.3915826669543992,-0.8212695584897047,0.31103458744744944,1.1698995339226392,-0.5043517080826305,0.16750864309840677,-0.5317174677937593,0.06255642543939419,-0.2626626437115124,0.48099722511941756,-0.9044017332493084,-1.8240967360824176,0.502851865107624
8600,7100,-1.0961839300366778,-0.20468057737672943,-0.6186749558852254,1.1350206198247654,0.09049965372070627,-0.2511200004446582,-0.47406097372139394,0.49154995176260774,-1.1905643035048943,0.6842694256867979,-0.4327823039396468,-0.8618274320522511,1.0199003286800041
8600,7200,-0.354504123641384,-0.6104406366418983,-0.886555730754878,0.4048385641272287,0.5267794572969825,-1.5008398059618138,-0.5735944706345757,0.6455822001570101,-0.41223203743939324,0.2621988052311168,-0.4445949422319617,-0.9724165584549384,1.6267489591579052
8600,7300,-0.08294229245279237,0.09878205337013278,-0.39934991544177123,1.0752468175642176,0.7439460810683041,-0.36669846528142014,-0.1656060736928281,1.0500687991143647,0.9842214061565968,0.2650728617583159,-0.43227573162362654,-0.6863707732531952,0.48762375080496295
8600,7400,-0.635737627018089,-0.49975580129273944,-0.29109766859165315,0.7538851927001246,0.41940684073967893,-0.03904111780078618,-0.4492549867049713,0.6662234094842474,0.2573030819637531,1.229485895019554,-0.9869840045644611,0.3025652466931371,0.5793237451826364
8600,7500,-0.3390760417765922,-0.05709006476515903,0.9838886254862849,0.3784833519746323,-0.7044713463737576,-0.3705945595890069,-0.5655895865667508,0.04046539268730562,1.097388081007583,0.7672116058070351,0.29173218203880563,-0.6546564397000185,0.5690022357853739
8600,7600,-0.6481246380219459,-0.5606742576453855,0.6985304736280665,-0.07734124417053373,-0.5377608054836163,-0.2622463453426641,0.10751331671412577,-0.978208183336411,0.9460164243183352,0.8925720906100953,0.14136851719932644,0.4190020647127343,0.4023381837794383
8600,7700,0.4764015149937971,-1.0742993025172924,0.37014135566840184,0.33775613989103986,-0.11439556484565946,0.9203354050896225,0.28394778147439925,-0.6928945893126879,1.0355853570163898,0.363853984276095,-0.44118639964604756,0.2963449291713231,0.450485135248843
8600,7800,0.4952504451789981,0.015503701609000498,0.3958212320405629,-0.4643937267193647,0.9057721045025827,0.35756614751850013,0.5894491221702949,-0.3666505996816145,-0.3814199821017336,0.048170372754722315,0.734786827579623,0.302581290252919,-0.004056327730599328
8600,7900,0.9533433975587823,0.42088727998064457,1.0283828837236866,-1.0044959184734288,0.8147052719049074,0.1630641694627182,0.33066681187302793,-1.1908030983388054,-0.0008066786905110548,-0.5615886568184435,1.230733058333879,1.53365635026664,1.1214666017721062
8600,8000,0.9015395112297783,-1.619461230807727,-0.34191477909001233,-0.8740684526577511,1.3104118746611717,-0.7331332029452625,0.45739111970937363,-0.3440326299000422,0.03710351646689751,-0.7486121543401496,0.48725323398019416,0.5718231392397565,-0.6062797424506489
8600,8100,0.6493122627414918,-0.8211923036198173,0.26759432966107555,-0.9896066634543776,0.8804372040694103,-0.6544134936148717,-0.5206388789334844,0.037201237813270754,-0.5197319342753641,0.3934776695648916,0.98064531723355,0.563500677441382,-0.2980442228536795
8600,8200,-0.06926200546169677,-0.11545022912567407,0.2683098838571319,0.13220873902466063,0.20455462416536038,-0.1135143031835809,-0.3344598115962629,-0.12282606054687298,-1.3595881852082041,-0.21898255300245278,-0.47417307395719144,0.4808253269777051,-0.033828218287609964
8600,8300,-1.136862881493759,-0.32796819948194705,-0.6881300967464931,-0.37741422987757406,0.0572800242673506,0.4777771113910157,-0.26398825104888596,0.031970406443840534,0.3129987680045682,-0.5205680930550289,-0.0427868925115703,0.8107118776337887,1.0849868067415307
8600,8400,-0.4680030322406041,-1.1640892832475862,-0.3680365204029521,0.9177579549975803,0.6600748238280121,-0.2325714784582848,-0.28829200785379294,0.728855914243545,-0.1446615760396238,-0.8494644790468181,-0.8115235226922977,1.4688882307292355,-0.18345259493525867
8600,8500,-0.3235829878571176,-0.01735393945951406,-0.546808218565097,1.3313672348359025,0.2704039328088499,0.6097086142404139,-0.5987354464525233,1.1166528423553757,-0.5294596885276217,-1.1560742399241941,-0.41949095502626943,1.2738159949797065,0.18704692327358682
8600,8600,-0.3936961109084883,0.32992664842526825,-0.6929595922761369,1.514107440801663,-0.31191788318496144,1.4975516757842233,-0.6358731131632475,0.13808943277221863,-0.37713646420700914,-0.24575641743916513,-0.5413733675459039,0.7822553832320894,-0.537775706408095
8600,8700,-0.030281298729353055,0.2338451960394504,-0.504850096446221,1.3833694714046012,-1.3374955231013859,0.6471378889120037,0.0769882440462647,0.3193487681626691,0.31054431877547545,-0.5743185620831043,-0.2722571693453983,1.2754620462626525,-0.8664883747437107
8600,8800,0.09683596560121722,0.3608789616740689,0.2700228459341024,1.6482457364074525,0.6594375757121506,-0.4707664635681738,1.2651901340862568,0.160850489569956,0.396666232612067,-0.8616450796677062,-0.2823482621221162,0.6115959152058211,0.5991457541125009
8600,8900,0.03448926750818765,1.0009391651528445,-0.7387705037895629,1.7123709768889832,0.8701308745122764,-0.39940028933799926,-0.3763623995846821,-0.1558303071271696,-0.1291191973550551,0.06673047350503879,-0.5407994773537703,-0.21652768810028897,-0.1932671146794221
8600,9000,-0.3872427747827544,0.7354167475652018,-0.8210065363813643,1.102225846791149,0.1789549103798149,-0.1019856428209514,-0.16190356694302205,1.0916674086574751,-0.3435930444943559,-0.573763815155134,0.13316936605688023,0.12295369638662226,-0.3219490467740949
8600,9100,-0.005354209716747257,-0.6841541262909326,-0.2718561956468559,0.5243134603941919,-0.5986757452531396,0.5523577692662224,-0.2405363557487547,0.6792570445103816,1.1082428306927774,-1.6876630489145283,-0.12045483311338852,-0.42392038425116935,-0.49163207541126663
8600,9200,-0.7797991873636696,-0.06005021871684891,-0.4884178036007097,0.9438039427776572,0.10837910047357074,1.1286299393911023,-0.6694125563961452,0.9670956842861866,-0.5054878150609032,-1.1667354901714508,-0.36760165099583564,0.4201758825512482,-0.8866004139036283
8600,9300,-0.4505781311707721,0.07288355522328244,-1.474657788935886,1.1842334770246612,0.4034413326168992,1.3991181804687713,-0.35744427255997563,0.9307260923532118,-0.7502891180297294,-1.5793216790431008,-1.1312939468153351,-0.4314578240197773,-0.7766734852005028
8600,9400,-0.30202322266703086,0.007213814064808261,-0.9143901337570394,1.9466721888211582,1.2589633003686442,1.3172026440088223,0.41140148795720183,1.1826713805443663,0.36106494436299463,-1.4711765157497243,0.11050945850036131,-0.7094872262256746,-0.6103484466205258
8600,9500,0.43311165743983226,0.7156452893849875,-0.386807937295028,1.2528898132757462,0.8485102175190157,1.2671205086974615,0.5055817039468733,0.26315435807466914,0.16364318070636685,-0.41966735188034887,-0.13192059653847443,1.1137345506166618,-0.45261587342309156
8600,9600,-0.21318304750695083,-0.19522654115347227,0.02780379688524249,0.07882585329749497,0.5226316325524801,0.3923074652187962,-0.9300968891865236,1.611440441128923,0.7579443529665804,-0.2296590800750924,-0.373340044565968,0.4562527280244951,0.5771384214423394
8600,9700,-1.4474797803661839,-0.9079265949016777,-0.7101247974068174,1.1580644976714631,-0.9822256243585614,1.3995819710540467,-1.4304457067222287,0.1874961199941347,0.6683295325614887,-0.0969415427970645,-0.5857626045950524,2.0072901503938447,-0.4459238309904744
8600,9800,-1.5888203367969818,-0.652535421514704,-0.7900487521812557,1.2732486974370818,-1.1674815980974644,1.3275898676447124,-1.2955222815112062,1.641495950420221,-0.6284873024776122,-0.02428734698606899,-1.0736178345629022,1.2017726387385153,-0.36986856096500437
8600,9900,-1.5026974411977705,-1.3765013868715135,-0.5570083561281787,1.0038981257509716,-1.610650910965757,1.5006307451562135,-1.3653339390123862,1.7421452850365842,-0.6703228861890855,-0.6142361575196325,-1.41457646640538,0.5448389767547375,-1.2696372794832214
8700,0,-0.0329836119869645,0.1941422655909465,-0.7890379298735712,-0.10721637858796713,-0.050921424639029385,-0.13558927681741317,-0.21363811636601862,0.33281877777611657,0.12499865872853362,0.6591013095967511,-0.5672036910681805,-0.9830861040173872,0.23597587168157602
8700,100,0.6764880825278965,0.3136787357656755,-0.47147408223363524,0.29104088528139,-0.09244829031091359,-0.4048402792637232,-0.16982992039512906,0.25713927476037446,0.3874619656818497,0.23491075979371082,0.5955742213391626,-0.6607832121114866,1.2183424037792454
8700,200,0.495091001263716,1.1998163948618086,0.5199591347940875,0.5493807625181172,0.9326149968693346,-0.8706028512985419,0.6652150065312329,0.04149459632345458,-0.0878005022078385,-0.43636196866688226,0.32288450031751337,-1.1948536965345844,1.1567338996533754
8700,300,1.1703246223677217,1.479123521361667,0.10614033980853357,-0.1593927319282565,1.1121305454072055,-0.7909102256497951,1.2891714320510594,-0.5249385998713504,0.05524354301472233,-0.624714026613229,1.631002226240224,-0.6336923659129781,1.7738186025106606
8700,400,0.8323916985434766,1.5389807044344062,0.04325788315720701,-0.7739942659461202,0.8430375232121362,-1.1163828484008003,1.279294402592033,0.15945031300742166,0.2510172703758196,-1.1462721828051603,0.628958029814316,-0.6235670384870705,1.0579302305072824
8700,500,1.0071603549111292,1.1555965876049799,0.847834414227271,-0.34508995065463705,1.031813061061888,-1.1590467921550538,0.8947966246362326,-0.3007011533000445,0.38753239748586676,0.39576890584591556,0.5657313820485728,-0.2068057836123372,0.660935751536459
8700,600,0.5102367514658931,0.744204078070613,-0.3491987500681471,-1.070680408768017,0.48801246665658166,-0.5479406896124347,-0.3015111528919383,0.48311267474058905,0.5121070108815222,-1.0058873694413075,0.053419588701732995,-1.0084520099914958,0.9873901710522365
8700,700,0.1848202775187303,0.18809907467439702,-0.5287431278420703,-0.47707855409989686,0.7115826273862136,-1.02668758972972,1.3801064531680394,0.5550919156434703,0.30343414685542186,-0.6136552394107065,-0.14070248786282444,-1.1518338427574313,-0.23353498963086056
8700,800,-0.4299567684030685,-0.3364958434907117,-0.8466620444456849,-0.3274751452549149,-0.2292772311898692,0.7944572992663482,0.016762232994332917,0.7095900403925938,-0.3810928980203261,-0.3094607784331713,0.15033640979186197,-0.8314991713392051,0.30152962930650445
8700,900,-0.25049393810076703,-0.6027708988253196,-0.7345095710642714,1.1646883678079114,-0.6580174814399763,0.45850727468754066,-0.3936110590861404,0.4499300941934688,-0.9251871962940018,-0.835193547874548,-0.5636905494533,-0.4408234210045814,0.017243963151150968
8700,1000,-1.8701081134281088,-1.1044837609594735,-1.3731788974702237,0.585782472637269,-0.377037194991085,0.5562612544574738,-0.8857875731886454,1.5973830304860588,-0.9897542570293394,-0.2064407465126311,-0.9335678269205044,-0.020437663139110832,-0.2173016217222308
8700,1100,-0.6858736136162276,-1.1573797368988876,-0.9026379707345672,1.066664695044854,-0.6088721065496109,0.023651134260439882,-0.7301660007276083,0.1039854310798014,-0.5104933089285351,0.08174304768139344,-0.6544758812911755,-0.44429858471454625,-0.6566862165170916
8700,1200,-1.2313537684878226,-0.8421649088085343,-1.131009344029723,0.3219942835492904,0.3859489518796966,-0.2432544548117251,-0.49512028208571185,0.23065206407977587,-0.9951532939793671,0.626553578903733,-0.8762661968519907,0.9934664194854911,-0.46039475890390436
8700,1300,-0.31189786076448245,-0.6003522482491969,-1.1671181485074489,0.48530846981737435,-1.033708004048629,1.244780979076285,-0.7387059726922963,0.16315016902531082,-0.7130784846009527,-0.16034012625537433,-1.0452687682628428,-0.43638573068206793,-0.3570434974460206
8700,1400,-0.7410337051442113,-1.5922138899462512,-1.0078321134685337,0.1064933248161596,-1.237727609105797,0.9381931521155235,-1.2240415497165642,0.5307565455064396,0.42330513535139835,0.05882721652498502,-1.0502979322159356,0.04684586139758159,-0.9224834811401382
8700,1500,-1.2424307235488834,-1.2510190384405762,-0.1726509439297135,-0.38608514358544804,-1.508490361493739,0.22999681967453742,-1.0354202752922792,0.8454122156361696,-0.14599252481087208,-0.8216733501454164,-1.1543545227439187,2.050528065734644,-0.577642200032772
8700,1600,-1.150808966602897,-1.3383461396475695,-0.4666761009571097,0.03666557903440783,-1.4818043068803126,0.47887835922429417,-1.6438955511714501,1.037511333710269,-0.12266848857844465,-1.171614013600249,-1.262188358879608,1.399968873985304,-1.1530446910398164
8700,1700,-1.1892874007540075,-1.4240419758705458,-0.7272996910449312,1.4272991701281768,-1.3255064519012916,1.0610478583088856,-1.1008951613222424,1.9076658525730739,0.5453356534442443,-0.7276607392603515,-1.2896218000489583,1.3279701073101402,-1.4556055230547014
8700,1800,-1.2062777214637386,-0.25027321769038763,-0.5294133597573105,0.1614030599354753,-1.023118738115022,0.7827043895427704,-1.014028802863897,0.9418312771219608,-0.1803010300144335,-0.981173985194554,-0.5441131774407376,2.0296779210094544,-0.4846399059182892
8700,1900,-1.6783779580427753,-1.180365503571576,-0.10408465599126508,2.298122656024375,-1.2926634097297012,1.0031797204323678,-0.7133393437542754,0.4158925967371764,-0.4836053628431066,-1.1848060302278431,-1.1381374620367524,1.6925206677736573,-0.6251060443074925
8700,2000,-0.9938504358369622,-0.03135512555134295,0.2586682814522853,1.815335833075448,-0.9643954110578038,1.6475924796090495,-1.123071428864071,0.289537741585677,-0.5345549761798839,-0.18073701234300385,-0.6127494370017103,1.846941692402682,-0.7350961211447807
8700,2100,-0.2771032177772346,-1.3461732461060416,-0.36330431840242433,1.0887072315579995,-0.9109386635466276,0.691995150856614,-0.37473820473539254,1.5822561108019988,0.0690574524719805,-1.0965491782565107,-0.511345672094314,1.7078545220005632,-0.30724679841612856
8700,2200,0.07351896570933983,0.13316264515475013,-0.2838214019430877,0.8316001096213675,-0.9898391593559515,0.868762170312206,0.08962721261719671,0.18167971139469175,-0.024291418744416968,0.6813034966104905,0.17895948877276258,0.5625665932429299,-0.6141225589460662
8700,2300,-0.797190829563466,-0.12990116420745532,-0.5516277277328464,-0.052558976729357526,-0.2913516496720648,0.14379015995228783,0.25113993454201927,-0.46905779494575406,0.7041367566097878,0.5371599300837584,-0.5537497630373129,0.5580085672227252,-0.3413813605080841
8700,2400,0.4903891224779017,0.41257839211848435,-1.331514942710527,-0.12502987403113255,-0.3387114068447425,0.6913832305334634,1.309286756545173,-0.27814802504201036,1.4284412587754123,-1.0027372970731232,0.7590888530239541,0.7959024667445456,-0.20567018758714034
8700,2500,0.5424276111593364,-0.6235467939107534,-0.7379352860067631,0.5634581457687841,-0.5395692296249923,-0.2242282612276137,0.34503776504026556,-0.20387662933115658,-0.6729669922721718,-0.47710460493517,-0.175710729252618,0.9864793372377187,-0.4684243462543544
8700,2600,-0.47656352015607606,-0.5110943626921088,-0.6999667975338231,0.06641568394850825,0.20441558329226658,0.3869466588014508,-0.25852285120757473,-0.3490631061185858,-0.6623444186670625,-0.35318640586152844,-0.2765634338617564,0.7791614514677246,-0.862326240425262
8700,2700,-1.6378635872950018,-0.711401102444716,-0.9603778304480525,-0.052152373486459826,-0.025237248686502674,1.3530473304542254,-1.2968728697951974,0.902210765842489,-0.2831222116633156,-0.46758777657524125,-0.6924669083761205,0.3051613388013129,-1.0558558763400203
8700,2800,-1.399964067606078,-1.0173980719360307,-1.4001275495065517,-0.9307106772810188,0.10031050876673697,0.8371270191246922,-0.49301035380805797,1.916685644318119,-0.8506508677700739,-0.07229858260877593,-0.5453196049345466,0.9199352259660359,-1.4147055502604329
8700,2900,-0.7007031695978782,-0.8813040863569691,-1.1915952670197894,-0.8678166512506365,-0.6575458681746662,0.5375897415081689,-0.4986828331321429,1.0643617285017055,-1.0820772926663298,-0.577090374387795,-0.008457084420659521,1.1637624164803408,-1.775124975653597
8700,3000,0.014983102123506438,-1.3740461636191985,-1.6830626218873994,0.0938924966806638,-0.924139294498682,0.5067650957361224,-0.28842759003440643,0.652056934428043,-1.0233879761838713,-1.370997237931314,-0.04347537376049119,0.7638485228622968,-1.5856384350469317
8700,3100,-0.3357038884791634,-0.7209544523970614,-1.1463015709792328,-0.1336042355886817,-1.1998565764905142,0.6032122664646801,-1.2559768148194634,1.5867788845854958,-1.564482173445309,-1.3720145889674145,-0.40293751195574384,-0.26577356040879535,-1.7946459073066596
8700,3200,-0.7272849301271216,-0.3436800712314509,-1.0333540548249713,-0.8689229923075182,-1.1245907185884625,0.6926160992794864,-1.1103769350331958,1.7271067906838,-1.1684328968780275,-0.42303719578825,-0.6465323760512591,-0.5743131771837844,-1.5402776044426465
8700,3300,-0.5880774718792102,-0.05111355808531608,-0.571638620409109,-0.5533260235268678,-1.075977610672434,1.3507255952937656,-0.11574590437679094,0.8643498902381355,-2.042173818443195,-1.170910269082176,0.6377610888614353,-0.10159629667474537,-0.9693857566193936
8700,3400,0.06180461749645962,-0.6309925622495139,-0.8284304192461824,-0.6230388376041267,-0.9300534962086252,1.6728793844563825,-0.8545066795058466,1.5000113830554174,-1.4624172401294027,-0.9525602727004803,-0.7802443785411063,0.18912881592896746,-1.1987949977817647
8700,3500,-0.36219436312978937,-0.6446859428620098,-1.3301009151515328,-0.8614333180972391,0.2869776893389842,1.3428781733443824,-1.058538173973261,1.731592163047192,-1.3832848854943942,-0.8541671189233014,-1.0661076433536494,0.9423090996976075,-1.392722682951484
8700,3600,-0.5895225650594641,-0.975178905874575,-0.6787836883363634,-0.8914444083076176,1.1018570021074852,1.3003984936295305,-0.7735059035763724,1.8622020209923813,-1.2286012099602612,-0.9431248834092018,-1.021630356759171,0.7126299687564623,-1.371522591330564
8700,3700,-0.6837498369591793,-1.2336653697460025,-1.373875636544062,-0.7384877339174386,-0.813863260981886,1.6221816908436364,-0.27831640844059924,1.226018457875476,-0.2789702823947739,-1.524321264921074,-1.5575056896323478,-0.07891665096966628,-1.1171852089122152
8700,3800,-0.160339905932167,-0.5225377267156227,-0.6664533373240301,-1.2775491507677437,-0.08303481830919676,0.3517437204604841,-0.3818924005957368,1.046173990065823,-0.6125586854538413,-1.2688107988361788,-0.15187255337423225,-0.09292368525249182,-0.7230247862359354
8700,3900,0.5036410960517731,0.17053100996015894,0.18052182634751213,-0.9302957785102162,-0.03808004324493996,1.6737765068734962,-0.3612398848914411,-0.183412043775462,-0.4076947142902851,-0.9197643566868804,-0.03727658138764302,1.2620049472152912,-0.5834502684545667
8700,4000,-0.9165558814829095,-0.45043252012513135,0.6055590611152587,-1.235330512131201,0.7704691878654331,1.2019334041333538,-0.9408987318127822,0.1962602441871997,0.1576220696614918,-1.9500073719646,-0.7748463268113082,1.3042262572668497,-0.9053403365766266
8700,4100,-0.8006488613891161,-0.5433583685611562,0.845066825045111,-0.25753034577275774,0.011736453391526513,1.6293999850642653,-0.2779607458651539,0.9289436797776482,0.18652815912413107,-1.6002083375107492,-0.7584565725683355,1.3113968384483043,-0.6051761820175287
8700,4200,-1.0496772764194802,0.07937611815454705,-0.721185141442825,-1.6754444112590468,0.03477502824491732,0.04892804500162655,-0.7512655551482871,0.5199648053454216,0.15893613652433103,-1.286290516093364,-0.4423247303919021,-0.08886507142061782,-0.20892809655159267
8700,4300,1.0581337888419333,0.6683315169028989,-0.520813394299346,-1.9085698986016317,1.2009474641597837,-0.7687754954926436,0.6426134976701774,0.4030151975132478,0.5239934349536503,-0.8263931298794499,0.7602602651228643,-0.31369999078845856,1.0026585469051759
8700,4400,0.760141764558705,1.9071712130696168,0.14615211035535658,-1.369468469308906,1.3359377442481144,-1.1975876481763899,0.8231630181676243,-0.19962992790780965,1.7603497422069037,0.8464355989157423,1.3863421164157346,-0.3934891795030986,1.0418942150112651
8700,4500,1.3524483610199305,1.6000971630966598,2.123726105565426,-1.2770167668941566,1.4330086258006578,-1.638956305637192,1.5151056575645296,-0.8322536481684237,1.053278182263314,0.9668119168788797,1.263609147770043,-0.803269382481811,1.4157705757973553
8700,4600,0.9600050235087034,2.20086372501909,1.3553467284935474,-0.4911495228780961,1.4045496931648,-0.7791958866192806,0.8726391114051217,-1.0079980267445225,1.1726173762760657,-0.502186210673967,1.151804035429864,-1.0476977416346398,2.0498886605355087
8700,4700,1.6180163057583552,1.70210318130838,1.1553686550195343,-0.025433712519067363,1.3954614164506405,-1.0117129868245434,1.226115027738439,-0.6258520298988143,1.6893300536874325,0.8195571370069425,1.3810828116646168,-1.0486051271499295,1.8733648021033837
8700,4800,1.0563575431292842,1.7653173654418493,2.2445051464859516,-0.47815200653320467,1.4241259383232872,-1.422644958215414,1.8868220934002131,-1.4270193000207685,1.1897021522488034,0.7646282925239161,1.8945170608729456,-1.0787492927037272,1.9564756730200903
8700,4900,1.9430158676975244,1.3449544436074052,1.9345793469134418,-1.6268707192386145,0.9814423232069645,-1.652852131193488,2.0948966509561626,-0.8513630418877772,1.178341887553233,0.08180467399273947,1.931326995010149,-1.7148506165225765,2.224636838985876
8700,5000,1.1735810168064,1.6628539348771967,1.6290479324123583,-0.8949950384523051,1.8647488674994386,-1.1205879595269126,1.3869672491051326,-1.164716949585078,0.4155231132087259,-0.05478863216737801,1.2341572267394678,-1.849441225098468,1.7167524024042657
8700,5100,1.169044540292749,1.0185677715039652,1.278339209928876,-1.5492413513778258,1.5606397048862028,-1.3003550454852713,1.6745416651467386,-0.8838875458201091,-0.12679058017215397,0.22163425266716089,1.6922189083256562,-1.3459500251576666,1.4267725990670515
8700,5200,1.4781944596756882,1.833003899206341,1.0110118717774639,-1.4900070168816666,1.5529470036409403,-1.433416283160781,1.49471472983454,-0.46845101428441066,0.8646011208601161,-0.7359230664141426,1.5216922087547649,-0.7729783400179567,1.4345633562394524
8700,5300,1.4397724295901546,1.05217539029013,0.8009356136379159,-0.15704171090753385,1.0229994024662519,-1.2953327701287525,1.2876306801655664,-0.46814844271181294,0.32696324015553474,-0.9610738583319786,0.9747474475212901,-1.587598246245089,1.2225678903840669
8700,5400,0.13800344368516076,0.5718155587409921,-0.3530440156375732,-0.9854090140122755,0.5772494411759339,-0.34258980630285263,-0.16810767149445788,-0.3171570854916371,1.1290004694015163,-1.1467781133959212,-0.02246346949796179,-0.8060144814006683,-0.6370829075013291
8700,5500,-0.5140391895083932,-0.8774059334869365,0.41254710924268423,-1.1214057489497988,0.09163388467605381,-0.7940592960348665,-0.43324984439200637,0.9636020725589199,0.8823185281091414,-1.340776478399654,-0.16793025328025094,-0.20649268673279803,0.02160085433372931
8700,5600,0.24482616088462572,0.6193081565189488,-0.09855254599122686,-0.16863720081157707,-0.48527225216550546,-0.36326449092610236,-0.27672846786131033,1.3084254751545858,0.05347706556937814,-1.0156472644584722,0.14791803133095185,-0.7089017897011072,-0.5430298188494862
8700,5700,0.8076395545384579,-0.14606590660345736,-0.4525723900314606,-0.7064971228482941,-1.0890824542093136,-0.43139110919335155,0.3711082094147527,-0.877150338178917,0.04445273195917468,-1.1950481522145777,0.5713503722320331,-0.5851580956110436,-0.31988253238727554
8700,5800,0.9141290039689399,-1.4517548828731615,0.25664571603478925,-1.3630711543991374,0.839735565460816,-1.0254684108295613,0.4559497890741653,-0.28241393011830435,-0.8518918396634152,-0.8778242158734216,1.0136750099540528,-1.4141721667834242,-0.20908303791323213
8700,5900,1.248874802388242,0.11234669316106899,1.3562301332533573,-1.0733656688378417,0.6768807021301125,0.07315194862494581,-0.000654923848631527,0.02325105576004447,-0.518558929543156,-1.825580885623694,0.9952718663737506,-0.705815111867119,1.1395921563085443
8700,6000,0.6148783292933293,-0.5246023912705581,1.378635436208123,-1.0557734903659413,-1.245219779869483,-0.9246259606765218,1.276539812803802,0.8229381165531624,-0.7708001328169043,-1.1514436333743299,0.6497472120958108,-0.7028288913139605,1.380959876221749
8700,6100,1.1534554957281238,0.7227231056233521,1.0570335762036496,-0.6031893789140407,0.07183703401670863,-1.1043873969316258,0.2970578365099895,-0.526507146929735,-0.08113029378328698,-0.8332615403169202,1.3075430771035175,-0.5206112959839194,1.6192183474274
8700,6200,1.3508094805320838,1.4468953975537666,1.0646083334222693,-1.0599379138648788,0.24988275583692257,-1.0968750290598324,1.2120104379020042,-0.7892999328666366,0.3588060035370833,-0.8951735916585626,0.8034803333825729,-0.6723521646452456,0.635402040041241
8700,6300,1.5667775062957188,0.9615130347146587,0.9006897842056204,-2.17662910730707,-0.18211373756243734,-0.9938764862786946,1.312413993812015,-1.7960063435665226,1.282231361545752,-1.0459828810357918,0.8491852668342783,-1.3788475053647744,1.1921653970096204
8700,6400,1.2359364591611548,0.7086070614698652,0.3685700839185493,-1.2180752708932796,-0.3027359887578787,-1.318877634281905,0.1661949225551567,-1.1229898651492531,1.0940198900727347,-1.4094282607971378,0.8332102011924604,-1.279451450819212,-0.03538179099516974
8700,6500,0.43888259057469586,0.3091748452423119,-0.5647707210448835,-0.6456559854734434,-0.09926025979772395,-1.1409353515938299,0.7022179340184858,0.26241110417524105,1.4132143653525422,-1.387905888522935,0.9026514021760467,-0.8602632413229394,0.7616810238500563
8700,6600,-0.16730883829049353,-0.42175729802508577,-0.7408759018324431,0.2775376397804228,-0.29494233250100116,-0.06274388967660333,-0.2564933740952648,-0.28872620858489007,1.7308138330708307,-0.5406541662980086,-0.256686069180849,-0.37584220731374257,0.19740867738836365
8700,6700,-0.48979872499624577,-0.6123555878136115,-0.306231264007978,-0.19571058936780314,-0.5958851683595251,-0.7011353774873217,-0.786272690757774,0.40671269489214185,-0.03516900978752118,-0.22422945041615178,-0.8523671171407129,-0.7176923361042111,0.8325465816857862
8700,6800,-0.8555613015811487,-1.0892051325317356,-0.5497566829704651,0.4371508313679171,-0.14578397315637276,0.20750397919174202,-0.07727407031128648,0.7710945197937266,-0.32209505368106256,-0.317890039135198,-0.8828793871753068,-0.45683775300953244,0.9327356643097341
8700,6900,0.3443644679579727,0.07733475367111384,0.3310987859514198,-0.2517728514352401,-0.6922323413489232,0.10202816568399611,-0.2298717318979792,0.6949425734905316,-0.6728120119647175,0.38209181082940175,0.7616635096928785,0.16454305375688513,0.17206951334832674
8700,7000,-0.6540134865310033,-0.9294763634726858,-0.25687978860720145,1.349546971876273,0.050817494793185224,-0.3056594401823447,-1.1358426222040423,0.11421030651437554,-0.6833300740673677,-0.0721363778956261,-1.067417719821384,-0.9867115825129529,0.12195236909168489
8700,7100,-0.8967643645126179,-0.5897844063031777,0.1758838589641342,1.5456636187272437,0.16777568627962686,-0.008553183104398584,-1.0793812611122455,0.7176259009704253,-0.6725782374705601,0.57572627710846,-0.847054115546679,-0.9399672937781411,0.9141405637666606
8700,7200,-0.8999426699482803,-0.30009886310091216,-0.8588054173982551,1.729301590734412,0.07737223064393157,-0.9423230100588306,-0.7288865890400005,0.1881206322537271,-0.6270215868780309,0.6772983902087062,-0.4215880675146107,-0.8648117827029509,2.24225866567852
8700,7300,-0.43770320625801973,-1.275318557867553,0.02876374924476284,1.8669153049253344,-0.08914854367343795,-0.09410381247531238,0.9346704074177768,0.5778008593456698,-0.9695053716890694,-0.1602945856118593,0.07870084496540905,-0.39113956544740003,0.9800284272081556
8700,7400,-0.7830312307528847,-0.4229697283736804,-0.44533251378168176,1.150096715253169,0.45615625793166314,-0.5345832724511417,-0.747122083097077,1.2677221733254356,-1.0308285248528568,0.1033445033339711,-0.8337251679852732,0.3978341330008237,-0.12575135522916345
8700,7500,-1.182298217101552,-0.48810086558174515,-0.10057664239195793,0.5138040810090022,-0.7485507236415567,-0.2921087098791567,-0.41808862418934595,0.18206711397679123,1.2998797252946555,0.4612178282528093,-1.2077552380023895,-0.4739971774097881,0.6275257433118888
8700,7600,-0.680363493501948,-0.8097744009769698,0.8417404382461054,0.8556766379499984,-1.3387059646048958,0.5483635703622619,-0.14028416507675914,-0.029246760481124037,1.3002199475762215,0.7284267938525061,0.6105365584866634,0.17873929237596264,0.04203543651434748
8700,7700,0.06602010233982407,-0.8160327311294281,-0.07580749443356545,0.6041816237834066,0.23427797816636434,0.7367970026092018,-0.3280691872874846,-0.07396898326861479,0.27407998417820756,0.7725227769086863,0.5953621239532759,-0.13028417888309407,0.27258238610700625
8700,7800,0.9472698496465639,-0.6401676598842746,0.03719302218315137,0.3141975718441064,1.092133583999401,-0.02845816145372945,0.6897393456103851,-0.550567386188445,0.8980217886849317,0.6445363255994849,1.086523016647097,1.1745087663104221,0.6338684982053583
8700,7900,1.181504379523957,-0.012526277228532017,0.10417814671067158,0.37622480464112373,0.5978771258015649,-0.07729855438277475,1.0104306108598289,-1.1575099199831178,-0.5724739863660165,-0.6922753970979326,1.0726084514264298,1.1412350954231891,0.5277272810172251
8700,8000,0.8370833093160112,-0.2417063920375587,-0.26776740605360044,-0.592592795945143,1.1376090192078485,-0.2975049303972064,-0.3080520713978633,-0.6406473399650365,-0.6944247274519793,-0.4012364779728426,0.9085220617017256,0.47752647222410866,-0.34637142334276755
8700,8100,-0.12158017436857108,-0.8042956278503455,0.8953146053414657,-0.5234051079798514,0.8297758204133536,-0.34852361481098537,0.0030211968294280166,0.4748885845495691,-0.9162539788214561,-0.14369099465307014,0.17397709227890307,0.7000735445599178,-0.11773041858959722
8700,8200,-0.3142741927048032,-0.6709105258958411,-0.13250160731802332,0.21301473554732592,-0.6357091867741925,-0.41146381982458263,-0.2000864665558655,0.1507547053639696,-0.9562772777034031,-0.1659295799392572,-1.0467000384983476,0.9561941129066063,0.09139150604306935
8700,8300,-1.3790698885941532,-0.7114401126046821,-1.1186439406930966,-0.07380162895242041,0.6801018480638454,0.5697111494389195,-0.8252137142971758,0.638076412065717,-0.6179509443032729,-0.8712862487124541,-0.7765119123395815,1.0160855476165798,0.10038290392374509
8700,8400,-1.506359681013688,-0.750155889714397,0.2083417014095805,0.7247109599964767,0.8897617216022699,0.3402265103503457,-0.5044985778895068,1.1610078155642674,-0.961620005453023,0.19694813236336478,-0.2977119095089362,0.552404470898333,-0.44713726215862654
8700,8500,-0.24667154769805127,-0.1412103337333059,0.6285609875909834,1.1628137715275328,0.6659340075399022,1.5740838513386517,0.16092503151230877,0.3571279814375837,-0.0906240322208511,-0.8440897715078786,-0.14012382139114973,2.2210291786842085,0.7376506675059613
8700,8600,-0.4698494969958596,-0.7307764642461612,-0.7221165895914108,1.2993177380664425,0.6604393816667229,1.0490410835384492,-0.1800690717317908,0.38887599720785687,-1.2481174661728598,-0.6500226642694487,0.17576026232117964,1.2239893903517172,0.21058786694291376
8700,8700,-0.38514858051485296,-0.025658424568763483,-0.16022267545093236,1.002526260509744,-0.5315300780671416,-0.10665048748780026,-0.27796912580205607,0.03098212918171037,-0.2441611889443623,-0.5524844059662772,-0.8553879690709534,0.7834449780450845,-0.7374343406668071
8700,8800,1.5962379061221428,0.6403071611592822,0.06270399337498966,1.8929042987188187,0.30941333011212224,-0.15267118890856676,1.264783531983581,-0.09309834731892547,0.011960775731306031,-0.2540812939362615,0.5316674524694794,-0.06791009560572808,-0.29311897754704497
8700,8900,0.5020676704877692,0.5815902373333426,-0.21357164793338826,1.569916161773665,1.6298369325285824,-0.8816629026676821,-0.1867601518178639,-0.7943389407860774,-0.6007357627934071,-0.43359835965156723,0.711516833796305,-0.27241224462509933,0.3306224704593928
8700,9000,0.09215499217652774,0.7223288004961348,-0.0800970005155172,0.4589904776823021,1.7663215959136034,-0.27440670087621793,0.19450832704613671,0.4971284449101346,0.1696159685768608,-1.3051141931348922,0.14873527542204268,0.29628446842290174,0.4477082526175355
8700,9100,0.17229346196734097,0.3451071584792023,-0.43331123263590204,0.6665600017119371,1.004517806552789,0.143544793002376,0.9302400232018174,1.0220427244261527,0.1802167741276679,-1.2910623607832497,0.6800180422143539,-0.8271633398504695,0.056607560690538065
8700,9200,-0.6234746619247346,-0.03357104050996709,0.24985856115819824,1.0398499932486167,0.004936510739985028,1.8824486550714667,-0.8206204767703306,0.4760033712356927,-1.0380584936543011,-1.1257875947765743,-0.6558531204830794,0.3356063660286482,-0.08670198657944063
8700,9300,-0.4470093469146761,0.07612785759703349,-0.9970415144623237,0.3379347472933086,1.6022376682600072,1.6166155900180812,-0.9551175983292888,1.4978339369399531,-0.9717047260840428,-1.4249589495826434,-1.2060455580622806,-0.5168492649195116,0.017406662384862714
8700,9400,-0.32262739991675815,-0.55207584271148,-0.44474574810612943,1.1850710199777719,0.33952673819564455,2.1022985906475222,-0.537936945237414,0.6614953709402318,0.354746089518434,-1.2110121635463387,-0.8219711538983092,-0.7680410263657304,-0.7435155540964868
8700,9500,-0.8928531807768444,-0.3266915092897416,-1.1181136057545116,0.499876546231244,1.5068927785382213,1.0777587416414631,-0.8898156313565398,1.2553899581896024,0.39530964433253846,-0.5647888049390342,-0.6981731750584123,-0.398058846585588,0.2267401226657829
8700,9600,0.6121611435074871,-0.42404801623587146,-0.5083797779329247,0.15825746920905792,0.46462206972515097,1.4129114140498273,-0.5843274147226258,1.5850354318953255,0.10956521643148033,-0.09215604850449208,-0.17292096173053545,-0.38560703834515087,0.3393781100888311
8700,9700,-1.6922138790122019,-1.299879142578536,-1.0401179117048143,0.8086694548705087,-1.0632075869125237,1.7514332595762923,-0.6719127835089921,1.0224449036687693,-0.12792292164883756,-0.31682593497161643,-1.8781126403444106,1.7525540297112492,-0.17430172842236438
8700,9800,-2.105572709467967,-0.7572935372615525,-1.1699428355750359,1.1754293044194621,-0.8217835422968813,1.6129994356507733,-1.2533043669202826,1.0557397330828124,-0.49366573117536083,-0.23469955947374593,-1.076583797472073,1.7744024877437579,-0.7566586527907971
8700,9900,-1.7568114109115616,-1.2169711237611611,-1.0016456143594152,0.7716276686282537,-0.8032019394643442,1.6244655434149045,-1.5077472925591022,1.2375057282552453,-0.4642812391007059,-0.5739840289610815,-0.9331943201120895,0.6456171038759041,-1.2132369412078035
8800,0,-0.6853782030364215,-1.093924570861492,-1.1657752549860938,-0.7015765779374971,-0.4504234330145179,-0.36318808687882276,-0.09519270719909759,-0.19953327677493168,-0.002005805901535938,0.19536156306382707,-0.7821442397727747,-0.634458580086788,0.39706567745023474
8800,100,0.5342712207468586,0.3844528896094688,-0.6271718745898682,-0.9532856139712524,0.33946458814695796,-0.3096660867507961,-0.19032560418164784,0.16889086764362038,0.3173295347187414,0.397423793710988,0.3247252110094074,-0.06128889631208516,1.0720905313812883
8800,200,0.31787851829404296,1.0703221647085372,-0.06000583678970121,0.34906988425189434,1.2811162264361335,-0.670359710210496,0.6719147478532366,0.37914955435026637,0.44980911619031383,-0.2792899485606287,0.6805273645902039,-0.8407482107069791,1.5280072744082396
8800,300,1.106970609461084,2.0435261174083794,0.2832854178829863,0.2959109271906105,0.5555637402623513,0.006641686477720822,1.4357482071380339,-0.27699082537243114,1.104829847672485,-0.6299091968722764,0.6829934107222408,0.206976913975457,1.582897168812089
8800,400,0.6946285092313369,2.07792008506487,0.1276341895856696,-0.4531043436421505,-0.16224713941642704,-0.7157643448348958,1.3746682568811663,1.54989298658984,0.9651013861523429,-1.573670609032353,0.785234381750305,-0.510505928121947,1.1509033770326609
8800,500,0.931934271704939,1.0490510129768387,0.2721025085471639,-0.9092284856860395,0.919398640158024,-1.5212177395794644,0.5864975538043907,-0.16908086289920587,0.5616538672232328,-0.6487142822114309,0.975074961546759,-0.06161715664491259,0.5963227155215796
8800,600,0.4665164322221625,1.1602464406262223,-0.10924096167623096,-0.8425530134908312,0.7035402319251843,-0.383229504398539,0.3850721161413656,-0.2665139888268939,0.492412716995734,-0.9923518128583413,-0.5972379046560384,-1.4004632982976721,0.7497511302686096
8800,700,0.1689860202581422,0.20708072139405737,-0.22169047993542798,-1.1266230452145556,0.1568020149644558,-0.24886432593429048,0.29446801453114413,0.27349563511368746,0.9157879985842401,-0.5786205203275785,0.2706716138442285,-0.9447652443610077,-0.9818200451511527
8800,800,-0.7252273420638147,-0.5780543940244508,-1.1921562353205377,-0.07768530715111299,-0.39278327934052953,1.081641924263542,-0.04055658224218884,-0.03415323197171185,-0.5073015764480612,-0.23675316899743237,-0.6799215127497991,0.22469795948510415,0.39923961164257676
8800,900,-0.944749517139739,0.3832348258828938,-1.0677915463816259,0.7784749881683657,-1.1409209066378458,0.8154689030630058,-1.038962255650088,0.5472984905491324,-1.3942976392347788,-0.6692276841231345,-0.7579879098740474,0.5260190267929045,-0.07848306267673971
8800,1000,-1.257241141032591,-1.5163312388683392,-1.2633826899847023,0.9915054921101903,-0.5886446772475002,0.491845084315031,-0.7201662052510968,0.9717004197522718,-1.562890009264643,0.015564951618693108,-0.3744758416108324,0.1997780118664356,-0.7854898355362278
8800,1100,-1.196247231037633,-0.3188841276985239,-0.43261514579006505,0.2229458741453368,-1.3243873541819406,0.2778960626558376,-0.9072476019960141,0.12490708252456834,-0.5636637114354454,0.450359407540929,-0.14532775630382985,-0.039824957047662875,-1.5202665761888414
8800,1200,-1.3690875056915015,-0.2968408467772246,-0.19573264458708528,-0.3968374136013264,0.7442289057412256,0.9821072765082688,-1.1341387491252441,-0.9383932653624014,-0.7726194922750581,-0.16651323772629467,-0.4274245985399844,0.3333009607835045,-0.21657612410197064
8800,1300,-0.7499645197738378,-1.485673147097533,-0.010429661732833408,0.6252371057870462,0.25068041882913017,0.15476405664354365,-0.7226511667433144,0.5719221249572689,-0.24221776060505407,-0.055098518275329966,-0.37613766018109146,0.049747307262508145,-0.8528342206584304
8800,1400,-0.5350804542057898,-1.3616985104408137,-0.7766027616733764,1.3628771712161778,-0.3173935291845766,0.2326230225116929,-0.31725710178453126,0.3407054861824852,0.01955062806403003,0.12249193622403017,-0.9430481109677943,0.5585328606109681,-0.8550266110074959
8800,1500,-0.6512990245973298,-0.8050249599602223,-0.4934051606016044,-0.8844842515812558,-0.45693136306186916,0.5548609165336008,-1.4832642019119453,0.3489800144099049,-0.1785094873890443,-0.42919947933082764,-1.4818085898488385,0.8532901378133849,-0.5778999353121359
8800,1600,-1.3426258870375158,-1.2334270376628778,-0.2461555865128193,0.13025492247780265,-0.8577038869087924,-0.19370052544975908,-0.9363385181444878,1.461051109546498,0.4185725497689398,-1.181747889525127,-1.043319221572259,1.3582733950382622,0.07444457970916107
8800,1700,-1.1655862793787546,-1.0481208512775957,-0.9531640866007905,1.4157514646248925,-0.899054318082552,0.554226503861709,-0.6897213754472342,0.531871416802696,-0.05745215044765413,0.07990582186279828,-1.5657411406154091,1.8166847908758479,-1.3319364037960089
8800,1800,-0.7630202290922691,-0.3281279582660271,-0.5664688840082052,1.5628871849893282,-1.024303028175589,0.5122850688780866,-0.40194976882914474,0.38660268917100193,-0.11878749502530392,-0.9793497703732954,-1.3235046052281487,1.482151865539821,-1.4035603977533346
8800,1900,-1.643255149875284,-0.2677972385607437,-0.26601511079321,1.603946255544142,-1.266076858830074,1.1149121902066415,-0.6647103835787449,0.16385649839851224,-0.3986861734327824,-0.7045863064031632,-0.9816472996718458,1.0274012698801875,-1.14182927342812
8800,2000,-0.28405235633759823,-0.6692155445292571,-0.18004293803679022,1.7451494078041294,-0.5159315081808383,1.1691626053382733,-0.9342350377022405,0.1720929792321094,-0.4754747733830819,-0.5280797106514434,-0.6293967794760389,1.5888075138162494,-1.2191475760625097
8800,2100,-0.9428793767130945,-0.00399023550891443,-0.4739983778069217,1.7690711524190266,0.09733388533535936,1.8193856163285131,-0.6728110898028594,0.63603579813835,0.78908738969011,-0.8577931848798124,-0.40131305941728035,1.206090759746356,-0.038337218246801856
8800,2200,0.1576069287622666,0.2592242620694609,-0.18440226958030914,0.9625725970969341,-0.6389943537776147,1.3570993858172602,0.4045851009501265,0.5395827268767566,1.3402516914378941,-0.6404459751528214,0.17694316097867258,1.7325659650108778,0.34053662977284693
8800,2300,0.36209655211931957,0.31498887028347317,-0.2489766847140972,-0.23178953184931092,0.20742639019100914,0.3518692925771764,0.4183078501819287,-0.5005707669193763,1.5710827087355663,0.9457130219514114,-0.3699377356946027,1.2446502135129889,-0.015576997120590054
8800,2400,1.0781677827914247,0.030356516859793705,0.2826247345661582,-0.2765466508561178,0.7433924110931688,-0.19294981603749836,1.9157053743128392,-0.6698825508692603,0.7112750476518322,-0.25710387322906997,1.721738185038605,-0.0071737855910291555,-0.5816925145097648
8800,2500,0.6985902841157186,-0.8727141887306852,-0.5418518855717983,-0.2884697105864526,0.014608099831694322,-0.5716852305541149,0.8319142807926456,-0.9335916532561777,0.5034773066399786,-0.5276763255824503,0.3886355214228909,0.00859809675961311,-0.3496496853694326
8800,2600,0.23264990171694244,-1.410803551729978,-0.3796653155118779,0.16289049816613604,1.2503979300682764,0.6852865763277151,-0.2702321705479353,-0.7023294004430115,-0.8992498569299507,-0.7640593925977718,-0.8540072459842746,0.37772383507362023,-1.2260741166110714
8800,2700,-1.0818734949296527,-0.9394491022907161,-0.9637739529627066,-0.19805698104816646,0.5652890879672122,1.1500777954754504,-1.068952758268764,-0.31409703886188023,-0.8130220962784902,-0.6718752062190512,-0.6399375367904034,0.8822107916485777,-1.0683883239325036
8800,2800,-0.38576155555821867,-1.346589354480939,-1.155698109141407,-0.5835835977755451,-0.2707483682804932,1.5825525124648658,-1.015208506544967,1.6688592716218285,-0.7206944221885139,-0.1961227766738971,-0.7112689607057008,0.5802675412531937,-1.6236526126406914
8800,2900,-0.5327850408992802,-0.9917154940508817,-0.9475019571361056,-0.8619077097475164,-1.0633454749063587,1.556634948070709,-1.2317596569748344,1.1734360608014287,-1.1463349450827025,-0.697834630360213,-0.5863450530302903,0.8789985360683377,-1.7377268630803486
8800,3000,-0.7868370248849329,-0.4852779842795002,-2.0253857972243465,-0.3514798389008494,-1.2966510577648112,0.056113916437887365,-0.4928955112558513,0.5155118341320719,-0.9655276330113962,-1.5887329615919532,-0.4859590798068484,-0.2446522681200075,-0.520827713803948
8800,3100,-0.9307066729959113,-1.3570493798850631,-1.2469262636863678,-0.6464428937579634,-0.7786339178902429,1.2112144366043582,-1.3884760743983569,1.3666682037476385,-1.2256835241960853,-1.6982562351273192,-0.3292491126838788,0.02917013128147715,-1.2467719645730486
8800,3200,-0.743011611000481,0.04176745473024753,-1.192777682162988,-0.5007873173983316,-1.3027483745912676,0.966126390216333,-0.6761612740604599,2.0922279805881434,-1.3834819217152832,-0.8681975760924039,-0.7648576814092964,-0.4506012683046773,-1.835209384412497
8800,3300,-0.4161273497984671,-0.3167817415815423,-0.6369063408318418,-0.6764965746458493,-1.5783223223267933,1.1207533913172951,-0.580857557207643,1.1679375811616566,-1.758789235104714,-1.1826777761737353,-0.5027023412712964,-0.8143194781006589,-0.45625077010981185
8800,3400,-0.3048631021942599,-0.42129712687052473,0.04837618526110273,-0.9395857179265604,-0.14522780515842743,2.2786279944786796,-0.6068692258070361,1.307295846107294,-1.313230097087069,-1.1590328548879119,-0.44796505996325076,0.24487100350587612,-0.8177114376327446
8800,3500,-1.4090472933699794,-0.8066712777431466,-1.3535096274510359,-0.698133964510537,-0.09134192710492968,1.7234953142699398,-1.1453427711502187,1.4525058354801799,-1.0303951522558692,-1.2568877527293678,-0.8879245557426709,0.2842147674323424,-1.8162934321412145
8800,3600,-1.4234738631807087,-0.41729051595606736,-1.2627637987713198,-1.4229631043627737,1.5324718038167724,0.7062681394396793,-1.380978081077986,1.1324386406840972,-0.7021848169029329,-1.830501968543115,-0.9476719024065452,0.03788519171335679,-1.351748706569911
8800,3700,-0.37195641996893813,-1.2410953992557308,-0.417681783263194,-0.7525635319224414,0.6949249172811662,0.936550649400484,-0.465113486699017,0.9605289526788371,-0.767400033984462,-1.2059727259273554,-1.0955402279702973,-0.08800899373423399,-1.4592528160513205
8800,3800,0.023232867297300133,-0.3859291235424042,-0.16701776888191786,-1.6331877483027681,1.629238600750837,1.574861854289981,-0.16195059357964714,1.4378719574984218,-0.28190610613517536,-1.672014514572596,-0.22530371002158453,-0.30725765940769656,-0.6801749809976952
8800,3900,0.065625697450237,-0.22631857799370622,0.14341655757128416,-0.6977897565743324,-0.1636875854892892,0.9115097096882587,-0.39719190596909265,0.28587728715711824,-0.1449956708856311,-1.9900013944878692,0.3565947836118953,1.595390860323607,0.2698694319180149
8800,4000,-0.2292909853512911,-0.28064203783025143,0.24962443682621707,-1.6720957515708335,1.293554240791072,0.9934491350895739,-0.4396021122699439,1.062465469854557,-0.1176724630006748,-1.1662414036840814,0.08170382221022013,0.859795772513375,-0.6698913370881245
8800,4100,-1.1240659385046416,-0.14262152160058475,0.898126136314128,-1.4648616597342905,0.6039650454952741,1.3460917975289795,-1.0264134395407285,0.5871386944292787,-0.4827176725312075,-1.2556810328441106,-1.0553704781210929,0.8640718454721831,-0.49460568916901926
8800,4200,-0.8490181245583606,0.07312629057252891,-0.6576912041931657,-1.2266668656298436,0.002058708997054409,-0.6232174816241566,0.04794146540226432,0.7775681514114913,-0.4267786323447336,-1.258195659192041,-0.7873106255729935,0.19351718115514635,-0.4074186975385893
8800,4300,0.020487929236771434,0.9790806721432845,0.2390991068125005,-0.6567601287418255,0.4637029262580976,-0.5990416485384994,0.4636886394546244,0.8460649230059193,-0.05193710282222726,-0.6880053364581858,0.8771125398765321,0.09093466314536326,0.06154946749189931
8800,4400,0.43643799675485195,1.233024915691624,0.5042080454346098,-1.738493477129235,1.1456466583603637,-1.4062002049607794,1.4690661235656728,0.24616178532811722,1.2069898317894847,-1.0686822254024524,0.8119158025465144,1.327325221095233,1.1674688488294291
8800,4500,1.4698221342060838,0.8552441699327503,0.9118894590619848,-1.1685730295214836,0.5468927069716173,-1.3646177799627854,0.7823907911993254,-0.45765897619948914,0.9731335397369869,0.4897852325906436,0.844948921364336,-0.5797239603527296,1.5866049096328774
8800,4600,1.4571107290397796,1.338337399490924,1.1190292204918932,-0.22661703482437281,1.5976880012512633,-0.43435072427739996,1.0022149386612391,-0.3950805343317807,1.268473220869475,-0.2850994221566332,0.728717320453493,-0.7722155645917217,1.6834971904028397
8800,4700,1.546863491143785,1.24724730111806,1.3336894968618005,-0.7991036910768777,1.4861849854048794,-1.310964523021389,1.3022357583775064,-0.8305811043227684,1.4713582199145832,0.7081773285349244,1.3385138374512304,-1.8078224545239998,0.852259408181416
8800,4800,1.7790168390075596,2.113807750089795,1.6529592906536232,-0.4850337011962295,1.197260762650624,-1.3379003028409373,1.5080144511781295,-1.0884265001631206,1.2907077050370916,0.034752038685771765,1.254432773142773,-1.2086724550670114,1.5915578423857988
8800,4900,1.476279057210417,1.6846602019304957,1.98832678885425,-0.43435989917123774,2.094335441858634,-1.724189978666292,1.475127212033472,-1.2800568283570135,1.1586726504427378,-0.06161626878730678,1.7301742214249964,-1.358807397746692,1.9223461086111089
8800,5000,1.2770627638996424,1.4487712329447673,1.3999164494936798,-1.268810326281626,1.4368013949528178,-0.6571157302402382,1.468120172910526,-1.115517937262116,0.39707961268901143,0.9684042434508998,1.6091697537475238,-1.4387316896567084,2.351793668740914
8800,5100,1.8792549937123135,1.7818114346514304,1.147315701025334,-1.4442352024552498,1.3878674371694681,-0.5251284686271811,1.0596024620976552,-1.1005137568188792,0.5687702097337317,0.2998464428038514,1.748172368478829,-1.4287440280991954,1.9438691527114742
8800,5200,1.5782010519645826,1.5614294460605183,1.073166754558534,-1.252227026902733,1.736860164724585,0.00387043445116488,1.0754662159772168,-0.917913820500154,0.5342969447530146,-0.7606795150462831,2.156823811419779,-1.4852547845709532,1.6372019369774442
8800,5300,1.753128394391845,1.2187171636854035,1.11209433112774,-0.5402051353388014,1.4143129997891728,-0.8075456145571882,1.0602219715677073,-0.3911136622217312,0.10785875673281975,-0.8945153816123312,1.5149095749132813,-1.117386535199554,0.31541277975024107
8800,5400,0.42167048499030413,-0.2931846175223787,0.15642601874236411,-0.07280455981673058,0.08792855719360261,-0.35011707406020215,-0.4281087496864127,0.5196861796595252,1.168101918480254,-1.4663071056768602,-0.26792594920949303,-0.9804208205817697,-0.36958870064774313
8800,5500,-0.09437338043262329,-0.911945291273175,0.42117288077876314,-0.722542807395752,0.2573001521036034,0.14841146737729702,-0.5721816545615295,0.2987627771383934,-0.018895255252424227,-1.7829862342373761,-0.3009003784744766,-0.9651007351196267,-0.13660939303797628
8800,5600,-0.5761262910536932,-0.38643442070162237,-1.1006123721726546,-1.3420059734309038,-0.7507345411526078,-0.2800606733253433,-0.6474933353468655,0.6249521566087819,-0.5601054985647818,-0.8591676605017403,-0.7812231329510142,-0.5442269896057192,-0.5480947958935999
8800,5700,0.3944048536140993,-0.38097748723723146,-0.6272095741149363,-1.3165885016016714,-0.4587598560104252,-0.8303412900760002,0.29109105025578175,-1.003892144169384,-0.5572012177989355,-1.0149608720928198,0.8930566795811896,-1.0299016205037688,0.3295094776413266
8800,5800,0.5438728942153163,-0.5968443331545865,0.1818412575963703,-0.8729467021526828,-0.2794429586968649,-0.21647653982148524,0.41966512116209703,-0.14913668690673967,0.0025924083722129307,-1.25277587072111,0.2579242512488478,-0.3721060802756737,-0.16398225310292455
8800,5900,0.743702639907864,-0.0638993013391297,0.7323044366011937,-1.7032278526738671,0.7752247746540191,-0.020850849390973356,0.47905620811184446,0.04068040511845964,-0.74388534876726,-1.2792771786123691,0.17288630191726254,-0.8143998081274266,1.0343771536409159
8800,6000,0.09990440383370505,-0.44844546524687956,1.6383641292232545,-0.6229710805027606,-0.17364344660894568,-1.8867789209744352,0.12828930272920733,0.2560218380936171,-1.0398721732628506,-1.449252922628314,0.02654484100241432,-0.667524779527566,1.4995207373559851
8800,6100,1.2785268480898375,0.5631412282328732,1.5330092651221028,-0.9526228467480867,0.3841514901078747,-1.235535060463235,0.9804147645321436,-0.885544913426132,-0.026721182758396717,-1.2355703510906717,1.087454196378402,-0.15403553709238083,1.4116266077043487
8800,6200,1.0532563142866926,1.2981337405794624,1.9728532757212085,-1.684354708297388,-0.2901433815497869,-1.1712056837680445,1.5721404341145457,-0.7051597325396044,1.8221525288912657,-0.7212218067139698,0.7836121915347373,-0.9745781183704293,0.9196621699786298
8800,6300,1.1516037511104045,0.6999862976972849,-0.3070316827367671,-0.6462632083087269,-0.27866231910048617,-0.6373280558893255,0.6370736717700114,-1.3108389241694347,0.9433478885800737,-0.8276575413014982,1.2583206437216927,-0.07769915666016919,0.3872552585575777
8800,6400,-0.24891696548917944,0.7504620813476497,0.37146587227142824,-1.2102872731992846,0.22688332469281322,-1.6598112066755102,-0.6488529489416479,-0.8472878558436296,0.9442947230161622,-0.8425404587143432,-0.05730386824657097,-0.41160439642557717,0.2426617475992733
8800,6500,0.4094943242150522,-0.03661454465672795,-0.1880582748923896,-0.44788765522043505,-0.3262733643896923,-0.8000351617031958,0.024014416813729168,-0.3324536126688842,1.8456177271273952,-1.3225964852688492,-0.34474492145432434,-0.646591995689972,-0.3242199721883556
8800,6600,-1.46392766178999,-0.8003902347517626,-0.7149222934272353,-0.2833426037709298,-0.7889145034539368,-0.43790967282375237,-0.3575830998780926,0.16371475487571674,0.4943444766325878,-1.3711079964519803,-0.8822473057063256,-0.9504704316443321,0.6007379977599435
8800,6700,-0.6566680240811554,-0.2797947260359499,-0.2923565979450573,-0.10641872097123685,-1.0210444960876677,-0.38917669094861135,-0.7708639321516028,0.5379880174788346,-0.3000810511300513,-0.10567460142264944,-0.39849087541997474,-1.0746373519501475,0.2948931106864732
8800,6800,-1.1417017095174016,-0.708718223017925,-0.04851561118174823,0.5901077577949352,-0.16203357560482742,-0.29260420211889965,-0.7448370657509462,0.36426659010944973,-1.2532193055543945,-0.6403863386213156,-0.47109344156625077,-0.4852949335808391,1.5415380445462568
8800,6900,0.2234578510717224,-0.14955009676824707,-0.2606648151619457,0.14239726596277688,-0.1702499325739746,-0.6934074405971268,-0.7687405194178434,0.914763647625453,-0.19724349214873987,-0.6655583535517844,-0.1230414917556545,-0.3625070933835133,0.13260885680077772
8800,7000,0.2421613338470838,-0.8603623826190767,0.17840519631313023,0.465111957317935,-0.24446498013327017,-0.11265593439334143,-0.7593482201363273,-0.033596645542258004,-0.8323741062773775,0.3452864658033235,-0.27930980041688735,-0.061953621091311015,-0.05996402603677601
8800,7100,-0.39896314872008865,-0.9428336388211828,-0.22566355807245653,1.1590582054474672,-0.9051001964383577,-0.41423630421245583,-0.21891849643946668,0.5874993528566163,-0.41068005714044303,0.8996689334401579,-0.4799729488228249,-1.018360599245235,1.3955965731984625
8800,7200,0.4805959407503547,-0.9549189522125352,-0.43144857546025456,1.4380930049944878,1.817757360095719,-1.0396980691164945,0.6139300513924424,1.187653445664602,-0.9619345765738083,-0.10454057418203712,0.785922343711154,-1.2204642035552222,1.6143417397067874
8800,7300,-0.5321378297211252,-0.3216175542032039,0.777799460093686,1.3380623885786955,0.1298427172506249,-0.7770948505934107,0.551387626541189,0.8150578284193952,0.2933049113509636,-0.3937947287992969,-0.6755654738048689,-0.5794098490888179,1.0901263140897148
8800,7400,-0.7940177971885449,-0.3321556753623799,0.049731165435488486,1.190897479033478,-0.6048209990974639,-0.21330314546355605,-1.0421799707579198,0.6387626417210109,0.01233650190244757,-0.5649553141958438,-1.2479871586297688,0.32527611186176336,-0.12966423172491875
8800,7500,-0.24442275930083807,-1.5650301826721078,-0.37564853942282056,1.0540434983953146,-0.6649128962061797,0.3961146539066113,-0.5209897778196751,-0.1057629767836449,0.7302715478502095,0.18563230785436785,-0.2603696929409612,-0.5801429729711376,-0.10098225093889505
8800,7600,-1.7109683697659746,-0.47807222495454804,-0.14549264833204698,0.5980685885073337,-0.9621415720182676,0.3447769093701466,-1.0351905472409608,-0.810177797798525,0.44226740122628105,0.5009238051506629,-1.355310541827104,1.1944801016558342,0.06093275452278
8800,7700,-0.07371786029098967,-0.5182002353172462,-0.72464792045733,0.641491129651447,-0.06606466940744207,1.474562415926744,-0.5546318286026498,-1.0196060307779136,0.08583958168562283,0.8206387563342831,-1.2257108406202357,-0.29814859499108043,-0.6049369903879316
8800,7800,0.5470330409608454,-0.09973367899790019,-0.2757082255879657,0.2048174758872343,1.1560245110084042,0.6990721786813394,0.18583313425109368,-0.051220438090438136,0.3355505989329136,0.3036546965385027,0.16424301237977101,0.5837279668558879,0.4406837601446802
8800,7900,0.38480752754707803,0.7247564045663217,-0.6748502304523469,-0.5858808873923783,0.7162985410133103,0.15383854603668728,0.33916910632797076,-0.7200387920799,-0.18752729764510456,-1.0420759027451918,0.39533416208576644,1.2595529504108163,0.47868592095445706
8800,8000,0.17323144493104142,-0.13258353016410035,-1.0632830493317325,-0.8447771211316564,0.8257275746302863,-0.5817274772532458,-0.15726763339125907,0.4342508471272344,-0.16220578291878274,-1.117788306529912,0.6090498779708781,0.598750903028199,0.06839373245699037
8800,8100,0.22288884687635394,-1.27128285470386,-0.42759550480389324,-0.2856869162655249,0.7316525439631908,0.10852222757422784,1.2516674794362388,-0.4395370625582666,-0.7189216567488234,-0.8048970017041603,0.8175797179161162,0.9348734883331777,-0.42470213568379267
8800,8200,-0.09238785614053627,-0.22785848052233645,-0.46230116289995093,-0.5854169386237159,-0.001415931003903759,-0.5657952411249444,-0.413173227396895,0.30644184751455,-0.8169081728575689,0.24153371838838555,-1.0796508115232493,0.26316212867265076,-0.054593055042067726
8800,8300,-1.013870771220649,-0.12701353060924325,-0.609191489712681,0.5264807043006083,0.27824362327105484,0.8552145060120113,-0.3946028922956799,-0.6243219752726394,-0.20158203718327494,0.12347972597911748,-0.5497112103868126,1.1643876248433078,0.18325344629439844
8800,8400,-0.540720951560965,-0.6927231773859862,0.8086138576052759,0.6742553287231675,1.6553692865643084,0.708469046050548,-0.9378307097009734,0.039586745814357165,-0.03984875459704109,-1.802260250652061,-0.6525635468212647,1.402482936215681,0.1049071744599935
8800,8500,0.453698486829388,-0.37621465366719775,0.4225959027902539,1.3644654007510757,1.0213869398978843,0.9133000150576367,-0.12385790466410036,-0.550842535497119,0.24017214473028087,-1.307282039364393,-0.08872168423785012,1.0620324940695414,0.6447674536123644
8800,8600,0.1898542948011434,-0.1425209754388447,-0.7490104540774953,1.0329203156208597,0.3801882541940991,0.48729317432386254,-0.6387658971363502,0.013182194912138293,-0.7134210822328829,-0.5867818425489528,-0.057569220920421556,1.2472933897510556,-0.18538376331327067
8800,8700,0.2609206102529202,-0.027407191875032846,-0.06514679479810259,1.524888385257108,0.2351011126342508,0.06799570580511179,0.12908508935696586,-0.06524681485946444,-0.6476664052219233,-0.38027431756631264,-0.012404608278205479,0.7787197523177481,-0.5611335652835729
8800,8800,1.3161572379512438,0.4579177718600283,-0.44104265884068583,1.3787792857037697,0.9756110261890417,-0.7960763988579054,1.3189696286467953,0.2648183138213482,-0.1349791182734036,-0.6308665958530636,0.8347853252931826,0.8548511764335133,0.03359428761062901
8800,8900,0.23407842199986037,-0.243220814825171,0.6091073173105691,1.3829946441620327,0.7176999398564936,-0.274988961208305,0.33824303015439955,-1.4110370998370128,-1.0197846427386654,-0.3362887245753428,-0.29746021753058266,0.8609862123835269,0.4787754200282763
8800,9000,0.2501317423794558,0.8877818851806618,0.5792501608457165,0.009374022173416104,1.6479633424749216,-0.37251867109487186,-0.07015684210279764,-0.23010960373167694,-0.18127529390627828,-0.5583388549302963,0.37135800256714147,-0.14371972921384127,0.8784324384860681
8800,9100,0.4136476055031519,0.5815281928212508,0.4428783010235899,1.1773317482101504,1.0352456364774518,0.3580411061706675,0.41281933492129474,1.8703024533720427,0.13539095951077187,-1.191918931106404,0.30626042823173816,-0.19836126755937736,0.36087199393038777
8800,9200,-0.4787988609540049,-0.8042429364858281,0.1245931911781743,0.9275039698791867,1.0703030536229983,1.2398579604452054,0.28338081705820384,0.662123490105013,-0.5730377950453609,-1.3308091002291345,-0.47111886346667126,-0.22603914428757108,-0.0908695432178302
8800,9300,0.12445809636948789,0.5466585260482822,-0.6275372602227093,-0.07402678108784654,0.8613410157518909,1.7373978949252602,-1.0998283753435039,0.8016420825459791,0.20489559003433958,-0.8995939216158018,-0.5411368389292999,-0.5315695959732241,-0.4721233091067669
8800,9400,-1.1164839117495697,-0.29274785459852426,-0.799995048780691,0.8633465349536392,0.6526125971795007,1.226224263981236,-0.759855437908508,0.7126339199160304,-0.2852544851179934,-0.6234147218362202,-0.2729895129991861,-0.48176801726860086,-0.05297184933969939
8800,9500,-0.5384965163883314,-0.07977948226631623,-0.4487607236392624,0.9652834493977577,0.9133067784645316,1.1379666808811728,-0.5338233086542505,1.0864375732529101,1.3827804742121417,-1.096120090110326,-0.14137737600880373,-0.61863495419387,-0.9228374646536814
8800,9600,-0.7776765961617639,-0.1310694667991011,-0.7336747168624242,-0.5913529393470149,0.22042428765665123,1.4218680040973233,-0.19553324798826924,0.6901643948476849,0.7968599254709705,-0.3772753526838379,-0.7271415331427061,0.9536930959138891,0.16353697015664123
8800,9700,-0.5235862473863189,-1.05008018711874,-1.2622661246370468,-0.537468251327125,-0.654248865138053,1.2822819952329623,-0.7811468865329784,1.4218282753967093,-0.26348527580935593,-0.9040133036469851,-0.9959251593288493,1.6738265411092172,-1.5393777167158904
8800,9800,-1.4663033408728372,-1.5840815652013018,-1.0891132988018573,0.3373257884061686,-0.9722950926162623,0.891972218307919,-1.0334561050902622,1.419602743841139,-0.8053641230120384,-0.6732467958616069,-0.9312886264241632,1.6939551295331068,-1.0521845355630808
8800,9900,-1.596611998034962,-0.7197025275726809,-0.9721585312686689,1.3086553308524254,-1.383039302934979,1.748215851519247,-1.6261086147138006,1.755396246370701,-0.8716008506852668,-0.4867915160302052,-0.896952379428865,1.0287447315159208,-0.9464153942257749
8900,0,-0.21084132320710747,-0.08161401151239986,-1.0388881533838343,-0.3758958274251346,-0.35943455062984964,-0.5922210294705338,0.5356624671101463,-0.06069434886599047,-0.6187773780544129,1.5359740652785243,-0.14841772729213984,-0.5521359419424715,-0.40277735548725946
8900,100,0.5499904509352829,0.9514150099421316,0.0017757037797055454,0.17885539828982605,0.5599771369157298,-0.7189429217735213,0.5365733041558208,1.149815446621227,-0.882234231284296,0.3075322310430245,0.7326301998529684,-0.24279162996944448,0.4616810927953482
8900,200,0.42538250910264036,0.9844043496843453,-0.29427508966908483,0.0755744438549383,1.1100439593339257,-1.066250065884844,0.6958983184732005,0.48780405718851444,-0.6790954671617464,-0.9560092554820143,0.7724528163002354,-0.20230484354115616,0.8606434325945241
8900,300,1.5852566877638694,1.3748258327567735,0.04021205780176356,-0.7225866880756093,0.9721421419107218,-0.7314158512494602,1.2786548102763042,-0.10622956707088492,0.28325537501546183,-0.4462071163875414,2.109727163419336,-0.6010459717612797,1.9392665378580565
8900,400,1.1116835612644456,1.3965300480999256,-0.5338460257021729,-1.2020521562914133,1.3026102317243726,-0.658058165371989,1.0025889511812112,-0.2515261510220194,1.087286680362606,-0.7374785372881301,0.8026190685163198,-0.5720717420302321,0.9581624085148849
8900,500,0.7964386711464168,1.003673973308873,0.3812203725822805,-0.47353921794619275,0.5399249657571836,-1.2330911382169802,0.8856686855134088,-0.1651103815049895,0.5290536327066564,-0.4212916446368585,1.2546246470065796,-0.5992942765564122,1.204086792735531
8900,600,-0.3054389354365913,0.35764946946556836,0.1559195761178346,0.27156700528831457,0.6351889300544827,-0.2895542554804288,0.7263984863196532,-0.70309469278474,0.916776572992984,-0.7527099739989315,-0.24079342513513322,-0.28922242304393314,-0.0846084772728463
8900,700,1.0642143101531831,0.08676731632388399,-0.7123620215715817,-0.7124309052620122,-0.46216792987619937,-0.9905382925809583,0.137753154447727,-0.6565570306040255,0.9080986375018457,-0.9655151419665806,0.6932711917931496,0.11370750394939816,-0.390113629825108
8900,800,-0.13700084815875585,0.1504003192801201,-0.37084368447179294,-0.19672998402057493,-0.15340427812458488,-0.007518267562380364,-0.7734909269173643,-0.4017521710036651,-0.5949271375220102,-0.27288978127986024,-0.4080685387474103,-0.4272301299175474,0.1563499570444779
8900,900,-1.0005404387400403,-0.4487718234904984,-1.4287460554893567,0.7739808742199858,-0.71812588715958,1.7189885350732577,-0.9465884125858863,0.8786098787133456,-1.2793042525844573,-0.9757908066336445,-1.2177033234888301,0.0183243160214416,-0.28391796804602987
8900,1000,-1.0781974230026878,-1.0473342976693318,-1.3399873213578652,1.3317570538969696,-0.5459212827834754,1.3821981598956936,-1.6383737898963708,1.114663929055144,-0.9147579267396655,0.44637989807317324,-1.3711079559430854,-0.017531746727714355,-1.2659171045153232
8900,1100,-0.6501970702591493,-0.694440633929768,-1.1082193490644854,-0.08820531818925716,-0.5253625932471202,1.1723331005161295,-0.8212965582869263,0.26610797143547005,-0.4938548540090241,-0.18393138071995552,-1.1661768677826194,0.6433517709764287,-1.0491482162117927
8900,1200,-0.5934337759566941,-0.21112588358849407,-0.0690463741006078,-0.038122288632363055,0.24343815204652883,2.1123342781520327,-1.482498588635433,-0.5163065585105887,-0.3731975614636329,0.15409123876171663,-0.5929548589641049,0.021114619695169888,-0.3080814763570045
8900,1300,-0.1762890719946913,-1.338935535410179,-0.19944494632609444,0.760212358543063,-0.675926275448528,0.6037381028897959,0.26180754551502555,0.02021466051882751,-0.5411947052260268,-0.6755620294948828,-0.5959680881486374,-0.3077914830847283,-0.05485079734603555
8900,1400,-0.9322440726134815,-1.2996895958396313,-0.40673872989115956,1.187109144777729,-1.2804333675255313,0.04387242346799699,-0.35657186950195463,0.5028280237570926,-0.12731264273439508,0.12649889994869534,-0.9774257316044591,0.9959633495040051,-1.0172787426998442
8900,1500,-0.4478597698272312,-0.9353802592083049,0.5675246209678922,0.7395853498960829,-0.04289700979845292,1.1341947076842578,-0.6192099099547935,0.9847373643986529,-0.19262430411859335,0.32455276051710796,-0.184249861125475,1.397798039618579,-1.2454401666612733
8900,1600,-0.7991881573380003,-1.1989251504276373,-0.4526599894692621,1.2144450382533472,-0.9381744827843911,0.740827304400895,-1.068672280054131,0.8995039922577767,-0.06441117643226775,-0.4967458106002232,-0.45081440282072693,1.3870525581913669,-0.8786016621575526
8900,1700,-1.0089965473467295,-1.6261123281316683,-1.0040027213853062,1.230773785924691,-1.1662158159327365,0.8386261754306191,-0.5737889950230602,0.7421866458759694,-1.0878201835126784,-0.588475005134153,-1.7022719115718792,1.2159998585677716,-0.9552954609889031
8900,1800,-0.4916089133428892,-0.7575000754959685,-1.2732846070819106,1.6388411742145361,-1.2959211930358352,1.2668696041162444,-0.9261828654748223,0.08353810412886438,0.16454451893449829,-0.7533507345577172,-0.8547853323112632,1.7543892460389714,-0.9845437402196717
8900,1900,-0.5676093396472458,-0.8088494117805345,0.7120063609012661,2.223625138648996,-1.5144555405023834,1.6208093443986185,-1.823048214044644,0.32382697345140843,-0.5488285682509292,-0.6707980601275341,-1.3681368427837437,1.4055118112397,-1.1005612588909954
8900,2000,-0.4743340260877169,-0.8014153967248876,0.6244415556157477,1.5082664781265782,-0.9503432953679394,1.2096729670220938,-1.113660961671982,-0.2109877033602207,0.7241765860742737,-0.9989301105247329,-0.6765785674540721,1.837584864794495,-0.7562693779513925
8900,2100,-0.35060439078058026,-0.4471813465768001,-0.7841414840405239,1.4488034992950416,-0.11673210850393084,1.5007461720210071,-0.9730982499932395,0.5577617697955263,0.32202279027691055,-1.0516540941147403,-0.5770235393729859,0.9725844591308113,-0.16591518288156162
8900,2200,0.9729063120915667,-0.8027894383200282,-0.2519340765300163,0.7323901404610075,0.7863354336769304,1.0905295792117329,1.1607421679630432,0.6656756383109946,1.2657668351500466,-0.6310742971625616,0.6978900323018077,0.9023034838156098,0.4216670130760211
8900,2300,1.1998949905987784,0.011015522457342948,1.2447640680775771,0.4413278239862754,0.446356606171599,-0.05574913819657373,0.8110625705290602,-0.6864450517300463,1.7688008980079235,0.2931127090797895,0.36979757195520485,0.764388520884279,0.8430318366474395
8900,2400,0.5460292151462849,0.0695244525070132,-0.34572824008675707,0.0462159746420925,0.3106697451501712,-0.4992439989159105,1.595810755585916,-0.2994407182643116,1.226645657547099,-0.1971377220505738,0.8499080261052201,-0.30806530608115323,0.4905320925298627
8900,2500,0.9906145296145448,-0.6798511015904278,-0.6226733526510706,-0.20738620794551094,-0.15941578176385246,0.3662935036505596,0.48745701699465055,-0.9358061123557082,0.09291430568625396,-0.9595753882400434,1.270477173947272,1.2069890815806639,-0.5091378177494458
8900,2600,-0.1866100215165026,-0.5778944387399636,-0.3390081991563831,0.18219436115415769,1.4130435692632277,0.030230432051862682,-0.3807698779699967,0.0639536042017803,-0.29968590770088455,-0.9802979222329038,-0.4701546166380032,-0.8810039315998079,-1.0256292200448967
8900,2700,-0.8499103905009187,-0.916392544356617,-0.8670223224571569,0.3141565639401911,0.9162300009640666,1.3811166061814983,-1.2811722476719452,-0.6558323571717337,-0.1323347358017293,-0.7477105282612229,-1.0476263841269786,0.48465170684920506,-0.6000232119178627
8900,2800,-1.19945120323306,-0.7370853290186135,-1.4508213131670278,-0.8703302386402417,-0.41185535749794294,1.787859392458092,-1.2957485439098566,1.4051661947696006,-1.123349848483132,-0.6302256965140378,-0.9734484441132145,0.002337028588169287,-1.889762031164956
8900,2900,-0.3928621172986842,-1.2408201629460847,-1.1119614173223487,0.028790240598685176,-0.4693869890823471,1.4271067283928727,-0.5952674470058439,1.219960628417753,-1.005067772784344,-0.6245066540083681,-0.8048852567022187,0.7776037260778283,-1.0772530039025392
8900,3000,-0.39879098099480076,-1.2057317674954522,-1.587882703117931,0.0777053548161863,-1.2227123885723379,1.093327078225764,-0.4176506994728883,1.0324403879663482,-1.1789000587751548,-1.7827856329566736,-0.4170636921978326,0.5539499833982208,-1.5163175435439247
8900,3100,-0.5679366746542853,-0.5364548014690139,-1.4821427242761223,0.0353412572169699,-0.8577032260100176,0.6875715120222492,-0.09145678231573744,1.3108162922827158,-1.3320607640793423,-1.163246794869148,-0.9359049992896737,0.7422332170612856,-1.6229707276766094
8900,3200,-0.7262314668331239,-0.2562188513690805,-0.37939231758338976,-0.2750219413598709,-1.2110434295471306,0.922044000595001,-0.5857011469554637,1.133171305810266,-1.565166803212093,-1.171916218078574,-0.6969593927796132,0.4815651347471554,-1.6674851184327324
8900,3300,-0.5730266178107735,-0.632488007419633,-1.014434686503154,-0.032700182267512826,-1.1840520722113914,1.9654422760414,-0.6960885246924818,0.9311917970997919,-1.0163415888882819,-0.503112521437352,-0.4244606738585456,0.004707337858219713,-0.9128941879484916
8900,3400,-0.99256565107172,-0.2106057763321947,-1.242038896125288,-0.32653268793750795,0.30573504227505993,1.5988821745778385,-1.313898612975889,1.011734578022251,-1.6720950973760385,-1.4448105995207081,-0.7660456349157923,0.9379055259001389,-0.4532955555664648
8900,3500,-1.1673381359510884,-1.031921313984735,-1.026386811529728,-0.9148400210779267,0.17111791329141707,1.6678689636698008,-1.1896970983622792,1.5192516205599502,-1.0335883100495251,-1.5233975670269086,-1.0948468132127025,0.02733506339577689,-1.7254730716099167
8900,3600,-0.5781365097217815,-0.2227398312666712,-0.4761276504546466,-1.1130450654375945,0.5884276950942159,1.3687329298537034,-0.4826484338176639,1.721716301168466,-0.972164509453081,-1.7398216324289117,-0.6224233032693963,-0.5573627614189652,-1.0751708769303319
8900,3700,-0.6897222591113782,-1.0039910116178843,-0.9933376398155729,-0.04124077850101849,1.1441425897018467,0.9403494538599287,-0.5060394508230882,1.5565449209309254,-1.526826475126063,-1.4857779561015303,-0.8874306225718456,0.10986580678771338,-1.1482522162730773
8900,3800,-0.02585825479015508,-1.2867271879665483,-0.3668683731338736,-0.7019427266194856,0.8765348274797704,1.1273063114865909,-0.43530847790101396,1.268163070348333,-0.39472375854743547,-1.1754198812648011,0.28128581918508666,0.2186243933316077,-0.6691957253103116
8900,3900,0.8988172770069198,-0.8907857987295609,0.4544118527257217,-0.9069758638624505,0.5995689565494415,1.7437006991104744,0.7618272813350287,0.6484799005124168,0.23030888627126764,-1.537407662248905,0.7974929975266216,0.8980105334042614,-0.15270215494348574
8900,4000,-0.4020897198854618,-0.038773110743038255,0.36304955783971904,-1.606547680287182,0.48668891361440186,1.1221384023924275,-0.22729663706113118,1.2619390611398613,-0.050024265858066956,-1.3618571853546928,-0.5152858946550397,0.6010730934709992,-0.3532546020426309
8900,4100,-0.7492691536658429,-0.8646295624487893,0.01912920504820116,-0.6493255399910746,-0.26368580784461026,0.8017105142332482,-0.8714572535128801,1.0967839756375113,-0.6186517846225719,-1.1846079006024095,-0.29026635514232096,-0.44688049059137075,-0.5932828598515676
8900,4200,-0.7126150438867356,0.01749629443375057,-0.17429438657046598,-1.0938153999353055,-0.41816398998600074,0.3320212087608834,-0.6306707682202929,0.823660961588672,0.13041831711235607,-0.8553821261978114,-1.000959793545272,-0.26088988633966353,-0.20416143727248476
8900,4300,0.9563058432763649,0.6911288161077908,0.49558981735814855,-1.1487375031669922,0.053012281494339626,0.032209340479887986,0.30863703191510133,0.29089224576975153,-0.08275966943833743,-0.6872091984932515,-0.049944905584995355,0.32474946271577926,0.8713569556931865
8900,4400,0.42157670758495014,0.8137992208054449,0.11785275236371216,-0.910610401903954,0.28056183401900375,-1.249155423824138,1.34311079582606,0.4342251410383166,1.2459839136854507,-0.3078651031493848,0.5892644879849784,0.1100720235653295,0.9290675905670447
8900,4500,0.6640008681324319,1.6192091620832576,0.7186826449929345,-0.9522534666422505,1.5086907809067824,-1.3495646214793848,1.029642548687546,-0.1337672616732925,0.5917613838971306,-0.15407143287570285,0.7826707199891247,-0.6449195019676429,0.8156470171097875
8900,4600,0.6388975559543217,1.1045982590526244,0.5012684297554012,-0.5906619286770761,1.5460323835300922,-1.7101725452214445,1.0667516094437728,-0.1750595548644505,0.5831067901916345,-0.1085628663971501,0.9760030157152975,-0.24992069893474367,1.6517483613400208
8900,4700,0.9017589525342924,1.9112131945416104,1.5370961081657357,-0.405662881135271,1.3937125599600189,-1.4114565913016437,1.538163668944741,-0.592472974086537,1.1370394401138764,1.243562252474739,0.6510901156443446,-1.2015146156184369,1.52670541131244
8900,4800,1.5600141865775599,1.1658783260854162,1.8785729138109257,-0.1940534638682079,1.640636974909322,-1.1111113267907524,1.2268351302118026,-0.6198532641073656,1.5903142759310278,0.29196103516272925,1.4206865720420347,-0.893505526663758,1.493560486556689
8900,4900,2.1998815037071395,1.658904660389386,2.2002602311117156,-1.3307332354816954,2.7776886434057646,-1.4644309716831478,1.9221232232820955,-1.429582425155076,1.065839327832837,0.0025491311354674793,1.6492495260716036,-1.4558320213338967,1.246752267777868
8900,5000,1.2676363176674177,2.350813825535618,1.2721942285653276,-1.1802277966222787,2.0201045523676338,-1.4005224605754125,1.565669694909704,-0.3704276576308609,0.5577332324652899,0.41577849361596386,1.8030809794636722,-1.06788428921619,1.621954336056986
8900,5100,1.8297106356481174,1.63044611459191,1.0121535024605222,-1.0439982601973676,2.0840586294007313,-1.2188602825885055,1.4609326392764415,-1.6846533600819615,1.1264446243288626,0.12447404022422488,1.4219853788265882,-1.4845247821779672,2.071982457281435
8900,5200,1.0374517071920903,1.83826607975964,0.8697979921534742,-1.0415784701265267,1.523025608398975,-0.29945356123866756,1.4471925056181973,-0.4012146356729199,0.29823534745918706,-0.5014317465716074,2.129381068865961,-0.8868685364197654,1.3587554869347283
8900,5300,1.2377287000599022,1.4228150503277763,-0.19808601225357014,-1.3469339264931979,1.8988437130864284,-0.4799663415723212,1.0590244501254784,-0.17537672016630906,-0.2999645254698314,-0.14172667364065752,0.928444211256107,-1.1172600381663906,1.167034869106539
8900,5400,0.6924766220682885,0.6316058338330968,-0.17653962140022875,0.3882267018639848,0.44699076754452494,-0.6375731877991617,0.5818765138774495,0.8128553307336794,1.0679602549408564,-0.703758655604532,0.02869531722289681,-0.8208129706966479,-0.7377936437304576
8900,5500,-1.2268587349217104,-0.6415545948535623,0.5903916707176281,-0.5869010259244981,-0.23983186637970558,0.08365139358789021,-0.29113027010975606,-0.08159880303677795,-0.049805797252916006,-1.239081846895133,-0.353155397877398,-0.46300922082571616,0.0034480959021446675
8900,5600,-1.1839722795517873,-0.3179697704405951,-0.3790050714151176,-1.1063267981570646,-0.3265935000946807,0.05971718329213972,-0.7522810096349704,0.5383880968758024,-0.48987167840373064,-1.4179673188437651,-1.034319744781748,-0.5740407068623151,-0.0727458762385183
8900,5700,0.2904231438027446,-0.9328978341044522,-0.2555087176172723,-0.8843062010754332,-0.5170189976023112,0.4602371077094885,0.2020224962753958,-1.3056992739402313,-0.39469423467253245,-0.9609310179340628,0.9739367982452416,-2.063587912055315,0.3855500736283513
8900,5800,0.628080101857768,-0.63575833985314,0.06667658693062156,-1.455751249738006,0.10732634343477411,-0.25717268243768693,0.13331520455624873,0.19819682690887544,-0.2894682103043135,-1.1534753399968307,0.1887221549971658,-0.6103992014062757,-0.2362861554112375
8900,5900,0.10526393125793837,-0.5008170111723624,-0.050000771108324675,-0.89180029882851,-0.18398003569383262,0.4571881722954314,0.31291603233643084,0.4968600501717601,-0.6590511545333724,-1.3925718120240196,0.36210291174472936,-0.9623843892971395,1.7746859278608285
8900,6000,-0.059842736234637775,-0.09086098636505964,0.8428005592979971,-1.094217021765166,-0.7371047441375068,-0.7415087522909771,0.23860750216490156,0.8639978894592946,-0.8011822563933554,-1.8885035872207567,-0.031967792532440496,-0.3776188682049995,0.9256470764746434
8900,6100,0.7675131519591981,-0.28356974018990544,1.2182460307723575,-1.2357900999615294,-0.6178698686623378,-1.154734122383437,0.2905331718515813,-0.7453350736370425,-1.0651430668347295,-1.2044358479906516,0.27998416660844655,-0.6703700876662797,1.3270781370585991
8900,6200,0.850988780929621,1.0196792631193305,1.235211653305723,-1.5069141263880834,-0.6641532048149168,-1.0500094875502088,0.6830402070627553,-0.26791219735223215,1.0501805677483331,-0.5114335400638211,1.0488696049159845,-0.8778954271350483,1.29905473599626
8900,6300,1.0715944420799315,0.6356430068589827,1.3059919320516298,-1.3416521736245792,0.0972762471085311,-0.7584993925233803,1.1005993566880459,-1.4797344752810722,0.7398481065475969,-1.1440443673169538,1.6443024261763681,-0.6444696041396598,0.6767286421612638
8900,6400,0.5305632792451104,1.3573587299909242,-0.31863030444421375,-0.9512875787818994,0.5898564111210526,-1.3302553733475835,0.5990758408580611,-0.9610111408920078,1.1241743794071515,-1.4193397920622948,1.7486614546582182,-0.9793245588797271,-0.15061270213638542
8900,6500,-0.7763754535735466,-0.41885258647914736,-0.76273597137482,0.26102422988280777,-0.13727014681700628,-0.9069227884148899,-0.10602056290735995,0.6552703689266693,1.4566747210580657,-1.5289361932362349,-0.6076846101651889,-0.7896650423315292,-0.18557984896091204
8900,6600,-0.7334962554575811,-0.1158624452067998,-0.6613707028027607,0.7773475875279139,-0.20043656897739004,-0.5168365181970347,-0.42922578806222494,0.6566027614491531,0.9969086542713965,-1.256849331011593,-0.3782253125690062,-0.3434901558896241,-0.04220431262887983
8900,6700,-1.224524514630984,-0.45374185572250697,-0.26293928769916053,0.3927312823511059,-0.11717423302180581,-0.6743720152494006,-0.4150561478132715,0.3260265181149626,0.35086279932447834,-0.44817645894023134,-0.924461243322308,-0.4831837722746018,0.407885273609959
8900,6800,-1.392461627722554,-0.7774523784760264,-0.24171082158577376,0.7859384418461858,-1.0593207551706008,0.010345048760358402,-0.6398045041360189,0.603358748217902,-1.4866641449431708,-0.6817991297163447,-0.8591157528023686,-0.48355876050486907,1.465050500254102
8900,6900,-0.12666963450218813,-0.7264306608908623,-0.9389303311301299,0.4733325652061788,-0.21514693786700476,0.4566615446232895,-0.7768504191444722,1.2548606301563927,-1.1638630032691168,-0.7137297463516956,-0.22088199410561657,-0.1129769600438066,-0.1530983648379951
8900,7000,-1.8396450723622908,-0.818256212475398,-0.30462953286014577,0.5701500477737659,-0.4813008682486863,0.041769903982157394,-1.509001945125322,0.7174559293869843,-0.4441029917298745,0.18928799112460354,-1.1798374440525594,-0.25165208021191515,-0.3208475945444019
8900,7100,-0.5691796970295855,-1.0109547365972482,-0.39038440505392386,1.0265244589074354,-0.40954320762313073,-0.4445884458462203,-0.5315712459087213,0.7198256650747084,-0.6003092445556264,1.0445403438763259,-0.19676103074038276,-0.6571849101577414,-0.016336386391088118
8900,7200,-0.8660208469239463,-0.2939324603709194,1.0653985756323334,1.651433471983153,-0.011727833097860177,-1.046465805238501,-0.9522981095541332,0.9244724441889153,-0.6555512566868889,-0.1172094367695908,-0.48645715338177054,-0.8024613023027524,0.6109889170075322
8900,7300,-1.122704991100229,-1.1433933078843312,0.41330933458396746,1.5046396500111572,-1.1975515276948758,-0.8143720320695643,-0.6503720925511504,1.4041321098317443,-0.38883511778196267,-0.5696484230754612,-0.9016833508542115,-0.4342351127696608,0.7328925968086499
8900,7400,-0.8840074967609755,-1.9159423188002305,0.30036784881261785,1.8803231483550789,-0.3759185915641477,-0.04363515731195083,-0.8918269016759105,0.6013671333617527,-1.0868376074667536,-1.3079287485601243,-1.0770045672373159,-0.11632617319820684,-0.30183275956968225
8900,7500,-0.6364115312137506,-1.6088053043203216,-0.3300368744119681,1.0502525545577375,-0.13185636360435832,0.45430546066883515,-0.860193518963457,-0.22634925256780225,0.17647749043922442,-0.10385888742933189,-0.5348722751912454,0.15718162512578787,-0.8777478961290234
8900,7600,-1.0268981776782895,-0.980063833240843,-0.5498837186530917,0.7688419414205957,-0.08356853687780896,0.8866577456596445,-1.2499773372109884,0.2954370597878353,-0.345043374086415,0.9679218648690651,-1.3688178074519393,0.8264083333657549,-0.7582918243210355
8900,7700,-0.6449887603993398,-0.3895611954607522,-0.6418003005360093,0.9912558872717797,-0.046968964633514625,1.4260626964489918,-0.559401581916578,-0.2990699066609929,-0.21863064597307744,0.893262277157458,-0.7952306314016321,-0.04718687293318578,-0.44494763287050304
8900,7800,0.8158218693482152,-0.18007080835034336,-0.8260760004832418,-0.04455850229146116,0.4729195648627501,1.4321764928613745,-0.5976335753539639,-0.9749209420920255,0.671906754446506,0.09431549440169708,0.6668031676353021,1.7769917059290699,0.11139013767646842
8900,7900,0.7272518284945341,0.874861442587235,-0.485491647735007,-1.0725215044687697,0.4210785736745547,0.4469651544952255,0.37390727336440827,-0.6717028556830628,0.15542071760090884,-0.7338884670051286,0.5753840370126523,1.2584001254287631,0.8884888066034212
8900,8000,-0.7810762946591298,-0.6358621538890509,-0.5730224362434326,-0.6664833212701203,0.6537555273797161,-0.651958709401221,-0.42911608820829583,0.14058552331782076,-0.11860049271593189,-1.0673448137058887,-0.5208032369522505,0.7632937280790363,-0.9302444365410398
8900,8100,-0.7487408285901519,-0.5157360148263754,-0.42376603695387427,-0.37768709577397674,0.44199925158234404,-0.7417940127384395,-0.3187621391697056,0.33425940213920946,-0.6318744271960584,-0.2918074453089265,-0.9794571447267587,0.47075807615024806,-0.46329584082614494
8900,8200,-0.5782267800226647,0.2014513262811663,-0.943974782543073,-0.37019443384682343,0.5681512108068874,-0.8355029212253239,-1.1454715195296206,0.7520623656372967,-1.4770417585374191,0.0190858214696789,-0.46989906567951734,0.86806426498295,-0.5676865311553976
8900,8300,-0.4497740185049868,-1.2781389873746083,-0.200825806627711,-0.03813290832412466,1.2647593445127692,-0.38559019022412583,-0.9654070508769625,0.4106967645892702,-0.4366843019944993,-0.10368899900597231,-1.7414294536362847,1.6411014198181175,-0.0739607459397918
8900,8400,-0.9381682357634323,-0.8284634470116125,0.19711119227988852,1.3787433538722609,0.7296224789408097,0.7052497019887429,-0.05516054460200426,0.15953320354974737,0.008578845707172737,-1.138800664139724,-0.6377672326989009,1.1199218314107628,0.4987734879824891
8900,8500,0.9414490272226279,-0.044318974732231696,-0.5862606011058591,1.048796626642263,1.2386972257168531,0.8683752716135184,-0.35659539740432716,-0.33906290472457246,0.7844057447007521,-0.5902857193844644,-0.33485744749808255,1.517951371820067,0.2771609625287746
8900,8600,-0.9146767545772314,0.43206892262879093,0.29094913249542725,0.32604095234905994,0.15871489205075492,0.6244489455473067,0.07033886609942086,-0.3743839574874342,-0.7705894943962879,-0.39602401774719415,-0.5310861418583183,1.0478316549676465,-0.2606527537037344
8900,8700,0.8333416673954638,0.9708479654424296,-0.6245800226052323,1.7048096813252425,0.15165316282178737,-0.5854640417878568,0.7906021770396966,-0.2058693865491477,-1.6282916583499862,0.11987694541898664,0.4250941256013825,1.014527562722191,-0.08254907279298601
8900,8800,1.3714495150557016,0.2955652128409665,0.24196994528631705,0.5925114562319884,0.08990028534583666,-0.7594844383886115,1.810856021472028,-0.3863370446226613,-0.7826376053441467,0.9953863271450356,0.8772431498405002,-0.5384769296009485,0.23978369451425666
8900,8900,0.7114066869021908,-0.26987346336442825,0.6878100810302491,0.9871322361095837,0.5523324938635173,-0.7023551438609834,0.6231779425140009,-0.4880993610576104,-0.6170822168941866,-0.4849850534055564,-0.6276952151522969,-0.16541253434248718,0.08116998951318928
8900,9000,0.6948695507716073,1.3880971144928784,1.4981368972612,0.5848195533075036,1.2678921092249942,-0.39390307783025263,0.31557164938286014,-0.017928562866980774,-0.2236353022672757,-0.02273584840061755,0.14277184499457687,-0.6621855060605022,1.4326665091283317
8900,9100,0.9218278281723298,0.4294338915574397,1.1243973661822082,0.4368789566147792,1.0068586949604212,-0.25039928548065316,0.6761381841962305,0.34102334966909253,-0.18233448706976732,-1.049698956237294,1.429046411481977,-0.45838167588088335,0.4650681198674363
8900,9200,-0.5779404707309793,-0.03806422722166735,0.3592615333595846,0.6694472522232247,0.008117000565678632,1.4954917566597217,-0.39079620436897083,0.4061774277642002,0.3194175312516052,-0.7376029006085241,-0.026147918710449015,0.030854745275663998,-0.03685844678828532
8900,9300,-0.6659253071065762,0.4919840161920699,-1.284955517745656,0.2668460310433481,0.18330247000256372,1.3312692712849663,-0.4955589284288675,1.262051087566136,-0.3672353817632135,-1.7434514219108654,-0.7560728765447257,-0.26146173310003384,0.38377231117421373
8900,9400,-0.9076909092022782,-1.1078719853880419,-0.6162229266443604,-0.1452026247378285,-0.4415103327086416,1.7877285769392102,-0.4484644949176022,0.5859917553910813,-0.4047498511515572,-0.8131094046812566,-0.675086029286884,-0.26025140820945797,-0.6553881340478047
8900,9500,0.12519382759343695,-0.37943416730664803,-0.6093368079871384,0.8180004772878299,-0.10244187045826558,1.0746577475819086,-0.0885522372201693,1.4856268589365456,-0.3407283974832817,-1.1681665010001607,-0.38202998730626375,0.5095080518564958,-0.3311092849524692
8900,9600,-1.152932562313407,-0.3091519714376463,-0.5677088934410466,0.020821409441665346,-0.3232254226706724,1.216142551801024,-1.7435277878531397,1.291341481972998,-0.05747742919500099,-0.32387847358004923,-1.3804588962004891,1.298691040785195,-0.679379634279735
8900,9700,-1.3107545024081164,-1.9079969883358514,-1.3172399958967331,-0.10197806821858112,-1.289992623636266,1.9414838851213096,-1.6431837580721753,0.8508586438750694,-0.7610867903158248,-0.6741581688546553,-1.3781593066553282,1.445191579683275,-0.800867249597144
8900,9800,-1.7280509794773593,-1.5632218271363414,-1.6414529609317934,0.9632851014835679,-1.0743534149711937,0.597007400573064,-1.2818059569602533,1.764403455480775,-0.9446839366617019,-0.9904412519542348,-1.4030887686675937,1.651502769711772,-1.0428636273052458
8900,9900,-1.181743745932475,-1.3252449785147233,-0.87604261649512,1.3174087675850137,-1.526217198282157,1.1000617449050054,-1.5084088146215404,2.0409263254441274,-0.5827831987851163,-0.8142988232691086,-1.5517582914886154,2.0043161391733246,-1.5360785662943932
9000,0,0.21484572101879254,0.03131749994832019,-0.9534181336185182,-0.5454449037979979,-0.6067364068157837,-0.9377829105826897,0.2057990607502776,-0.09344350783052315,-0.6250403041401135,0.8957144044072625,-0.7564305921104211,-0.3895625973359777,0.7316728060461352
9000,100,-0.2967672340257397,0.7061412875777453,-0.9007561519588027,0.1565781098806607,0.2755903858343727,-0.6562334574444313,0.19503108584789902,0.8235180866638054,-1.1213067697322685,1.0622076398523943,-0.4539592949129205,0.26303878287123356,1.092083165142871
9000,200,1.302160305687148,2.034963690723743,-0.3878669683695831,-0.19610302302878901,0.6306505374917235,-0.4683377478332572,1.1982056473991782,0.47206140788272344,0.3274685066157851,-0.7531332810644976,0.6622216669666808,-0.3431079070365896,0.6055954306427657
9000,300,1.4380815198412833,1.5243869690752234,-0.09814237988547857,-0.8516586666766727,0.6410374140083713,-0.7681605146521104,1.1183401624891782,-0.5793065499735263,0.010648498379663845,-0.4752700377768589,1.2520820061598048,-1.2239616690967712,1.6296912628440223
9000,400,0.9424028710298734,1.5497173317421522,-0.330131195336246,-1.2217964896860378,0.91217920105239,-0.4601553901231579,0.26395894866549857,-0.4472915507831146,1.360379406896958,-0.38021276342619326,0.7818528069518903,-0.9234571131359824,1.2264633369153177
9000,500,0.41974586022228216,0.8955941119994077,0.31606979579585387,-0.31601538813385516,0.17566253231640377,-0.8782068916310654,0.1400196248454296,-0.3581278101707052,0.9563304101080781,-0.39555169112908206,0.601345166617446,-0.6497469813379986,1.148591766774225
9000,600,0.6105382652878675,0.3649200523234758,0.3413573957800855,-0.026626065932996497,-0.4413491124234771,-0.5062743230891986,0.7827045454908078,0.328835793520881,1.0583012400225644,-0.40504082939047964,0.910658598530184,-0.22000018600390642,0.10813387821063707
9000,700,0.9214292095544682,0.6675730193524926,-0.8969608107331116,-0.03282906006142915,0.022100331141040853,-0.43117420773269044,0.508850794434663,-0.5053642777368873,-0.18723673241362063,-0.9080560323853483,1.2059355971942105,0.3495692902312708,0.11608917617054534
9000,800,0.06776545266337396,0.05503991823029077,-0.3697908862173729,0.17741007025137723,-0.034690274596135835,0.08660902013639625,0.6207034002217295,0.4078613057632403,0.5009298673169723,-0.4304439403838525,-0.35387558700101884,-0.27364940622947265,-0.4489780093889082
9000,900,-1.328785097297685,-0.6026812308226793,-1.4417296988944217,0.7675775402042163,-0.21977205242395043,1.7308864325463147,-1.2924008791449297,1.4779407244191631,-0.6019851336492329,-0.5783324156940866,-0.6345489308480202,0.14319917780168903,-0.7044699561565968
9000,1000,-0.8441392209788765,-0.7068175995834824,-1.2421145231006891,0.9727053315001756,-0.3375911093511165,1.3285887796424816,-0.8039034123898632,0.2668017174706873,-0.2624760414828889,-0.7993767277611843,-1.2308410573806325,-0.39097682103335096,-0.5968944753402045
9000,1100,-0.9168314406299297,-0.3397626329234623,-1.3045432947022213,-0.14062022856159667,-1.1634052675436817,1.4890585519654247,-0.9407053056108826,-0.17200086304526666,-0.38037959721279174,0.1493207297242805,-1.0920725286292596,0.9029869454069476,-0.373175877816136
9000,1200,-0.6042244130343678,-1.4947707926041447,-0.5249398314791127,1.1953893429265332,-0.40732918232420223,1.0064399811058389,-0.40514371335731514,-0.9284901406707934,-0.5546122918189476,-0.06678467482548002,-1.5954202780394704,-0.324315798138547,-1.3247602301768764
9000,1300,-0.8980098482717996,-1.2711003300872064,-1.0224190702091311,0.9911414808470529,-0.5403382899718653,0.7946329076830142,-0.636523893508258,-0.07047257100116598,-0.49842426913244164,-0.6986563881107816,-1.1434810055810503,0.5588282972557329,-0.9752088062581872
9000,1400,-1.0355958333110113,-1.120638629301176,0.04506187183567111,0.49291337271058294,-0.41770622262027474,0.04514587295007257,-0.8529588951600329,0.7642701977374038,-0.4959442749799984,0.2947766724864691,-1.1539432896391761,0.512563999293573,-0.06975939591611473
9000,1500,-0.1096733690201607,-1.01393707217446,0.4302727683056145,-0.08247929260227414,-0.4415215816164601,1.21243696533635,-0.46031441490358643,1.0401081326210087,-0.7362239698809723,-0.5067648588216309,0.09313753797198579,0.8999415692284339,0.14031637060389426
9000,1600,-0.3185329802284541,-0.4865260043399667,-0.8746421141961714,0.1007168565142335,-0.3965392926381055,0.4420843232732541,-0.5612067527464285,1.176900276196859,-0.5870919926287852,-0.35817357012538514,-0.9401986630339186,1.0825029060110454,-1.2842038949903813
9000,1700,-0.25536108628598386,-0.994051517248824,-0.8313889334595023,1.4970287925543333,-1.2453998969846387,0.40449574672115657,-0.4976519584260978,0.1486817910401659,-0.31585790734896646,-0.33889545167623525,-0.8473334693541652,0.6460353327491473,-1.7700922862726118
9000,1800,-0.32981906136464306,-0.095674063542333,-0.6489440727042219,1.7770882583971344,-1.4210808552499021,0.6833717779749601,-1.0125359251057038,0.5605783404015156,0.17322567455390048,-0.4533345486923053,-1.2408803918499696,1.4928257462483159,-1.3720754882133572
9000,1900,-1.6987213477412397,-0.6807695396134786,-0.37308939740987823,2.1218306840020444,-0.9375243670664236,1.103945992769809,-0.4552357273178124,0.9514050427781097,-0.042920513927343314,-0.47786965214729266,-0.7747168344875535,1.4718595712032085,-1.0316061819991376
9000,2000,-0.15549914658981637,-0.5246757008532742,0.14565146830207493,2.1171620264718176,-0.8985231498850386,1.3132615673961812,-0.5487412215791015,-0.4495250307399028,0.7503886257333726,-1.1260717421541788,-0.7942704649185068,1.5156256211898265,-1.3286421462267364
9000,2100,-0.9768866290752011,-0.2503654333795281,-0.4001750185548303,1.6462166968488714,-0.15192829169820576,0.26194426291464346,-0.9750840523995242,0.15201924310541173,0.277867238410893,-0.6716425727227776,-0.24300824960605744,1.528349258716094,-0.8691754056249559
9000,2200,1.2337094771903316,-0.21710008477716627,-0.23428663634098218,1.1334416062990236,0.8485112155916601,-0.055841613260615874,0.8323557230090205,0.9734959566300295,1.409389850499435,-0.29067480529815637,0.9314301797140829,0.8673433848414549,-0.4313179356867451
9000,2300,0.6653961340343878,0.31167884555661707,1.0925309063402366,-0.35089922428150605,1.056063872954203,-0.2329738950693055,1.2849736467642066,-0.21590140522552023,1.7800897559372033,0.510082561367909,1.0691291186434486,0.48364798522100405,1.2812135825401585
9000,2400,1.6271418215829667,-0.3492095090058136,0.5693934454855547,-0.15870987893615326,0.9644844790357647,0.058449753478536266,1.8910449154066182,-0.43633026316326207,1.9249110857676137,-0.2964897312853395,0.7775507334617436,0.09151822663108133,1.2719077678633146
9000,2500,0.6391514231227882,0.06140471860786494,-0.2066552375214804,0.49625527347760834,-0.0418228077457192,-0.07772175593506736,0.2963909238230652,-0.5036502963812323,0.728316019474047,-0.485918833891562,1.1531437703227876,0.045540597163652496,0.2564284077642815
9000,2600,0.6707848149392869,-0.600870852501191,-0.16291467368374607,0.5108142391322036,0.9291584069147226,-0.132456767520624,-0.248055172453644,-0.7359916312567545,0.463597704464693,-0.6863307090989419,1.1089676212918707,0.7444856214684632,-0.0878777297284991
9000,2700,-0.9056758210517967,-1.2915491385417366,-1.297590592107662,0.2219540159286499,0.31058427226673607,0.7525120734272116,0.059363514034893684,-0.4155093192978583,-0.45873366815513095,-0.6957487377698479,-1.0182022349610638,0.46976966855990276,-1.0075353334681343
9000,2800,-1.2020383808188067,-1.0230001880305495,-1.3237560459655133,-0.44806389504181465,-0.2787805774447896,0.7865459780255151,-1.1194593088416134,2.1186193118926555,-0.56424002881901,-0.42090338790602105,-1.1413107646225271,-0.046555997463995226,-1.3258162956707
9000,2900,-0.6713840854806111,-0.95159684572933,-1.326024120857765,-0.07267713100451552,-1.3411030779875956,0.590592661973262,-0.45125185538967244,0.6838948356075419,-1.776865033121009,-0.7301787490846808,-0.7178595078413694,-0.14859058279701415,-1.1339828391643663
9000,3000,-0.9472496593241004,-1.0458326777685687,-1.3080741441614605,-0.34718035777563444,-0.4567316877606917,0.13587266514559732,-0.82435026842134,0.3570588885057391,-1.5699248363190608,-1.3002471260863406,-0.13020185143565016,-0.2548250900331054,-1.5780706432298484
9000,3100,-0.8683343471252808,-1.0503169533073473,-1.4817391099681891,0.28955226980996307,-1.2602177894236548,0.13651009652439733,-0.585787527873859,0.8347654567839308,-0.8369444947583732,-0.8390500306847511,-0.8145163825880449,0.8045475704110799,-1.4381654447295882
9000,3200,-1.5706244962217086,0.16961015203732352,-0.5268411118032589,-0.4417790984737969,-1.43873357827395,0.5459317087381869,-0.4504370553702153,1.664398891938536,-1.193484768355885,-0.6027887673336857,-1.3821349524765523,-0.4971522762674113,-1.945851753904542
9000,3300,-0.8923524289432432,-0.7906738040510617,-1.2244321041146362,-0.6743930890960892,-1.8030189359231523,1.574503887732593,-0.678195456101108,1.5568628734947323,-0.7572085526615369,-0.44407904372576895,-0.7655614394058443,0.46625363179000867,-0.802884925341557
9000,3400,-0.08085043016091241,-0.994426443388991,-1.7556579375654868,0.1926636220185749,0.22719938838263345,1.2337096128464875,-0.94100771728639,1.5528731439441061,-1.4118728238446665,-1.046717951421103,-1.0308213697330506,0.6209606736065382,-1.655640588836251
9000,3500,-1.135127034016194,-0.9191862338462911,-1.4011643579518613,-0.16179431110863537,-0.3669080062260818,1.3469928257791726,-0.7232389839081592,1.6282997900335503,-1.6138106584193541,-1.13095109835394,-0.9935146983439206,-0.3615326523266557,-1.114966469620453
9000,3600,-0.7994483432859175,-0.5363396676759035,-1.2884070266929288,-0.6210165598795988,1.2031766391830452,1.46179969840376,-1.5831099430613422,1.9403627965311425,-1.2701853552069986,-1.757593401361704,-0.14304883557818157,-0.2848748481003781,-1.280383563475625
9000,3700,-0.4956583741243637,-2.000559243853642,-1.2483596255613418,-0.9124731075304877,0.5934739197413127,0.5241244031824579,-0.9681420196660195,1.363674859089783,-0.4092519819423697,-0.46614460920181716,-0.13355787805729555,-0.44172039845751515,-1.0100437546068413
9000,3800,-0.4047249509656232,-0.9680294914506515,-0.7308266072605197,-1.1661263529591894,-0.5457812921505276,1.175651724509898,-0.48638814560747173,1.2718086235955888,-0.9345125967808925,-0.9852501759727704,-0.14806471488420164,0.48035625408223104,-0.16184346788117246
9000,3900,0.7809069305453106,0.2114451050708046,0.5469790640503983,-1.1838021176435505,-0.2296919150296519,1.1281819664025827,0.6836380239242229,1.0024213488697973,-0.32956673215627136,-1.8452745802493873,1.1773339892418133,0.7890089936403459,-1.379639178782509
9000,4000,0.7465871746035857,0.028472137465075965,0.01788246625975914,-1.8347220111399463,0.2858119222673453,1.2605476735105008,-1.1014801500619174,-0.07534894225450664,0.28591842331144546,-1.3201063419179173,-0.17816302487879154,0.18699065283511657,-0.5915372186455784
9000,4100,-0.6959260343716738,-0.7642068166528632,0.44542748495465806,-0.8116315906936638,-0.3710656695635835,0.745082993626626,-0.5655533186747944,1.0587242034057465,-0.2951511704181175,-1.4971932120763873,-0.6266870501141596,-0.4048016361459218,-0.3464442104502235
9000,4200,-0.7353947401018908,-0.3932956480645532,0.06626834252677849,-0.9191630935493914,-0.8069673793022776,1.3308655052624336,-1.1887933838005655,0.6061475315835115,-0.5386333288090971,-1.2501559976331047,-1.2539500830536956,-0.11112004956004569,-0.28310941218292807
9000,4300,0.3852080038264996,0.6648787566440794,0.35267201441910934,-1.128398538921773,-0.06246039424690402,-0.112314860671559,-0.2481945794958368,0.5799914273971007,-0.7118158318971486,-0.9220003860866848,1.1283874903199524,0.2683245475017601,0.6431884874567632
9000,4400,0.42388098827517734,1.5950430812333514,0.9294894913315146,-1.1000764029955947,0.13465378493637065,-1.2860776882328098,-0.04271851965120719,0.2588483357822215,0.430423216553473,-0.30110069807103224,0.9512853451742173,0.058673304328963005,0.9298108979953771
9000,4500,0.7955308736709873,0.9788095398652035,0.8760202292881996,-1.335974804637725,1.324284701341353,-0.6708321441692718,1.4814528802872284,0.3613492702999991,0.600020236559136,0.24621637408773944,1.3189492533019593,-0.7265607429966479,1.530754322340731
9000,4600,0.46514289098682904,0.9178002831544613,1.5426024114276033,-1.3625994414506202,1.2884637545725066,-1.2035215502276622,0.7259819623626927,-0.6270692148780481,1.1996739693411873,-0.2968618316099191,0.46587407666478275,-0.7289711121110051,1.630768448231456
9000,4700,1.5112055265496274,1.5883056212144024,1.2547096102388187,-1.3074530684086896,1.76286502856833,-0.611863448400309,1.609677412999648,-0.8466416586432945,0.8990111750305473,0.13669161710527641,0.763812189680921,-0.9095032983789806,1.4167105036246186
9000,4800,1.0511537228090404,1.9840576251168078,0.7943770962515079,-0.2332306641822205,1.0571562313157625,-1.597212823260623,1.316623212433513,-1.397035646178756,1.5473928351417492,0.019023152007537018,1.2812975856255249,-0.9202169644435643,1.4697254437464446
9000,4900,1.5734471935605627,1.9365487184676722,1.6115400122274652,-0.9330461333419879,1.6522073185157855,-0.7914979355747855,2.0957082755311776,-1.0988887181197737,1.276121962304934,0.05112677233173004,2.302690955559691,-1.0688124250625992,2.092535073671865
9000,5000,1.83500636783334,1.481450329172687,1.3863979152661954,-1.1985252432905908,2.1621635718973358,-1.2009014735594625,1.260102862681634,-0.9217152918312679,0.6327701143210979,0.5229152688768949,1.7154912502460997,-1.5793569587534586,1.5718743436013605
9000,5100,1.86434112581037,1.599180252780221,1.7348810307445035,-1.1854232115050787,1.5851818772777915,-0.059802642669286823,1.9494908591858802,-1.4113765184166513,0.4004489347819806,0.7788327279355081,1.4294020552480065,-1.3011304437939597,2.0750258657321603
9000,5200,1.1984674799830122,1.5008703719770677,0.8372225376812439,-0.516911908497732,1.4792800467585356,-0.6306878270268621,1.5655694868927807,-0.8426582691962765,0.2910352007586724,-0.30669304881012555,1.392852561772197,-1.5317833487111943,1.4511156746082507
9000,5300,0.4500699551345914,1.5004980767878,-0.22010286991473285,-0.6627914419641253,1.4428074544847045,-0.8308923285489859,1.454550368607823,0.6136947984783949,-0.17255149077264598,-0.301600062467064,1.0441003530293624,-0.9765754804142541,0.7269707627952448
9000,5400,0.6896380758803671,-0.2474539995723301,-0.6248326637205651,0.5070081842046069,0.5672133585556889,-0.3166898568853803,0.5281012150362215,0.70378257976404,0.2245810422025994,-1.1604222200562635,-0.056955099012150366,-0.45005894593801404,0.7505946425798947
9000,5500,-0.4718250699933077,-1.1499564040705748,-0.062469475925067464,-0.5597912079548204,-0.3096229451624488,1.0984015456173217,-0.8573497190371473,0.40461296572264527,-0.1539757760178513,-1.4622399584221415,-0.7940281710097014,-0.4972216545479038,0.3882065130538203
9000,5600,-0.5235218348633294,-0.29341407656085866,-0.6785394341959958,-1.1314177678102695,-0.8129808657799916,0.96777141970872,-0.026233477528565162,0.9580134020612538,-0.847065101089274,-1.2417687442645906,-1.0720624877720595,-0.7173352391932171,0.0459295095844847
9000,5700,-0.23234539984504188,-0.8702134636780998,0.4824537600902503,-1.300038943739536,-0.5943336524602809,-0.6565956828111658,0.071409844764471,-0.8328275849777251,0.39583859080278266,-0.7447633277862161,-0.04633055530537654,-1.6444493612634583,0.5382267124127598
9000,5800,0.541451285148175,-0.6479809352220957,-0.423395994053043,-0.8189680968678656,-0.6349634061188324,0.18329235432373825,0.25570915412096773,-0.1794268359498702,-0.39482294178180843,-1.2171141716489244,0.2478758522270073,-1.0431159507746293,-0.12734023939026876
9000,5900,0.3933699122499239,-0.17976344274997696,0.3193478738023663,-1.1764216589654946,-0.8751420861230867,0.32648446270171866,0.11990110420261951,0.3646706552188297,-0.500267559635923,-0.952655979026203,0.37681874933711934,-0.9724998058756941,0.8024325259822721
9000,6000,-0.2505294480129632,-0.2327563530002384,0.7915411198005731,-1.4973599659647334,-0.044851601673783846,-1.0580780657385125,0.27774671786076033,0.36109948190923963,-0.47523360787813984,-0.8370450604369536,-0.6337612246210257,-0.7205555085125108,0.356450586722572
9000,6100,0.5652695269150216,1.0566983776342342,1.519341230906452,-1.5210400341383785,-0.10251701415083415,-1.861644578313875,-0.27673913415030493,-0.2735761868299808,-0.6393810424650441,-1.1411188361009819,-0.26597080879058643,-1.1776880628886064,0.8863082173834856
9000,6200,1.6891989682848652,0.9325633317169127,0.9235497328418897,-0.46825125071694534,0.12925696894923278,-0.5800661504124022,1.28486294237153,-0.3868252165633078,0.7425128613185186,-1.533976841653535,1.4548079241071141,-0.5628718136510052,0.8330243327211453
9000,6300,1.0217576638968606,1.5378469157053407,0.595674466875873,-1.006394444084252,-0.2964022614005068,-0.45520876048776465,1.546648054949418,-0.9924513438547233,1.1245491039065802,-1.2505630412409259,2.1772369002726104,-0.6174102616432309,1.516727604584422
9000,6400,0.5418166230500872,0.7408524167943342,0.007098177282560605,-0.6735938620265204,0.47114370672971645,-0.5900409191828168,0.02422095368379943,-0.6871875449696652,1.4220135023562837,-1.6399789129787417,0.7081913735270502,-0.8373787274013056,0.7072938613847306
9000,6500,-0.3034033760491913,-0.19966433192672997,-0.6645576602391013,-0.13977759417815014,-0.6358607713405184,-1.1458849350726998,-0.7596773833822595,0.7431220492041232,0.9922677419684924,-0.6762630497796929,-0.5483755419831493,-0.6872956605097803,0.11897084020191658
9000,6600,-0.030263526098600255,0.045455417597446326,-0.461870582498667,0.3963262801868853,-0.984036511199371,-0.6415182371915196,0.030013925434573766,-0.10485784747831402,0.19183797490962284,-1.1191459453733863,-0.3068558430022509,-0.5416303253439154,-0.5400898263043857
9000,6700,-0.5292487104617725,-0.6852263168742709,-0.053387115371970856,-0.03153212587242936,-0.20647923443661104,-0.7488207356610184,-0.5069224840531725,0.546862885309184,0.055646350946046697,-0.5079163661073149,-0.5149946920714487,-0.6957888098639877,0.6966974396254948
9000,6800,-0.7846395263198825,-0.6786245599251529,-0.4821284156513585,0.608689288490387,-0.4084850814854705,0.1457363729912214,-0.8990222964518662,0.3076046862372673,-0.7218468841187637,-1.501152552431566,-0.5296413673555577,-0.34775556213784065,1.1286776843841648
9000,6900,-0.5441282305210935,-1.3754209836318603,-0.17803557589855337,0.8013776899366426,-0.5044889123871539,-0.2129897348435508,-1.7924785182644773,1.0208502308674663,-1.1008174647871733,-0.6581946947564256,-0.7285621212562331,0.11009403707516871,-0.16460883052648864
9000,7000,-1.3976954518860256,-0.8100912760608805,0.19241413256830006,-0.10980281870427326,-0.01805441997790665,0.7141700329546495,-0.9647735446449583,0.6996388101744325,-1.0624878570156733,0.17137217779943134,-1.523643768811128,0.08925966350346941,-0.9157887450184686
9000,7100,-0.1625197742396014,-1.0996284589767924,-0.3453454516044665,1.3637831853063445,-0.34585376647523924,0.03132543179945137,-0.5368254307146358,1.2560857032905957,-0.5206056298450618,0.8486847719309073,-0.5358429021116693,-0.8066236673482717,-0.31884507240406457
9000,7200,-0.8845720253956639,-1.1395897658384797,0.33511601405166963,1.4886162997058794,0.08813036374956287,-0.7247586100108359,-0.9799180413222617,1.0324539850250267,0.08098877460619845,-0.3252753074181,-0.7818211118866795,0.07393744875003846,0.5637974338336428
9000,7300,-1.1864272858413945,-0.8611451627393354,1.2882838491202333,0.7596132288752854,-0.5214902310138626,-0.0683204738262752,-1.2539145261298823,1.2529420696347409,-0.8943719427735687,-0.4077460600510344,-0.9899342496125133,-0.1351115782029681,0.5661793971053491
9000,7400,-1.2438102499738626,-1.1223188712978065,0.11669721068224871,1.3812181516515238,-1.000765206018487,0.6113715903436958,-1.2830313156217938,0.8805334979296701,-0.13007426990719528,-0.6853247405002023,-0.6578847547591719,0.6274408606532168,-0.6525478251012903
9000,7500,-1.6119093430956972,-1.5960778135427731,-0.543915676145136,1.3139643746836966,-0.1925792833867012,1.1550447590675699,-0.9018091274884453,-0.16317702680296614,1.2901766458670352,-0.07617279021453731,-0.8160042596031659,-0.008271837821041489,-1.4555308812507282
9000,7600,-1.6915238647900768,-1.1480543280765068,0.0906698467886725,1.1854267899750466,-1.2657106839467835,0.678756039275821,-1.314559650711046,0.3732123214444942,-0.13566794307615615,0.46662834271995607,-2.0624834890339745,0.5252186368650633,-1.4283187649443259
9000,7700,-2.003818793925415,-1.1182749394639406,-0.8713989366740343,1.1342837854426184,-1.2580234636200134,1.2710395089400404,-1.181244313772905,-0.6480454907477785,-0.22629712845862485,0.7511442203243359,-1.2300730619581548,-0.508420326579622,-0.9195670876780996
9000,7800,0.41233271250219156,-1.169297439289118,-0.6979211330591295,-0.21365252890985098,1.196261526380949,0.29835460249716594,-0.20422068204653496,-0.4670130030664816,0.34128530198727663,-1.3673862297366879,0.33557036768007603,2.01502769469034,-0.016607972521883858
9000,7900,0.10511952637911186,-0.07785815571936121,-1.2657519921641385,-0.6692053584673839,1.2039844831581903,0.7846425566626526,0.4129048954504462,0.06996210441109946,-0.06557360564306391,-0.6053049916586645,0.5354176173116806,1.1592415703593835,-0.6794297506747469
9000,8000,-1.2946347168529995,-0.5439040764979233,-1.2520941288060632,0.12869631959900826,1.0423893602640073,-0.4078321228218037,-0.674253759569916,0.1211280782932699,1.0525239382320655,-1.4467133209832075,-0.8834706643378535,1.3436302723220208,-0.6401394394319627
9000,8100,-0.8950503236608442,-0.8899913869845356,-1.2218735887962002,0.8242774153964916,-0.019751762322528094,-0.35893842770463436,-0.8918664395295658,0.5549523396822617,-0.6593690256237432,-0.6833290300967426,-1.0583779956566144,0.7330465982612401,-0.8644444282586676
9000,8200,-0.05143238201368626,0.6832140439587939,-0.12296926430774097,-0.38325142697981485,0.20441081384615795,-0.11596705265018568,-0.42878385010245035,0.1856262691568405,-1.1932299956402617,-0.3814399002934842,-0.8248235807374099,0.20374928286728475,-0.5596919624158593
9000,8300,0.4438769149206135,-0.488151677840749,-0.19178734314996124,-0.2811080775888834,0.6109409382481458,-0.17966432688441644,-0.9316675381543427,0.2925449008305747,-0.05226864704473416,-0.3906371717383637,-0.40351805692561327,1.3797224289920145,-0.42617473596062105
9000,8400,-0.6273359362070139,-0.5340474148428187,-0.2576319875832598,1.0924542878955972,1.0052079716997482,-0.2884752674567503,-0.43047821201590364,-0.23406905789174817,0.08539101201820351,-0.9124971274990187,-0.587944260134557,1.5038735180379554,-0.12235029853502956
9000,8500,0.7334208111944291,0.6246202744707372,0.572485370994624,0.9260805774789076,0.6484657145112317,0.8501590182951364,0.3219795434912723,-0.9395751385536573,-0.3897700834617797,-0.8202802263931989,-0.19322081059404755,1.5958275389838137,0.34428278651409494
9000,8600,-0.6032475111706964,-0.2029459764833614,0.4384502196808431,0.7872726962369428,0.7423910942330646,0.5586680561679697,-0.1500110780897984,-0.3459008506874015,-0.7933171164745704,-0.48261731583011,-0.04784232556326423,1.3285726423712492,-0.06897619398538027
9000,8700,0.7000000978930124,0.1764620119004604,0.907314524289876,1.545997099292069,0.5906465654439993,0.3757963617042984,0.8399980580156149,-0.1325416610330353,-0.904483869107426,1.1053646790099987,-0.16653587358124033,1.5460324723427865,0.20716014511514055
9000,8800,1.6542556217755169,0.07074828146713695,-0.7982247460549211,0.9505148396625771,-0.27834601165716794,-0.9405291154868087,1.1829268933980446,-0.5917977081779424,-0.6275147760670627,0.6377815634198453,1.6771621495787252,0.09003070677162377,-0.15539628152337903
9000,8900,1.0566875662413049,0.35513832655433686,1.6491185764510772,1.1159558051995535,0.5884207628328465,-0.9427533510360312,2.016858351527439,0.6440128602101847,0.39015325170416765,0.20724039335972186,0.45010895379701843,0.4938020591483956,-0.1867892960341886
9000,9000,0.5581947194458659,0.8810835040884417,1.219485474359554,1.0050733742314109,1.3010589378825053,-0.2249278030284715,0.3904587708306566,0.3084982762883958,-0.3346086687910723,-0.6496958691331358,0.6161937504092693,-0.8447693037468312,1.3607968503591426
9000,9100,0.6304260129461208,0.1389526523937809,0.8850491941196598,0.2689165831779989,0.7171906513489504,-0.5174747107756394,0.7876208970914498,0.2970566773192779,0.8334337086721658,-0.8469878069515832,0.7049675605830986,-0.5300052117677946,0.7713702040522857
9000,9200,0.017195472686101068,0.3158579492791185,1.3542845775226628,0.3148017288742092,0.7574265816303197,0.7911686448753523,-0.2990588121913475,0.4953533462352433,-0.44478321942358445,-0.8582765597731836,0.04159512626144902,-0.08602915932331301,0.5268239085549306
9000,9300,-0.8359108659097669,-0.6473019217237692,-0.4980755693073691,0.06753935540826744,0.6703287233772222,2.08317738838258,-1.0495523363435981,1.6124685777809284,-0.1641941942524749,-1.4663480121304528,-0.3283121061276287,-0.7795948689839827,0.5338696858155221
9000,9400,-0.3414390915844577,-0.7848625496459888,-0.5831103960383301,0.47775331256948605,0.14117939198236848,1.3665023918156871,-0.5481341005198682,0.720021330937696,0.43722843185791305,-1.3605647685206157,-0.3280881784131815,-0.9158068209183838,-0.2565423447924292
9000,9500,-0.5376313298314158,-1.000224907934985,-0.18693263193361698,0.5389151845134552,-0.40407186176078247,1.7367093058369643,-1.2045897261727483,1.198173986620906,-0.21391241393013716,-1.0108403779613613,-0.36558578762771626,1.0859560916944944,-0.017435324413852992
9000,9600,-0.7590918467708688,-0.18719240812683166,-0.3359767330224435,0.476615951076599,-0.6691720526468429,0.9701028957884326,-1.303154679280156,1.5753098132628378,-0.5080456587527898,-0.5462401083409382,-0.761097614642651,0.6893620258728819,-0.7956012204927072
9000,9700,-2.1532406203376504,-0.6343883894437731,-1.4679499126883766,-0.1593996063082264,-1.260069049362158,1.6699089145100199,-0.9909427874925247,1.5822304954426822,-1.1460298578277643,-0.13223148629586512,-1.4859029706068754,1.2099180530096534,-1.2042361674445872
9000,9800,-1.463504548114974,-1.522354110379372,-1.073220888374238,0.5468664344441801,-1.9629918562050888,1.5077989699380017,-1.785223631053644,2.0560481940944,-0.9197607638991262,-0.4637311049613585,-1.497009242760496,1.212559882463144,-1.506082845804146
9000,9900,-1.0260231358018348,-1.6338288482614753,-1.848146181757278,0.733010849301212,-1.017808265395017,2.2487074676757612,-1.4446876749356152,1.6912462025406387,-1.262371936237886,-0.4662150543354801,-1.1657821243727402,2.08862680421517,-1.1525913436233426
9100,0,-0.05047489218827029,0.9864003851148037,-0.490728590601548,-0.15197592542119748,-0.3086757608312031,-0.5444497222887209,-0.340676821834417,-0.06660566222931083,-1.3132194996280158,1.2137641792965974,-0.38174812606901004,-0.25698016779077915,-0.1816438649252341
9100,100,0.2158536622292268,1.0209148209672456,-0.12471351151518323,0.364511946835772,0.3339115885178208,-1.281114272546699,0.2479892468503438,0.1559129167567544,-1.0455389113515972,0.7195400700023169,0.051779972746827524,-0.3891300182624258,0.856281965613135
9100,200,1.6756423186027831,0.9180767265346291,-1.0868777807788306,-0.7569573842456235,0.899349398678391,-1.2305245002105032,1.4355680137519562,-0.1704374641027228,-0.2267229269839079,-0.2915780304004014,1.2430422172695923,-1.226206223318784,1.0911400848409383
9100,300,0.6021158161852607,0.8320014751381327,-0.7168170243621187,-0.29279443012156425,-0.06752399388738606,-1.3312892077065026,1.301911182989048,-0.23531864671434935,0.3853086833051997,-0.6957396970795149,0.45516706342850866,-0.6820496242970066,0.9599767233454006
9100,400,1.0470701214682636,1.2596384808632668,0.006876886106856647,-0.4903125879310176,-0.18322342031327915,-0.2841054373007416,0.5990690585318973,-0.49209229420282813,0.8497069823633664,-0.7108501926330596,0.2144097492073402,-0.9628723022907211,1.0857042873037641
9100,500,0.14320420804116318,0.37853142430669035,0.5398011466954916,0.4911638781690481,-0.32720005916024364,-1.170215632033964,-0.07784943040952752,0.030694567685863698,1.0710284826820058,-0.2623201597994841,0.9551549175103649,-0.4781891674679541,0.806697036147667
9100,600,0.49663744216814404,0.6477809268047457,0.1759283867947356,0.5232082783500814,-0.8338016086854008,0.04263778391124606,0.9285344416849254,-0.05991596558686566,0.49676624917873535,-0.5168977859230902,-0.029871284475189205,-0.08040937454218827,-0.5619226733067186
9100,700,0.3602003317364779,0.4688037873070166,0.5615961871505498,0.10437777926091449,0.48524755203976305,-0.6160831245707324,0.7561485818121579,-0.003283110760305966,0.3464451332553171,-0.1935356768360168,0.5785050585567941,0.7865168617628719,0.6408711215898739
9100,800,-0.13337264671361024,0.2613827693671301,-0.14748945229783486,0.011812528044088258,-0.2796360443865781,0.09574341728202267,-0.3460827891307566,0.4555995807333396,0.48335384239262663,-0.34093441641784394,-0.2638496400505054,-0.10050863178902475,-1.1335344770566096
9100,900,-0.7699665488044823,-0.33769640983065935,-1.4028258244258518,1.335027343808369,-0.38347398347579836,1.2287136094276643,-0.921827508842425,1.2507243240961605,0.286667022097395,-0.06939346770636626,-1.0716686073194703,-0.2604909892363699,-0.6287538725775357
9100,1000,-0.4623353233758655,-1.1314060919767002,-1.267292663453485,-0.17181937151750157,-0.7856470143763464,1.613202145974315,-0.4617794189539013,0.3115705982097479,-0.7519599774161083,0.735612767721885,-1.055199979735485,0.28109971337832296,-0.3238717827743663
9100,1100,-0.8794628138128513,-1.0425300775751651,-0.399660462534484,-0.07407642556901817,-0.40431795471748105,1.7233139027264899,-1.2639554667142547,0.446545793589741,-0.7415123255575214,-0.07305666985199517,-0.678439427702407,1.0811976620044654,-0.5070579112798631
9100,1200,-0.9039611974206975,-1.3462584689769082,-0.565520508090614,0.6511059969519137,-0.3100154660571246,1.9514670324738197,-1.3002304827887137,-0.7369896930071502,-0.8575142918428148,-0.31777893375538213,-1.010300023425444,1.4790590001503223,-0.014640297463431142
9100,1300,-0.8504354993348813,-0.8918653208913017,-1.4327511817748795,1.0374949022002768,-0.5262971033748025,1.3821738383398214,-1.3578367557316924,-0.05015272173841128,-0.5304724565904875,-0.6035319932452954,-1.097446442376166,1.5161820930378798,-0.5289547107253714
9100,1400,-0.8341949177239792,-1.4673169405608006,0.19098654213913915,0.7845640916167232,-0.49109669092320074,1.0924720240038606,-0.9756567221886931,1.2716080698755496,-0.7716372824617914,-0.6938319253489228,-0.7629511160641016,1.1111915231130591,-0.7066991034945952
9100,1500,-0.7450625997645589,-1.1325922445033405,-0.0665083965968126,0.22520230666153532,0.9680139165493751,0.3773212513305335,-0.9387838663506904,0.2691161103920789,-0.6598780300880348,-0.5580751882179308,-0.1550030393719051,1.3541292930612705,-0.5798673914936915
9100,1600,-0.406916423784581,-0.8287388126431868,-0.7515382370029918,0.8285952095238006,0.17862315185122832,0.13194738056967617,-0.9893282755971368,1.5422151028077693,-0.6472129421831075,-0.5899572766677491,-0.2865461031349278,1.157250502781623,-0.4526314746794066
9100,1700,-0.6492030562153722,-1.27159670583621,-0.8957558292749961,1.171583180427765,-0.31105140070533255,0.6178559597822292,-1.0386120062814976,0.7807518591091098,-0.10018634789060808,-0.3668518556922051,-0.9031864439647603,1.5922926718378274,-1.3499568064697984
9100,1800,-0.27786479666633074,-0.27753477684752925,-0.2375661856801755,1.841163239197614,-0.8532747235333962,0.7786637990271352,-0.6526613711597299,1.1585242026967018,0.1890392197072253,-0.8045638148168164,-0.7012730387310712,1.277556493504381,-0.6495162389776523
9100,1900,-1.251875890404773,-0.5189390193407939,-1.2801824990996202,1.3840735547096328,-1.3117323457386385,0.7755597848313668,-0.9812084953289665,1.0108316938928146,-0.008388257524669762,-0.4196205182363775,-0.990508550862869,1.6160931132474985,-0.6146023095675193
9100,2000,-0.4655469400888204,-1.130289489130707,0.10129697508763968,1.148367351931064,-0.7297617416533057,0.9523260206470646,-1.258956809194017,0.12157173926642849,0.523784726583988,-1.7839116913842832,-0.9505307667770113,0.9263115306887455,-1.138320748439486
9100,2100,-0.38030836763281844,-0.9116614182939646,-0.36296800380495586,0.6488469913180953,0.3665208102466261,0.5341363237723331,-0.4149565564577371,-0.9327141001315383,0.9110457640920263,-0.7741135038383254,-0.34505606040482406,1.1396613484341909,0.586894978168005
9100,2200,0.9138090708627162,0.6722081900309721,-0.24668219598143812,0.9870912326438287,-0.06672799466645457,0.18534443174823506,0.9829885235355147,0.3941809153492553,1.0738717092355694,-0.10961949369917447,1.0729207078951557,0.6001494475334044,0.9052623370749985
9100,2300,1.170011870065451,1.643548901802918,1.051846045362663,0.15767780164154696,1.0002931050288422,-0.5852639885655683,1.8827831444242535,-0.012490991736324118,2.385176007839402,-0.16242955871753156,1.3306097046416914,0.5070622757965826,1.3061374009897952
9100,2400,0.8757251709049725,0.7027788862440092,1.5684585551897838,-1.3714613901563555,0.4946568177789543,-0.3675400923095173,1.5011544176082017,-0.926668645240487,1.9751295597677696,-0.9395254325171586,1.3661042583542593,0.7729664425311061,0.6445734157990137
9100,2500,1.1571266143296994,1.162444138498084,0.10670538378172044,-0.9166828902655485,0.5735025950517157,0.4263588474221651,1.2315429918209773,-1.3261734730516603,0.803274023965524,-0.8724291561841128,1.194260018025847,-1.0304588096099705,1.078763143778134
9100,2600,1.121662783170789,0.03812653109413241,0.04649461339469089,0.49551830805287633,1.1653638861254885,-0.46292643362105856,0.8203068195364515,-0.7475597467462786,0.8081983363313401,-0.4382975149200449,1.201695873558528,0.19381230744607333,0.5000466524721099
9100,2700,-1.3790566468723422,-0.2981758878986959,-1.130374966875615,0.4040640051041509,0.08099760336592202,0.9872627485126655,-1.1348718785066823,-0.23428686247409358,0.4186650518459094,-1.749844178603516,-0.13186712290943078,0.1918995865157337,-0.6063797602690764
9100,2800,-0.8503788838534789,-1.174007972017976,-1.7492696776202121,0.667640365325016,-0.9128633516485093,0.7616958482131769,-0.4011797563093204,1.1132676733506084,-0.24165268555191524,-1.075238758686527,-0.3127987309550603,0.6219536441341328,-1.511363167164884
9100,2900,-0.632781912930031,-0.9733242524130906,-1.1226741094190467,0.04701298481059948,-1.1755255800219655,1.3719478455592198,-0.9312295517312721,0.13733064582039092,-1.3053956655536845,-1.009789182810294,-0.6509033645869391,0.09935699724764219,-1.1543697352792064
9100,3000,-0.834740642801582,-1.3259713905781234,-1.4444164637803927,0.44952949041645635,-0.6135255282087573,-0.0919174271377117,-0.04718851613518513,0.5756674293856479,-0.6078441108161523,-0.6220892123902773,-0.5361376499910312,-0.22076332653371591,-1.636198155139275
9100,3100,-0.8613256193211579,-1.3095684847989055,-1.23719561307199,0.28405299209571,-1.1242442157808838,-0.5635884747594153,-1.076379304745949,1.6218929237609914,-1.5614022468494682,-0.8790192551483595,-1.1251646538095883,0.19921915861407793,-1.5056222741426992
9100,3200,-0.873620560976479,-1.1602447119372155,-1.7860862840847611,0.5306076608839282,-0.8650151315120227,0.7021206428751662,-1.277406441762765,1.8046924229523236,-0.9452816176673037,-0.26597100431765913,-0.7344403150710088,-0.5015399369320522,-1.1043479084342478
9100,3300,-0.9173496600911435,-1.1768772767131617,-0.5648877314813214,-0.7843709732986192,-1.2385407285435839,1.3938856044850576,-0.9369019002044626,1.971279138236403,-1.328489437079923,-0.6877895944873387,-0.8218996903467963,-0.13856417606951912,-1.1811649771096615
9100,3400,-0.5684395840359592,-0.6938759568040792,-1.399177611194518,-0.5947850158363445,-0.20441499548211242,1.439209452017947,-1.017260378876602,1.5884246076012487,-2.2213561838290485,-1.0560858270076185,-0.4342958526390269,0.35735490424732236,-1.5068165708282006
9100,3500,-0.8284153238051145,-1.2635647892111548,-1.4755077563500634,-0.206600767092673,-0.36349988449011755,2.307546056419779,-0.6005165352947578,1.3026106750113051,-0.764307563750586,-0.82642235670293,-1.3991816702521696,0.833560607965377,-0.6635390950524532
9100,3600,-0.5253724772011035,-0.6483653548131167,-1.71003295914563,-0.6788016733676586,0.44800450804193875,1.6722121879371965,-0.6576863926702661,1.1029042132837028,-0.39521046718647995,-1.1976507749524519,-0.4120444543877292,0.036340502263678125,-0.7628165765098434
9100,3700,-0.7419373898530447,-0.6925605920488943,-1.4691286687117457,-1.1046743912787633,0.4807181313989913,1.598061538761492,-0.9038489869837752,0.6246167293550305,-0.7186665580729492,-1.1840756110162516,-0.40460639970979306,1.2636847280760137,-1.775448849638556
9100,3800,-0.620912374404688,-0.9008136739768654,-0.5076519659709581,-0.3981229383340969,0.6568718659213634,0.8668703127842123,-1.377524389202246,0.2478718280327402,-0.4519772417389407,-1.4008229318776824,-1.1086885237476516,0.23349659968557404,-0.48522602426605105
9100,3900,0.5259092298996996,0.4780299734920023,-0.6847796283911718,-1.3502967956469956,0.22239681836645636,0.606293107280045,0.056926417725893706,1.2202419113062235,0.1036601661227423,-1.5813178424074905,0.23309025492141294,0.15892256776080585,-1.288604268403606
9100,4000,-0.3729167153445126,-0.3516088855938727,-0.8434162144682844,-0.6299731072440351,0.797704764328497,1.3323290725636718,-1.4572406166677725,0.438551967944198,0.6270398879552513,-1.3347203565943875,-0.6337439580672601,0.18118634128030586,-1.4736091959880444
9100,4100,-0.9435951948594661,-0.4544580518915671,0.4990008597887599,-0.470117345772262,0.20493536368409396,1.3154702484370993,-0.9652793089575648,1.1459977133476071,-1.0330529363654772,-1.556275531784076,-0.6333148919182149,-0.10980464483719707,-0.3489886589864137
9100,4200,-1.0710314552570892,0.07375482812743399,0.10952792812009013,-0.9485883144012197,-0.8882068069472889,0.8399305599582179,-0.5168917295793795,1.65045266377848,-0.3032168795930806,-1.1687005113679019,0.3778751614125733,0.20294679161146145,-0.1463046462549122
9100,4300,0.9383468504303664,0.22934701440360986,0.864786609734277,-0.7032774486444431,0.5102729697799173,-0.1405583092911687,0.8092486894615463,0.6073377389829457,0.2896469205136073,-2.1760545400055578,0.7228618797187109,-0.47467357195234117,0.8088975950542425
9100,4400,0.8451712585251097,1.4438630760416375,1.2140821904860137,-1.1179893246647963,0.44311964400035886,-0.48141535228717486,1.1473051054244514,0.2135465270650442,0.44602934966443397,-0.44294100723684265,1.1576334045354169,0.1556147909725798,0.3092618842260009
9100,4500,0.32414462758904833,0.7921736746232215,0.20791770278977242,-0.6093496143103447,0.7530265947754243,-0.08874246244994156,0.38523476369512294,-0.12162526475383854,0.8176526058039959,-0.8102596513534065,0.2149466074873581,-0.059748077843018096,1.0645192487019737
9100,4600,0.07494772356261428,1.5691041376375747,1.042845437558315,-0.5391621180268878,0.9877907606094352,-0.7954482808400842,0.15985817507332226,-0.6613719854830555,0.5977604940968861,0.11062358714382647,0.435835089146964,-0.9518866805105255,1.3043995532468384
9100,4700,1.5571572778121225,1.6302586667933654,1.2330550902984772,-1.193699863719975,1.0897505920523107,-1.4251541268639574,1.2941715277948642,-0.7490945848594691,0.7085762421476909,1.386096272305767,1.1360382642332705,-0.5467512615233903,0.7716897075867832
9100,4800,1.6706286118130549,2.0458397090580527,1.4889516426644902,-0.2441693184953649,1.7393233324991453,-1.0719371180245125,1.314956435166822,-1.2530804378348532,2.0988938502541856,-0.6394257417966408,1.7774366733785452,-1.5263485093592506,1.4549620588516052
9100,4900,1.7043180778415257,1.7804790802420658,1.5723622144402285,-1.7265879560309174,1.3741175208890517,-1.250526627634652,1.7714069271139643,-1.0446329473488654,1.5977595798693278,-0.7824084861609775,1.7624252654561694,-1.046435786465206,1.3900651813146019
9100,5000,1.6218774532645734,1.7098031068807396,1.50371694106498,-0.8054550918431711,1.3720842546017784,-1.4260468155765802,1.1909516636627877,-1.0853736368243723,0.17811690636345617,0.5377841208008989,1.7303283800397091,-1.4323069789930651,1.9223338463286814
9100,5100,0.9501708678781902,1.775213972229608,1.1291287622406259,-1.0005474830691192,1.5270330910411758,-0.37449252404462297,1.1980251420686245,-1.372854646234303,0.5108103322161675,0.06931393974219889,1.7849428065443478,-1.1232071605762952,1.920089624128408
9100,5200,1.2944610710832412,1.386417985090351,0.38166767286017483,-0.9392707413951853,1.5944442369366785,-1.0589749577832552,0.9212382781622307,-0.8610584365933703,-0.14088358083746888,-0.22252619838803775,0.6980337299000053,-1.4627846123809747,1.008793776916308
9100,5300,0.23302156471023688,1.0310243071762961,-0.7999801031324922,-0.73874360323407,1.3012665808109691,-1.150279948470466,0.3128656983675881,0.428860513000955,-0.5381927397437352,-0.848009769337004,0.23923629519410017,-1.3432693579622756,0.97489652963255
9100,5400,-0.5342449131797401,0.1108496880736552,0.03190634982367693,-0.09377474075104424,-0.209173432317731,0.10815528214806958,-0.2649091093127262,0.37614723690140695,0.06301523562296961,-1.470693612090836,-0.18807211912625663,-0.5188835006848379,0.11341151494798574
9100,5500,-0.5346884189679164,-0.7845167986541882,-0.3459298075344258,-0.6203104070075168,0.00579458804467769,0.8837578010227727,-1.0297575462192072,0.20848165336784102,-0.9300363433404947,-0.8158927619602278,-1.0927429077443003,-0.3830933920198336,-0.8740617571116663
9100,5600,-0.6107108958270593,-0.5466251650977629,-0.19478037142464055,-0.6970137747389414,-0.015613408628893682,1.2111989383471868,-1.1837551226522387,0.03905422248030646,0.28378423734062397,-0.9063345522198558,-0.9851121648715937,-0.8581497565807218,0.06016573594223201
9100,5700,0.33248757079074825,-0.6762981162984785,0.058582957169279165,-0.8723051522407969,-0.3892742185167708,-0.1849480341957446,-0.7573429397783311,-0.3644105063661056,-0.10906068499806,-0.8915229188393707,-0.08810045132736305,-0.21230700023919033,-0.25438539637876295
9100,5800,0.5549305215634694,-0.5242561218184131,0.7339276283463119,-0.7135455072422734,0.3161390491136906,-0.2287159754313021,-0.043730902237136465,0.15756867462666418,-0.8180185876896345,-1.404859775512815,0.09032356764116461,-0.784813210119468,-0.24368722519378355
9100,5900,-0.7146228624626899,-0.9145332409594416,0.45532513779609024,-2.094247267402521,-0.6029588416191447,0.48006477299431,-0.46991111965454524,0.55624446250186,-0.32818615517478167,-1.1491907889516415,-0.6621729095577498,-1.2156354760728307,1.0428187302610326
9100,6000,0.4114874369796528,0.34145746136141053,1.6433227134259318,-1.3912195746425102,-0.8605147514107193,-0.5809101378445762,0.49847010794666835,0.8566817013165204,-1.1543257647063125,-0.9632678559839016,-1.1201908262366893,-0.5314250466864089,0.41987076979168814
9100,6100,0.816814730801337,0.32273683762835376,0.9386825098111696,-0.8999451329870427,-0.6454458279593243,-1.1965022729200658,0.2256221694376731,0.1317493944585017,0.0659269643168995,-1.0711321663148279,0.8414780599582355,-1.232204832478516,-0.10286649249867066
9100,6200,0.8925221653385159,1.4729702637837447,1.2968836749792818,-1.5167756152318301,-0.11486101160182298,-1.7531995051700948,0.6967483304741792,-0.5072428132902704,0.5154157075028407,-0.8029154258094602,0.4570131445489545,-0.6105760385466076,0.06357695712462508
9100,6300,1.2425558829572325,0.8735647352839419,0.030550189565069847,-1.269129956231109,-0.006803811291918255,-1.0304880848040343,0.4399182449329021,-1.0820820708873502,1.4062596164721983,-1.31049497423019,1.4575397598160922,-0.04301686201958983,0.8917245140139944
9100,6400,0.05951185362030426,0.41636823389742716,0.5998668835791049,-0.8902838456317157,0.03906301839000508,-0.9334963067844637,0.23248798695733697,-1.1516106153902776,0.7057074038102263,-1.9191610557386525,0.35734049894208464,-0.3994855008535142,0.4840345542705063
9100,6500,-0.5023835924662142,-0.8805737003599079,0.6406917098177882,0.30698391814829235,-0.6486579959128312,-1.047205857178807,-0.5933109998071716,1.3967353635891977,0.8156541424840904,-2.1453277466887446,-1.2824419101571078,-0.5925765116036305,-0.35571137286279314
9100,6600,-0.5348020140198697,-0.39267283046018736,0.6294150116388784,1.2529270829598278,-1.0117398081774376,-0.2150118843970839,-0.812639279858049,0.4399943025451888,0.14069412486471145,-1.4825986842816812,0.013526845639859082,-0.45678209234389416,-0.05012142586529159
9100,6700,0.2014313704286311,-1.4319950695901866,-0.2768211987852632,0.7119113527534864,-1.165565155714866,-0.996319564982188,-0.384815398880042,0.5438361840351912,-0.3825571543361141,-0.749703612871776,-0.6487997761997174,0.0319675378025512,0.3798471004661925
9100,6800,-0.6150962648307008,-1.0639816066641927,-0.45913015694211406,0.5520911964871456,-0.4201743049866982,0.6449032525969595,-0.09219129720974183,1.0720988951884358,-0.7514791270799801,-1.4740616740541719,-0.5810814764364505,0.803129727140467,1.2905573395427778
9100,6900,-0.5920866423095508,-1.4519486066428917,-0.04725809161266796,-0.12197104842514261,-0.7030851470585631,-0.19275696790323835,-0.5208330121852345,1.314701453954366,-1.4101193217845014,-0.7836489542675795,-0.866991109133166,0.7065091154439849,0.3012818731503544
9100,7000,-1.0248143740528217,-1.3537655995494566,1.0777572205837196,-0.17970819596056553,-0.43032255014887144,-0.32456455488856945,-1.1787722394477238,1.3297291735770467,-0.9883960411889214,0.4023435971641489,-1.3030992232349843,-0.6991572207052298,-0.5959523954271312
9100,7100,-0.7519826325124845,-1.2586120369443254,0.44392229746765144,1.6145604462003416,-0.021301007952490184,-0.17102742045179853,-0.008478138509446913,1.4011136625396396,-0.5051929548778515,0.05384284945246074,-1.0561718117635648,0.3874368623417926,-0.8618912310935485
9100,7200,-1.3904733233582034,-1.6415689844365613,0.444853820881695,1.3163043818762705,0.22660778409677337,-0.1855988784058546,-0.978984101379888,1.554963904865208,0.0749522045105395,-0.21033442131973437,-1.0217646508812588,-0.6029295300707384,0.9174855162496754
9100,7300,-0.9269393083610349,-0.8541750267880764,0.7437405717300101,2.1050451595265534,-0.35542294934376306,0.5140088433748549,-0.5733145569054426,1.2692141193949693,-0.8363806073253865,0.21663551755039026,-0.9314232605951595,-0.49152153763347234,0.0807518389497464
9100,7400,-1.3300350563261618,-1.485415552077341,0.1548107412774866,1.4847209213071684,-0.7691955837745111,0.20629776670518513,-1.3652733006789048,1.284632022793392,-0.7444530446711969,-0.8331295801521718,-1.1493806898696257,-0.029182196101563963,-1.1113521524865217
9100,7500,-1.4652220942670706,-1.4351955614507335,-0.7091642035920015,1.6208602196134219,-1.3651914209613756,0.4529102643764241,-1.0848946259192869,0.33845591141302583,0.887202475760326,-0.3224304405944819,-1.4715682941838222,-0.2327409084890601,-0.9561172807298424
9100,7600,-1.3908465769299783,-0.6893534092681315,-0.17830533950079816,1.0134104438322002,-1.2199207597927986,0.3763588593121204,-0.8998075551915771,0.4626988118242107,-0.16844321959386088,-0.33535644194057335,-1.3102851668364872,0.49239866194641047,-1.5284235737693173
9100,7700,-1.0383355642824263,-0.6241733799923643,-0.501644202177281,0.1599587590545096,-0.8753737641909495,1.3697856176563654,-1.6089458154843381,0.3158487418181052,-0.05648957011880151,-0.3325109848104831,-0.9991020733050909,0.5887197414735778,-0.38918626222773567
9100,7800,0.12829821937048447,-0.7571524342251649,-0.9446533564253397,0.8538990120035045,0.006474184475600367,0.7307901240447733,-0.35434346576007,0.47175510489666916,0.9137835334495015,-1.0624088573543422,-0.5059192049407614,1.0379290991399774,-0.7518406273400592
9100,7900,-0.45446636738890517,0.2176829113426705,-0.47527975197482786,-0.6174560019830068,0.5703832324982755,0.6903742862897911,-0.020778871686089592,-0.01959179058341211,-0.08977107245170647,-1.184342670859489,-0.6457972977133489,1.5337788636969802,-0.19375035469549445
9100,8000,-1.08883376515179,-0.13617176382422122,-1.0313560143866258,-0.3660985401195333,0.4253437069798503,-0.6521118251399473,-0.9972793053041294,0.5107909846951105,0.7973913009719201,-0.786513277318289,-1.275079557300686,1.4146233412373348,-0.8413079663767198
9100,8100,-0.9324982949834201,-1.0559947113590025,-0.9037485442554316,0.3738954497800639,1.236001254623515,-1.7955760679912207,-0.6584616887483998,0.6371486346136156,-0.8161405805207936,-0.5946590304642433,-1.2730394635566755,1.0740224927196789,-0.5065870772633677
9100,8200,-0.42186846590555954,-0.5640236351326242,-1.149710243869622,0.33254392248477255,0.5531710493881761,-0.7205924115499555,-0.9194516015080859,-0.19958444281767063,-0.38544091427759214,-0.17589676342173688,-1.6702003363190239,0.4901853235725178,-0.4171352689234778
9100,8300,-0.654437465772481,-0.37742223122423496,0.549535150310819,1.1314124645184576,1.0317372701870504,-0.7364424060539905,-0.06347393640769623,-0.8391124535141377,0.04552940868990187,0.08216003604870815,-0.7678319907520347,0.687149005721196,-1.2257965253975864
9100,8400,-0.7251461220793509,0.14191859263186013,-0.2757684489137049,1.0258359368326195,1.231138348279473,0.0422525593869092,-0.696695623343728,-1.0360425475820014,-0.18173855426794056,-0.9573654253914355,-0.7023684013178556,1.313442473950324,-0.16269238285157256
9100,8500,-0.38255737534771533,-0.06657147168261288,-0.40089181350924585,1.0542122641176022,1.2476694782034519,0.7983824556668799,-0.37256253126118327,-0.5193753581873659,-0.09739960922198557,-0.8909626828352463,-0.7760448407158093,1.1360735169990885,0.38810944793312063
9100,8600,0.2933132971590196,-0.24861727383050333,0.5225551363662146,1.5652109899276183,0.6182844199392823,0.6125290922190044,0.3768423083467215,-1.1373199178290214,-0.24950225047874364,-0.13821174551943002,-0.012982511473083932,0.9895712009600092,-0.45641319435554795
9100,8700,1.1595913347661304,0.54719448722774,1.4474688462353815,1.01756019489874,0.6245825460802155,-0.10435013612145187,1.0545295582254386,-0.3088017945918547,-0.3631275097789495,0.9103542432789634,0.9041406096850064,0.8471741150840304,0.8918677063913958
9100,8800,0.5302721652343728,0.4338574874770456,0.43181344602896515,1.0390609860622724,-0.7257364383575006,-0.22023475092972286,0.4190503809412098,-0.21664927141836335,-1.183638249683485,0.4894139276361763,-0.4226368907816096,0.40827725513823165,-0.046678534180787004
9100,8900,0.33398793212229316,-0.43244216694028875,1.1764792554470782,1.2493883712236995,-0.11543161070893383,-0.23587937114642554,0.5427888186583981,0.44482080615474395,0.041392582949208744,0.11082203950971538,1.1038685167629656,0.06488245541413228,0.8253953531203841
9100,9000,0.10646921410157523,1.654984234569668,1.4779151630768463,0.8581228648847473,1.0905767496049121,-0.37928774533640786,-0.4618749830078571,0.8916903852984802,0.9551964171281329,-0.20462893685062647,1.0309212094382605,-0.6638242020174158,0.22626646278475007
9100,9100,0.8565463671433569,0.056899481337592345,1.3227737155828347,0.24761111129512448,-0.0433424478842215,-1.1232345592923674,0.46183873173858164,0.42236291165811624,1.643759675841784,-0.3897474645107257,1.3539718062169204,-0.5140735221411776,0.6477723512319729
9100,9200,0.24490815409835154,0.5505710062501837,1.1651736985883243,0.512924034644527,0.9445609695644583,0.08144651367881285,0.3376275043590944,0.3985198615562063,-0.18204183012791472,-0.40776137699835413,0.7453153096889473,0.22613704382512145,1.314939243389617
9100,9300,-1.0558584400147408,-0.3380508745781926,1.4454129580271726,0.02855092407225366,0.3894538510714562,0.757441630985898,-1.026132774563006,0.7812679278088219,0.7326279336378894,-1.201491082339874,0.19237191765142223,-1.0608935818990257,0.8440985165886349
9100,9400,0.12462127092700233,-1.087426699289222,-0.47005653578027906,-0.36563685631937237,0.6438934308390452,0.7649772851226492,-0.7062833845333566,1.0941359630707344,-0.01152456594325784,-0.7798907272087033,-0.15823634560481925,-0.6935679264182959,0.050239662037234595
9100,9500,0.3120426899180777,-0.83231452801541,-0.7075704826770065,0.3795466843696837,0.7125355282110003,1.4899484476066691,-0.8384713225565588,1.27529953478339,-0.8986558279600744,-1.3199601665694107,-0.904389165755786,1.4822486319725314,0.08577838416904084
9100,9600,-1.6499416714157764,-0.9536336954633285,-1.337987514680348,-0.18650840772365046,-0.9438894359550677,1.5374379284541342,-0.9192753716575827,1.527115159591521,-0.6234055142530339,-0.5583124688589984,-0.9603463682430288,1.568917223256071,-0.5639440340376747
9100,9700,-1.382427129520453,-1.1536025702153987,-1.1020948924457012,0.6143787836224236,-1.6915622975941902,1.5019372651023182,-1.3304404528092884,1.4290686579804581,-0.4403583293890967,-0.9848117844082581,-1.3241474616291722,1.227136254186665,-0.6110239226646279
9100,9800,-1.7885919588010217,-1.6494537055760357,-1.4342275964733646,0.9863493200378662,-1.692221869998662,1.4787334150499316,-1.6117722524701867,1.6413640678229562,-1.442180468593879,-0.6660332557567639,-1.1834046221958359,1.4789077485112951,-0.4433586400651916
9100,9900,-1.7448248199556442,-1.792738844056603,-1.389750051208488,0.318299577975845,-1.0808836037293883,2.072047335367902,-1.3862465749616628,1.4132306554891474,-1.2780519831081427,-0.6181437127236709,-1.6362565432584362,1.9807561431736034,-1.2960272467558904
9200,0,-0.07713803586935426,0.60446274864223,-0.6630111352855875,0.872448527095796,-0.05059394506630603,-1.3876178280482088,-0.016941383669646606,0.24200802564102952,-0.636937452362154,0.5151393179343123,-0.48388320539049584,-1.2252817278445498,0.28597619478884123
9200,100,-0.2476538800785608,0.5544501782920275,0.007381841145358215,0.2902086533809757,-0.8751305182274598,-0.7964531024905668,-0.507860308891534,1.348030514860151,-0.27050984533481715,0.2587831276583488,0.28977926740072263,-0.9869802771125815,1.5812523967314713
9200,200,0.6777630672642823,1.5330720601470225,0.24755925127797204,-0.1413218174714772,0.6108855934366086,-0.22770297514205554,0.7294356088380096,0.5282456290128439,-0.7445902202633911,-0.3529434330773917,0.3808557423809578,-0.829563984677333,1.4698139045149419
9200,300,0.9952974522118408,2.0082093469222158,0.5770303074780254,-0.9629089216429083,1.0636265587234368,-1.2303590990224706,1.281423194860657,-0.9362149270074338,-0.48049867391240264,-0.48096804582592034,0.8863793936373903,-1.4353764078098576,0.8172800291187923
9200,400,0.7703580909228093,1.2292780317785288,-0.14822592840546306,0.27915781148298013,-0.5441921418984049,-1.5702131356363442,0.9509813809938137,-0.6254465062936256,0.5554031745382846,-0.033406136069811396,0.6699493483507726,-0.6088164890021093,1.0259194876397006
9200,500,0.15286699307904428,0.7696764056251423,-0.10258513815775866,-0.02737373688672361,-0.4407048067199896,-0.8150957109734563,-0.14541424384586615,-0.5490862266897871,0.5112518011985294,0.5647619749643987,0.8461832876752349,-0.8280640078391968,0.14500740777048368
9200,600,0.885577546456933,0.9587865881858271,0.4371738500573657,0.49867476523451076,0.3544173267626316,-0.5686764422301627,0.2934407621648921,-0.890685012406877,0.9465802181996846,-0.3086558656610383,1.200497088505281,-0.36779515704571375,0.217107242295923
9200,700,1.082613809515442,0.9496678475204616,0.7374202542635607,0.365541286327971,0.9161558478106386,-0.5349924715180262,0.8231429623833284,-0.3014874250350165,0.3448231407160265,-0.46543351627346075,0.360244550718372,-0.0018748366536144106,0.36755814327545877
9200,800,-0.4061146509523469,0.005325909441303664,0.387401257574776,0.7658492125427799,-0.061022668087092245,0.413155390852248,-1.2365944261863515,1.0010212018589848,0.06698048783963871,-0.021527793226535027,-0.6749679751709683,-0.4332121509518468,-0.30004259289427704
9200,900,-0.844536627401136,-0.4251397436251071,-1.1004048996893112,1.2301210976588566,-0.35903539676938184,1.3279728374373094,-1.5936329365229658,1.1356924315228518,0.025815835709539416,-0.4196680175454797,-1.3535719636932138,-0.22508089096477973,-0.44970527518871384
9200,1000,-0.5207729983877565,-0.6378003957589633,-0.8431171724778113,0.723831274572535,-0.5711474890999765,1.544547619340877,-0.21705543858375445,0.860937069399312,-0.2614652436243175,-0.2989247530847398,-0.49564435036636234,0.9551408268378034,-0.359946896491463
9200,1100,-0.6807797048588969,-0.6651236654926606,-0.520177191583815,0.009412581366249001,-0.5458450633536349,1.4470753366318463,-0.75451018662846,1.0140948844349258,-0.8504222229778824,-0.1997620102746957,-1.3112304383593951,1.2001618024174645,-0.6323702511008441
9200,1200,-1.3782092750772668,-1.3005162397843122,-0.1563649726978749,0.6130705708293953,-0.9797183144693091,1.7307131743136355,-1.21446596232472,0.3304546525594001,-0.4431482705735309,-0.25548367375639824,-1.175683804621078,1.4829195029453914,-0.08953636013712452
9200,1300,-2.034945216946216,-1.123280549313201,-0.17611138745650834,0.6008947523074077,-1.0525393695911462,1.1908606934897823,-1.0437052846249117,-1.2564493742872325,-1.3646847549530412,-0.019234189043887767,-0.8894149086163436,1.174112439066813,-0.8537309204176299
9200,1400,-0.8474977770773922,-1.461059487890257,-0.04202637090236114,0.8876077102234224,-0.9766700999019453,1.298393289028797,-0.6193882629152274,0.7032000882205862,-0.5441121175054261,-0.7089215843921906,-0.3042241964579075,1.4515121957628576,0.0324838746863854
9200,1500,-1.0624699329099656,-0.9961558753466542,0.0864791273451773,-0.18998396614292382,0.7338458409753894,0.7683120595253469,-0.7412483428421888,0.6155956850838132,-0.32606269641844127,-0.6667312756911559,-0.1853752668078567,1.838147854906854,-0.35367394616110076
9200,1600,-1.107896679371827,-1.2325668789615414,-0.394183965004262,0.778661649349805,1.0796868934654853,0.19767082828043692,-1.385697973516349,1.4172610971833974,-0.6851897521580159,-1.1378004234696228,-0.9684653310832194,2.431994617953631,-0.015476359019990948
9200,1700,-0.951552625342618,-1.4189366348519707,-0.41709394904935265,0.6437601683052967,-0.6483344479735283,0.7362802355375798,-0.45869230727773913,0.9748427609895516,0.6576916359468571,-0.7063250536728254,-0.9101523360487198,1.8263280400153596,-1.1025833210506069
9200,1800,-0.361844636102146,-0.5173374751034246,-0.8815829404239403,0.7486164054190735,-1.086246862174707,-0.19958021845220913,-0.12326852025321129,1.20728365392045,-0.12236118899921776,-1.204897724704049,-0.4815790286936361,0.9374340889273081,-1.111452998752098
9200,1900,-0.8069630832287314,-1.2257395653034573,-0.892993040694528,1.4743321886664746,-0.8632338603751749,1.0479993740361837,-1.2090845938571069,0.5375690189433995,0.628547182462535,-0.35723013838986195,-0.2021831284403996,0.708574581703692,-0.7523796986607705
9200,2000,-1.1432303428575377,-0.5700819437080327,-0.04245636777909907,0.8851448831164725,-0.6565461769129691,0.6754394770226951,-1.6966811382695195,0.06851706248802339,0.5921584480258676,-1.0664824055906634,-1.2106533046353052,0.6327590483427675,-0.4891036437493599
9200,2100,-0.8239443259452874,-0.9292136616383408,-0.27993169464899864,1.051846033133688,-0.5426234122407001,-0.1793593800417571,-0.3278282966038333,-0.050367698046828266,1.2760410939636766,-0.5913595395786274,-0.1892747870397892,1.699122457853307,0.033505471575792534
9200,2200,0.6700822295325507,0.5945139753681223,-0.6265194423042713,0.2920685294186975,0.7072218953581495,-0.04091919610191574,0.6765728115224352,0.5990190935037075,1.0414648357934144,-0.5562878440000438,1.2453434574886177,0.6578380892502614,1.053097825609743
9200,2300,0.5702218414375636,1.1622174792705147,0.97705620594571,0.0030668237144251837,1.255859014499775,0.01708335157859115,1.0387414071401566,-0.12023296230074765,1.3078215231111365,0.14873879086441746,1.062845575707697,0.42721309350803843,1.4937944495223345
9200,2400,1.8797349537359351,-0.1662872253316951,1.0903398605082235,-1.5331706674669714,1.0483862278338343,-0.3383826569616503,1.2857330014304456,-0.6686812311086757,2.1622630498215147,-1.281186755668377,1.9791551230010298,0.44226622463624293,0.8115827214536845
9200,2500,0.8568711929817358,0.8320632751307636,0.198719373261876,-0.37203551452079503,1.1797644645489198,0.31260328369469487,0.9056040340054956,-0.991154794422714,1.3645885876695276,-0.5571079617243317,0.6548074053618427,-0.2439498479124185,1.3218914128603374
9200,2600,1.7453474009522223,-0.9243939853315082,-0.35005614734627183,0.147476064002972,0.923613166113999,-1.042124865652866,1.260587843800392,-1.3319439813310316,0.3668192828527642,-1.0472158462635621,0.6508450206689639,0.6877185182801406,0.3730205238447265
9200,2700,-1.2185408359285324,-0.7935913862787054,-1.3170839882544625,0.7263919902087743,0.005111488830963647,1.3152657855342835,-1.6207728838961706,-0.39632167414842906,0.5397678956040284,-0.7677294511489199,-1.0018764969939244,0.08945276759676411,-1.077903636083046
9200,2800,-1.2634668328792376,-1.1734136692747634,-1.6137632200066498,1.0902641743003054,-0.5192268733686235,0.44459955924175604,-0.8083435725678186,0.3489790389959495,-0.4195975920915683,-0.8210248707690192,-1.2497975008264433,0.41849624924210765,-1.7809556428918172
9200,2900,-1.4355763470823029,-1.1792341070164674,-1.0381429906195516,0.08711446378220182,-0.7391836580569652,1.0401296650144802,-0.7318358986631397,-0.5502465804637523,-1.3878300978198999,-0.1445035758305239,-1.5906427455172933,0.44861261118398066,-1.070637411462302
9200,3000,-0.3935661100742102,-0.513200690890916,-1.110307967919697,0.6246115437209574,-0.5513685768661577,0.17227674112291777,-0.8247741837824328,0.4760904589358387,-1.0408682542475105,-0.22162831927077337,-0.7043653761999927,0.3228677444374981,-1.3659301455713546
9200,3100,-0.6672077613909261,-1.3542552435479644,-1.793445096063452,-0.14167236757941196,-1.118677390272427,-0.3642651331986639,-0.6733806602322461,0.487668516568096,-1.2002937946588803,-0.8871626870275651,-0.47117312170032855,0.18684628068478148,-1.4819233430748542
9200,3200,-0.8264266687375672,-0.2761348969352296,-0.8768617361673706,-0.26755671268185954,-1.1705952066687735,0.3669376194045768,-0.8831670265908449,1.7584748604953542,-0.8493135128846944,-0.5003247276141145,-0.800372200729299,-0.5724028813164317,-1.3290628602423473
9200,3300,-1.6745426888793624,-0.7391315660790639,-1.4851109261186843,-0.6278709037048124,-1.387945976456606,1.7703532532990862,-1.374894176711685,1.8414186787064597,-1.2699826632824918,-0.5983157565125071,-1.3525470215160211,-0.4104144914678181,-1.3243387312266273
9200,3400,-1.3158911534020206,-1.1430267745420717,-1.4751539154709625,-0.7184803444084964,0.19242942561376883,1.7938619861965133,-0.5863290536442228,0.9972757509848943,-1.7924878638885642,-1.5422499194268438,-1.1924129553926486,0.9108199642833793,-1.0859042919976605
9200,3500,-0.6859728638074553,-0.656899916168782,-1.5032644290858244,0.17628836948164264,-0.5881250544489429,1.2482477703455126,-1.4663395654309226,1.5671438769038322,-0.8608221399316034,-1.522283884854967,-1.225383735156279,0.3350807806460654,-1.034787166956255
9200,3600,-0.8679432273194696,-0.3452286217838278,-0.8731480920390947,-0.7232572865211571,0.30706982676314304,1.1521635869841702,-0.9603139846596499,1.2822918236482714,-0.6952940069329582,-1.1246453438642192,-1.1293194759000897,0.9876309999019149,-1.1559921340365251
9200,3700,-0.5023814390987387,-1.1506417073905952,-1.333787595375849,-0.6427621863494091,0.2360002073130048,1.4171205927103636,-1.2494237373932917,1.3712020821956552,-0.3214009775262294,-1.2793766874801515,-0.5805823744082383,-0.08002661012757126,-0.697238517891286
9200,3800,-0.9527316714662442,-0.6794815368800554,-0.8643057043007272,0.1725137590950413,0.39634059216419926,0.9975958378993884,-0.5737687243942816,0.5943666923296368,-0.45347197229030156,-1.423521297374357,-0.380377386759954,0.4273589439281552,-1.119309125849838
9200,3900,-0.07488129459760179,0.344173872301236,-0.8553361665384082,-0.9196974052054574,-0.028971809254468663,1.2626118590901227,-0.3010459230670023,0.526338660397055,-0.7559695984484794,-0.8997129590041079,-0.2626561504329305,0.575088707480917,-1.0655077540585967
9200,4000,-0.48944522681042824,-0.3915553984563357,0.11970143558845663,-0.43753503503059166,0.8571810759939684,0.5275154649357888,-0.6195440988231248,0.5640648797926106,-1.0974735631256385,-1.2596933491923001,-0.4506434789182918,0.7432192157871658,-0.7155464786105582
9200,4100,-0.5656335729197393,-0.1835234152470186,-0.05294609313956381,-0.8805710562665281,-0.5603384590338675,0.8340242918544776,-0.6211017383655439,0.7800948775490847,-0.5263862755482926,-1.7486905968034032,-0.9262497107195544,0.021581203305393135,-0.35166686798840874
9200,4200,0.21819468882725107,-0.4044810712991618,0.43246811335951035,-1.1625027141399464,0.47775838483917593,0.7925523061780776,0.5557872784747219,0.9232328097506225,-0.15049680793025685,-1.3525602740259715,-0.5972230700489963,-0.07413025355746301,-0.2916641569183365
9200,4300,0.7534396175629521,0.5514092921375586,0.4441014466324726,-0.5631674395798739,1.1034296387634925,-0.5344824978587593,0.9826984224099271,0.21551713354790986,-0.7532540779673272,-0.638827260831826,0.630619257820151,-0.49211208695734215,0.5329846691700146
9200,4400,0.012278662223207124,1.5629435171700592,-0.08540986786191256,-0.9681136537789008,-0.030319906740420205,-0.5468039462358871,0.5972935040024677,0.15763155375244894,0.3415941750420421,-0.736817636680424,0.28391079405827746,-0.2571881770316794,1.0015067814064311
9200,4500,-0.17736766877641735,1.8074499247859817,0.3726631932844483,-1.668266378499609,0.052361294408113476,-0.9490346397522246,0.2699304227403941,-0.6411628694927183,0.665337334265428,-0.2998493922614513,0.31569496310595485,-0.35088551536209456,-0.05595298599805464
9200,4600,-0.10467165065762803,1.546220975594442,0.728139920859954,-0.899665182079498,0.8584893337709593,-0.6576023800863763,-0.6390836883288341,-0.21098386706294056,0.8471981967526193,0.06926619762636434,0.1968720159070835,-0.3391366924514076,0.6890001492077262
9200,4700,0.5547068244345784,1.53781799436676,0.800814996894555,-0.9723866040403722,1.5464421906910475,-1.0763777629855138,0.9776505172797014,0.18625802886168183,1.4568997883072037,0.8992864088710316,1.159135752883751,-0.8958652886469662,1.6063245857810413
9200,4800,0.9530213501590634,1.3497306154788484,1.386368722669213,-0.17335081928308663,1.3220360556738424,-1.4940744190454445,1.8760433915866928,-0.7618029428412948,1.505905937522389,-0.5482295349568788,2.0389424385895243,-1.368547018212423,2.176571736514859
9200,4900,1.3263178386141519,1.3606798118141585,1.2754817214443883,-0.727117160676554,1.3983839356344325,-1.331981232587065,1.729789157031599,-1.3018556558832848,1.347240985136949,0.19159282363275137,1.917180962001964,-0.6121564793460506,1.600581749933203
9200,5000,1.027731369272052,1.722957653055746,0.8681637825844811,-1.1313322485300457,1.6780364046841378,-1.1192802563169668,1.4563857513352978,-1.1483512692180162,0.7824251859940776,-0.1503008654152341,1.435572695459815,-1.7650659033421414,1.3510053492339473
9200,5100,1.7553310983263986,1.6173887740426398,1.4576816220387163,-0.9221462115711364,1.479291675932414,-0.7779587233846708,1.1061053068686886,-1.6505081016000913,0.32558914677592027,-0.19475161216439793,1.7677625568604525,-1.1193093082582697,2.42575230722063
9200,5200,1.0270419546108094,1.2713477564117504,0.5395753682088187,-0.4076969892235929,1.3310898019878312,0.08063721970501456,1.1947455795587552,-0.015818255443884502,0.041402881138238916,-0.04934359517594478,0.34648402314186627,-0.859543284874804,-0.12220749301069317
9200,5300,-0.39360657447308905,1.2054546932305512,-0.14037917741702416,-0.05521605041066462,1.2953042561928414,0.16231368966805962,-0.16745192617965302,1.1183311656935495,-0.6409646698322388,-0.6026238736313024,-0.7622654188170428,-1.3160530656858864,1.1841528755692958
9200,5400,-0.1858586852242528,-0.9414551100572393,-0.6122261264181107,0.8141564774551513,-0.2122936959833134,-0.003148835578274674,-0.5214420909221427,1.5347152059967708,-0.8066460609993935,-0.48889216251201006,-0.7529309228469095,-0.26709228206034247,-0.5538284655423903
9200,5500,-0.9210376862271925,-1.1645325041427237,-0.16948550700674203,0.24796859718782166,-0.4363068613629431,0.7860810757716828,-1.1286126391739164,0.519670907605552,-0.9760410114608473,-0.5195023668378185,-1.51808001912897,-0.5208568927965461,-0.3257620011521363
9200,5600,-0.5802260934352627,-1.214882793993997,-1.134410416665373,0.45017063144356584,-0.6493138735100097,1.2351307082826233,-0.2562053859043698,-0.02769041897667862,-0.08867479766512791,-0.24129479747193536,-1.1363703606026596,-1.8560551676388723,0.4726547943583468
9200,5700,0.5003626472079122,0.1001503410165985,0.01590240507070169,-0.4372641134095981,-0.4740639646169412,0.4047436879017185,0.47079780597594323,-0.08766086674200937,0.1757921272879016,-0.36418951383984366,-0.1902063912829713,-1.3146056768177032,0.011991584469352699
9200,5800,-0.6826796647072461,0.4121286308067331,0.09373613124215045,-1.3145261694104253,-0.8876023930137421,-0.023569323233679343,-0.9164879326191114,0.24024480520705851,-0.7054336073646456,-0.9618039904374868,-0.43186734235012564,-0.24785101746469754,0.5899275395954134
9200,5900,-0.486387424593495,-0.559763433650962,1.1620472941523927,-1.3196886087777624,-0.8004744608405713,-0.005461512333855228,-0.15798680633015383,0.18041992583346822,-0.9585925599777996,-1.247575038283282,-0.5428185849863238,-0.4148558699018589,0.4135399803886214
9200,6000,-0.6935608322117318,0.8875351768277682,1.2288590242702218,-1.2318238374321828,-0.4129199162905207,-0.8383238516155201,0.5211506540603402,1.2212984973168186,-0.07117917070607173,-1.4494959715461386,-0.7769222064682892,-1.1093164193173044,0.34888290368883224
9200,6100,0.03171403971578318,0.004867328647222593,1.3335567227375773,-1.1340393858156808,0.09611841755050513,-0.7786690403342578,0.36829488824742346,-0.677635342971912,-0.08580216207075596,-0.532555291456628,0.027517439099736578,-0.7237053595268603,-0.19685673505037843
9200,6200,0.5078696424098732,1.077384372488924,1.0760384880289438,-1.6396247706807643,-0.6582824243846589,-0.6553327434858252,1.0348493811725559,-0.4256682417650121,1.065740709255046,-1.1216038802843091,0.743167041320708,-0.853053140686125,0.14482933329751674
9200,6300,0.7926947471561242,0.7286585116716524,-0.2973193115611145,-1.1744349597937733,-0.5848764667672598,-1.3732043447279334,0.02026628950056387,-1.3046172116011168,0.8184869798494543,-1.9881900885967707,0.5529501074882148,0.14438346084301892,0.7699176158701959
9200,6400,0.2595063533750431,0.46637253993141703,1.4040398034718027,-0.8801276117962556,-0.883174912876798,-1.147765033640779,-0.009120728228495056,-0.2203448043123713,1.305796944925363,-0.9200834166528049,0.28390586942343127,-0.3023745501353481,0.7468341823721667
9200,6500,-0.3340645080719025,-0.39275480370850524,0.9208171702782689,-0.668481483891459,-1.160543652657204,-1.0072038926082765,-0.30661840750918684,1.1273146372722784,-0.035330436603558626,-1.4155427568216967,-0.2700298005162901,-0.8445234466140892,-0.3187606323773647
9200,6600,-0.45505902167407125,-0.7989785354323061,0.16813555232370875,1.2328855121234847,-1.1483890324513168,-0.7521704650317662,-0.25260753640374123,0.6131482050567026,0.4849866447705269,-0.9271694103598153,-0.002637896200296147,-0.8899461734571879,0.08167405627657137
9200,6700,-0.20115390406086467,-0.5477332380178787,-0.43880122690413026,0.8592297877553957,-1.1499859465850018,-0.6937845225310413,0.31336471188198556,0.11450547863929739,0.5237919533158916,-1.2500781915295118,-0.2226266630512566,-0.45464008898079467,-0.013266760955113381
9200,6800,-1.2507397559855133,-0.7161025143459818,0.5942910301202454,1.0970020639876616,-0.13725523833266845,0.18847241677498383,-0.058023625145791076,0.8992790603829586,-1.2307003091675572,-1.0667562222823055,-0.6936356718888397,0.7132798360765448,1.4655023785255274
9200,6900,-1.474924734554991,-1.401973142002306,0.13579944748652567,0.3012301835963619,-0.6336736976578904,0.8456704663316064,-0.4315966765881041,1.044694553831754,-1.659923819077928,-0.30500138122490283,-0.7755226927809857,0.014891864417437891,0.6412271318657533
9200,7000,-1.4842596734348448,-1.1142278430935249,1.169393576819628,-0.42234390068847744,-0.21992195761956296,0.5576739245643494,-1.7328429014313957,1.1918891411169668,-0.5168981181777437,-0.05885309281344122,-1.5450151283184241,0.1468653294077086,-0.3972397157432566
9200,7100,-1.3109412773493436,-1.2978527369303599,1.0711563425029205,0.9529371454284321,0.12158672292658396,0.44010425811009996,-1.0224020527626512,1.793849544557381,-0.3719227573943248,-0.4048693264708989,-0.7335637153247221,-0.31575675627465216,-0.26781517797402776
9200,7200,-1.4065686262785833,-1.079985191924795,0.6659002126673758,1.2357193398462158,0.05913787990032562,0.43632519784935336,-0.7717551944354131,1.3322691352237357,-0.14262198530121176,0.47478609058989635,-0.9240053777535303,-0.08070409964207077,-0.024347767943561763
9200,7300,-0.6869482906757557,-1.1675955183997595,0.6860328493693449,1.7463478551526395,-0.5056871674590526,0.1485436321514952,-1.2607033021348109,1.686735295230043,-1.1954081899961324,-0.0816106048412752,-1.249803900558922,1.046804277999568,-1.211816442120832
9200,7400,-1.26613243179038,-1.6123973189209926,-0.0693427520648753,2.0716978614189556,-1.4011543530911938,0.9725063796590091,-1.442151898972064,1.1651977119522856,-1.7669975150147665,-0.7589712990613912,-1.175168249595087,-0.08773238917448022,-0.7933326328839159
9200,7500,-1.6748771316455375,-1.2908245193179755,-0.46013177932277577,1.963461930995819,-0.47288308130103723,0.751407110688134,-1.322403712508949,0.7891654163746877,0.27324775614431374,-0.5457666072491584,-0.5281448330909119,-0.06124899540599813,-1.4728785288990935
9200,7600,-1.1773859225390646,-1.1673444293218553,-0.08049037772114827,0.6487304326491462,-0.537373854060903,0.3341121251940826,-1.4549642099155455,-0.6742784231088723,0.7217804497432043,-0.7311852520142552,-0.855030157447888,0.741697233571957,-1.5535528393292342
9200,7700,-1.5195056885490097,-0.4016062260623135,-1.4622963454406515,0.2768366321097834,-0.7668308940028383,1.064114340679848,-1.00190477899914,-0.21310478501409005,-0.42612625067000653,-0.6366558042485881,-0.9384420534733546,1.3627666602716237,-0.2367269368809872
9200,7800,-0.26156986001556004,-1.0132692382396644,-1.0140961335456362,-0.11831326870005279,-0.214980313224671,0.7994597986701056,-0.5234823751862205,0.3302425981893658,0.6872230204940488,-0.6524295495518833,-0.8180219146967622,1.4612429448707533,-0.6855115868743513
9200,7900,-0.9970601216045023,-0.8499508078744283,-0.5728307236500727,-0.5307255617835421,-0.3301640651902231,0.5680512710319844,-0.33056717499694993,-0.059194087891681506,0.1137676515193169,-1.0051287001266764,-0.4319586133891806,0.8837814518263496,0.27001838737195555
9200,8000,-0.9294156570011186,-1.1088449172455062,-1.3289883212260787,0.19174593251452476,1.0139610293030117,0.3262000252813719,-1.495855155313001,0.9700001884472869,0.1778740186014467,-1.4114987801326613,-1.6092162740638538,0.8645067836617062,-0.041092463906266856
9200,8100,-0.5650723382317662,-0.3944029554027802,-0.880278424292464,0.5816254512985912,1.4994977155102394,-1.3795027575416838,-0.426371777694262,0.8981960424484483,-0.4943379178308878,-1.1597899918111225,-1.216648049464991,1.1182994216388724,-0.12567876903195083
9200,8200,-0.3158006037094441,-0.7140017992716498,-0.5794546707425646,0.7403354063629196,0.7506315160676135,0.18926876956673755,-0.4365167840772523,-0.1872914701343392,-0.7060990318938116,-0.7632311656362943,-0.24293435468096117,-0.01790429704475307,-1.2546969241365842
9200,8300,0.0320548894624566,0.014184553296136795,-0.22325823498917124,1.1057130852115278,1.1545088048306145,0.33935186472496687,-0.27356250735934995,0.4199879490835748,0.1337969937087412,0.42169790133486496,-0.19960878757772976,0.3147322460193451,-0.9276442100812553
9200,8400,-0.48045576127227047,-0.7893830978687397,0.7083917600002277,0.04686999049687339,1.3447284010185139,0.36337089316655036,-0.4698713477069638,-0.18765641394113136,-0.027755967686777763,-0.7930432058899572,-0.7113853344062752,1.1409320175736466,-0.3825875153116074
9200,8500,-0.09178242378896431,0.29102905683068253,0.01983249212926295,2.300397981225413,0.8359492668423134,0.3387835411309831,0.2892212141785428,-0.23851394479145915,-0.5350559578193155,-0.07551441579207756,-0.1126388495070966,0.6938541035545136,0.8875095133216024
9200,8600,0.19860881743262412,0.0010901220965145936,-0.7926724884478997,0.9780234921650042,0.5622506629283182,0.8589221196005563,-0.5806518645762164,0.17709827329812602,-1.0881108630795304,-0.20585652508844904,0.5094681274187404,1.223909147878815,0.072158999641605
9200,8700,0.02410592957763283,-0.4073320850061773,0.8063040304566027,1.405746164344166,-0.05567946587992917,0.48496853741952717,1.2347228347375803,-1.2184761029563456,0.02507301812474767,0.2778595955637499,0.5292807103940866,0.46544702094389706,1.191086878755366
9200,8800,0.38938248059325065,-0.11327884892370399,1.2396110070023443,0.9684472872553547,0.47759414199347155,-0.33682356901954985,0.8038644812783157,0.2820874994119676,-0.268815698937233,0.4490817575508016,-0.49511952790312563,1.122703723783201,0.31805094741155937
9200,8900,0.09549665672282306,0.5827962465830028,1.4370711515606733,0.4527020805967299,-0.43970597594501404,-1.1334877813916786,0.6086301532562131,0.01340262384177531,-0.4456518452639422,-0.4910549865428491,0.07308308207920829,0.8826597107897062,0.21579764330105222
9200,9000,0.46368667707207156,1.1047581477356103,1.7659946635464292,0.32705296370236625,0.11740476295359766,0.37937921238824474,0.32972799516352125,0.8175132951423304,0.04854079956213063,0.028676776654587365,-0.08390097437207134,-0.05000788660113591,0.3902108577972952
9200,9100,0.642927075148521,0.339867954512016,0.730134763881704,0.767375820416344,0.033130582498261035,-0.6699759811957824,1.0386217866016012,0.5021038134964777,1.7246036508865878,-0.2554145393536178,1.2584804113397134,-0.7222536571621317,1.1658111873220518
9200,9200,1.1693395013873171,0.24154958940308177,0.8513056886356105,0.09489095165874575,0.6369676841507688,-0.7148030209278436,1.2140037124214256,0.054215680213013866,0.4062993028749946,-0.6759910188661465,0.682264236444334,0.4036628226856322,1.1285567265986567
9200,9300,0.2206446463095701,-0.35179072838377795,0.6714860417952789,-0.043157598464113135,-0.0216857692482166,1.0243664737079514,-0.35935453415955015,0.3955280671899466,0.40682749030617593,-0.5300869377820727,-0.1809149287583266,-0.691037901189583,0.7406335182715441
9200,9400,0.7004413957820784,-0.5191542223083846,-1.1420520772369946,0.13337808940665,0.18853091969639776,0.5281325132974035,-0.910857216289693,0.7952605884650081,-0.3623726297906649,-0.36483659773650046,-0.3409298488207662,-0.7482220459009147,-0.18009498363485563
9200,9500,-0.4195374011686249,-0.6174188747714695,-0.9796420917450254,-0.35241765149791765,0.2752541994378691,1.5364916981258536,-0.7571488560661818,1.559611660319612,0.7775620218033827,-0.6136699637653324,-0.7247568863603456,1.0035057959245606,-0.7030654682412264
9200,9600,-1.0908898158016072,-0.8861824754503524,-0.49521861422930535,-0.6131421415192608,-0.14990001121308463,1.1755302843742643,-0.6646160663450306,1.6896227337204877,-1.092499906386632,-0.08604962242153724,-0.8429351066237674,1.6322205359666244,-0.2694273813431334
9200,9700,-1.4677156884715448,-0.9520776167082923,-0.8254489503448708,0.9978704463625894,-0.6255208018052303,1.6103769467451305,-1.2508849443356151,0.9930797084089953,-1.57906752832913,-0.6863544218745392,-1.7841833250288184,1.2512637637058885,-0.7672054879988028
9200,9800,-1.4956094478784094,-1.7392685009144166,-1.5746467436170146,1.1332709743876186,-1.1882938541929886,2.3608602298301915,-1.9194883691076077,2.011315919278963,-1.021708745238199,-0.7886437950261582,-1.3612161830712748,1.0265062252896966,-1.1451632385464576
9200,9900,-1.4693453142054835,-1.7543289120160739,-1.4558071371556718,0.2847818171810781,-1.5750331917503995,1.4653665313364228,-1.6422883433156326,2.2471748074289133,-1.7305433360067848,-1.4824619370882552,-1.9793232638067288,1.6976882087835288,-1.2137383708717306
9300,0,-0.0919108507300515,1.1235033058033632,-0.6536988818806522,0.9778752716898083,-0.6915502567268239,-0.4042765547520025,0.46776791841226956,0.818109799970265,-0.7906691720963284,0.4656309211287413,-0.8699262043827044,-0.6158206826786763,-0.2939982467207606
9300,100,-0.16114652984686598,0.07861786299042103,0.14478429649018587,0.8846377827560516,-0.08378316926051467,-0.4525038609622795,0.2613162949462769,1.3143365428719125,-1.3358521877010052,1.1693417992841153,0.19289409972917784,-0.4440531667149921,0.8805071398733645
9300,200,0.3004652642598297,1.8384266705793237,-0.11713768791988184,0.7185008992735495,0.5982889958215798,-1.183704658877935,1.2618390015137615,-0.20077155174299977,-1.1021458943221445,0.21354212696593378,0.15091102825014133,-0.4821399430479409,0.8231254976828164
9300,300,0.7969156255815069,1.8457626371160427,0.023603882814043794,-0.1281998090037687,0.15710367988442794,-0.6631814798874486,1.4324935173204225,-1.1922403895443774,-0.07817704713816401,-0.953690234282289,1.0276619259762925,-1.3377941767576709,2.049441551608411
9300,400,0.7030256192572558,1.4883305510833282,0.24241044786558166,-0.04398776510619969,-0.5686133738116694,-1.4269757080929077,0.5141606571600766,-0.5474131462233766,0.8160578761231257,-0.033622760583794244,1.2953753217929016,-0.8378628271815073,0.6682534328451232
9300,500,0.08023577208109639,1.0170691512415442,0.4964874217404681,-0.0292965715729899,0.5207953966369032,-0.71749708235233,0.08795177832127025,-0.671610086216853,0.648160986466642,-0.06476832749349284,1.317874899335369,-0.8526349417436723,-0.07775011235680762
9300,600,0.9098370323706994,0.8794858904810146,0.8294208379834934,0.07366214539771963,0.32755024241336866,-0.6370382100530382,0.23991963263152172,-0.1761298870589926,0.8798678829490574,-0.10062212690691288,1.0807954886969977,-0.30261029786746035,0.6320410992019581
9300,700,0.5468955052846834,0.2806147991982542,1.1322269491384058,1.1422557782867642,1.190025888835716,-0.1279407821062325,0.5649281313811629,0.37134206745931014,0.535213061902496,-1.168758203900273,0.534953745050103,0.2894053746668417,0.2211021127063492
9300,800,-0.5734044887096892,-0.11168547500930327,-0.2764625854346634,1.6413789435935178,-0.6930979028026385,-0.04829452964492192,-0.5951840452035799,0.6487916673100376,0.13811090719305177,-0.33317659342460626,-0.8304179095293575,0.0013342373738092007,-0.4509798475008991
9300,900,-1.1350215956163328,-0.5150915391581484,-1.0419479751831082,0.6465923339934396,-0.5023632610934283,1.8352262818047012,-0.19251393840979894,-0.46215014021091744,-0.14604282993656217,-0.48206682924654987,-0.2655091363123293,-0.1754744104867817,0.22097833523030055
9300,1000,-0.5083866255996918,-0.4996003689026849,-1.1563240824899697,1.0409680097633467,0.7944944448024697,1.210775239857398,-0.571894831091275,0.9315116075028239,-0.43204787504050185,-0.10196073612117512,-0.43624668259334215,0.19888084007848308,-0.19047716404430828
9300,1100,-0.9405906446920576,-0.6179583616149058,-0.1735756220127329,0.4121928867107499,-0.771637284620156,1.4090582097643984,-1.498784505704225,0.727961045735305,-0.7694187089375463,-0.03366733286687115,-1.3090402221499782,1.0887239038039118,-0.8272438450758811
9300,1200,-1.5019643196036891,-1.058475969347916,-0.7897872584518989,1.2347841257631686,-0.9902290386504473,1.4278775852581729,-1.5396400681832785,-0.18725556604348273,-0.19812690163663244,-0.4654279076426444,-1.2702177606689364,1.1465776287263532,-0.2978515140139959
9300,1300,-0.5643647351907167,-0.5932151398920134,-0.49261561180774055,0.8195612570543813,-0.6110903443868336,0.63520228491101,-1.1933984385702046,0.2786422417758912,-0.8097229196871976,-1.1345590052499623,-0.7936846182682674,1.628882277879542,-0.43461577380295074
9300,1400,-0.8160081777792234,-1.4112143550303111,-0.5976222914397448,0.7832178916603234,-0.4680291465289758,0.7344082704309958,-0.1040994152224377,0.3283025089089396,-0.878572225323842,-0.6651079102409942,-0.19386681993207053,2.2707437778916986,-0.7770508342251837
9300,1500,-0.7688825254794533,-0.2792449211149739,-0.4379621238395117,1.0545993550761088,0.6205071585879164,0.6364900952472274,-0.1270392027662879,0.28385859834765076,-0.5876955954770434,-1.2214346104566045,-0.3275375011160164,0.9319439295252829,-0.401303440239812
9300,1600,-0.7422168994485805,-0.9884082188772677,-0.1978015980475267,0.5905328110446341,0.08269901210852781,0.6086087386017555,-1.1302089095723666,0.10696334834149246,-0.4130634158186531,-0.8593151882839217,-1.0289943982158702,1.5207721030612253,-0.7340445009189566
9300,1700,-0.26006529863123085,-0.9066874786035336,-0.9287120659670541,0.9360610402137558,-0.7404134395123595,1.1320489825220659,-0.6889963105780762,0.9076770299261533,-0.1633313679388987,-0.7132339180331387,-0.5650976455259498,1.3356494052993537,-0.47226411289353887
9300,1800,-0.08310194615481024,-0.3905679362654054,-0.20659107680639474,0.7456407148076011,-0.9013211774252574,-0.31817510542506894,-0.9115780842906904,1.284375573943761,0.7362458253419782,-0.4395162966274073,-0.571169094242379,2.131899650204817,-0.8211177572323036
9300,1900,-1.0797485200371073,-1.1174928223707867,-1.1884196887373129,1.8329518351262697,-0.9088980948928458,0.8109161316364656,-1.7323918479323097,0.2456526106949823,1.1572057442295653,-1.154934582340243,-0.5146447161954756,1.4510117484038894,-0.49177506952652156
9300,2000,-0.636671328525677,-1.1163253983275903,-1.0121710349906927,1.3490034230829606,-0.6350452027815758,0.8208551805905839,-0.9468858100142309,0.46682803209832874,0.5350971708959006,-0.7940551989917254,-1.1297322550536049,1.1234874167949718,-0.38392948628875606
9300,2100,-0.6393511917077,-0.8332629287667657,0.19296522139178068,1.3721655250384333,0.2589996229831398,0.5103932934122223,-0.5835020165585292,0.13383614290774454,1.7803248873308501,-0.3117243000909006,-0.773151263938608,1.9181224947994664,-0.13863223407780756
9300,2200,0.5916023114214615,0.702501858913672,0.39222465181735017,0.28548388236248323,0.1266402895145656,-0.024281806007513947,0.09312382930271886,0.2202765636324571,0.947800322962412,0.5474932707939699,-0.05178060270089626,0.5437259811726673,1.179173429506177
9300,2300,0.8083767651896514,1.039320246509259,0.6327046493003661,-0.8747205634649535,1.4305585243204113,-0.0912774016805753,0.830252457664066,-0.2834001963851768,0.5460032226040652,0.5812897907246363,1.8143567805662708,-0.2342041664994687,1.0064760055647368
9300,2400,1.6504634123623578,1.335166679766568,1.19085647689629,-0.6970621209301155,1.3058967502924268,-0.6092770445456066,0.7769316462257092,-0.2649855767995479,1.5361742317183726,-1.3312866584787477,0.6926579980919942,0.9471782950614719,1.29103375137256
9300,2500,1.2528088753077944,1.0187300097351197,0.6148464128532917,-0.8029572300913878,1.284876295210092,-0.23081345126138317,1.4575264040106732,-1.3913705926780497,0.6472485723230481,-0.7750626009028646,1.220035973153162,0.1839116416344405,1.0566869149923193
9300,2600,1.3778507535932576,-0.003547914881477042,-1.2160165320542524,-0.32784622876729136,0.8235249638138434,-0.421077901340316,1.6288354699479501,-0.4328956532296341,0.30892947376551055,-0.6149622270919418,0.28927993885651954,0.09404024663333015,-0.28549368855060564
9300,2700,-0.5705648889900959,-0.21274595504662855,-1.7741240784021806,0.8959763747023473,0.5962649610454122,0.5223445385260996,-0.5932601032849802,-0.49203379741796127,0.16572373517888045,-1.1004793321369215,-0.6544535619704638,0.5379760485987632,-0.9980558832766551
9300,2800,-1.4873221520685402,-1.1100997400413835,-1.2217824417296412,1.4450248614090957,-0.7551975689797455,1.1910089139291957,-0.8313331908294304,0.4926802546733578,0.09375865597227212,-1.1013003048056391,-1.3076832174935293,0.7189342671980836,-1.7133259390326185
9300,2900,-0.344601147520046,-1.104268399013693,-1.777473406848029,0.6705186459766619,-0.5162761243978239,0.6913585475648728,-1.4365483421236376,0.42424619332632546,-1.0132476270549853,-0.7508983671638672,-0.8001764677975144,0.08972869226247265,-1.1994753099135989
9300,3000,-0.2228946247074357,-0.2977135632404215,-1.7204231134481878,-0.8264108200237138,-0.8633734629800067,0.3325289997258981,-0.9142599888316001,0.5218117353741263,-0.5543613380079875,-0.7596344935704201,-0.832185302291913,0.20465332994167065,-1.754641278816504
9300,3100,-0.24711074919351408,-0.9562750295145643,-1.1617430039998562,0.12253878691634129,-0.6797070484955406,-0.2079999271035137,-0.7795736460901828,1.061946595908683,-1.247706312632025,-0.8580620564159226,-0.8794250322610581,0.3656163695394419,-0.3257908467398776
9300,3200,-0.9410189876591952,-0.11935268108244367,-1.2664631616723543,-0.7224669315546596,-1.4472286455021177,-0.2581744499137749,-0.7362824171344708,1.5928121673770448,-0.6382990037889521,-0.8523239467677959,-1.3439728203450538,-0.5901934107285918,-0.8825870236985819
9300,3300,-1.3845894556362854,-0.9100226132729777,-1.3914615631128622,-0.46941706432601216,-0.7185995177632062,1.173667375421381,-1.556701913272802,0.8299980453024975,-1.751307419024723,-1.006640718833878,-0.8802854413315088,0.10825783227713699,-1.06372998152429
9300,3400,-1.5001523900829712,-0.7511042414407865,-2.240391441265226,-0.7752716500720934,-1.0082159284700967,1.338721858344573,-1.6643061187547221,1.0683153900290938,-1.1226051302296975,-1.471455740837265,-1.216104265581707,-0.5315258571442878,-1.3221328550839944
9300,3500,-1.495000382090515,-0.7845335912385472,-1.4426241741580368,0.2325378859494753,-0.06409526069569277,1.2958918439014577,-1.0610571997740266,0.8103568798304935,-0.4582086304118903,-1.5432441306106974,-0.9199514399568745,0.3037571256931517,-1.566054260256451
9300,3600,-0.2162196149908807,-1.1980456789890204,-1.3759129324181378,-0.34950222566626604,0.749977515078912,1.188018490553021,-1.2987716859781253,1.2765357891393363,-0.3811768716317675,-1.2034782915762876,-0.6915456052703789,0.6285204236850608,-0.356938684128961
9300,3700,-1.092095877690039,-1.1403594840860956,-1.0761471572818664,-0.710657864402774,0.19602756038678407,0.8512325014921501,-0.962784251465576,0.2765269465029395,-1.6571391927043926,-1.3602246978959698,-0.8190876639003105,-0.22354415598935218,-1.1533198867407795
9300,3800,-0.5210436158713043,-0.45216836044375813,-1.8677607005503887,-0.27103984830837163,1.0819201894841526,1.8942588272111092,-0.7444061205437535,0.8814765088184905,-0.14563142697443213,-1.4749367076328523,-1.0535682935120334,0.38199735026229403,-1.3004788305908768
9300,3900,0.27937376563098687,0.40243293298226485,-1.0190520586594871,-0.5460473163709447,0.021997102115395177,1.0775716337040102,-0.5057293912402093,0.0316493400640798,-0.42393330830082215,-1.9106102677881307,-0.04055582031811258,1.0048159881294927,-1.0929426582401298
9300,4000,-0.5134925000380093,-0.8239669947498118,-0.31936499005360636,-0.9067634870848899,0.8432742254536846,1.4342135519743937,-0.23701738548518694,0.20083584102219784,-1.1325820527368062,-1.4268247592335703,-0.7492347491510882,0.32675071807771444,-1.0007711185621841
9300,4100,-1.2090920535693503,-0.6277659582129738,0.02944978796946378,-0.5671440726475447,0.2520051094303,1.126464917024037,-0.800611958654154,1.4199868758153074,-0.40058981982467295,-1.2847393562643803,-0.6667452660718569,-0.1543219291566278,-0.5981304793862895
9300,4200,0.4786788137766503,-0.257527405313536,-0.9551961557916124,-1.5891311731300175,0.5174246706665471,0.3460866577634626,-0.2094414012125125,0.4006774698637768,-0.7372073330592351,-0.8746743047856399,-0.7842278937119245,-0.3748294488786422,-0.3002114947133498
9300,4300,0.11891395404706619,0.58328521319843,0.2168257927170464,-1.4189092464396682,0.5815983789056614,0.3344309224983793,0.8904637248698869,-0.015775401495009087,0.010151804181161773,-1.5698065805876527,0.7250012732953329,-0.8806265999666066,0.1832161961327287
9300,4400,0.458170724361415,0.920153992544036,0.1048400241111077,-0.8215702260336122,0.7502008648055641,-0.4586773734369589,0.8788490350840737,-0.13674521215476218,-0.6979947150851515,-1.243210001674447,0.27205518975340637,-0.13802929902808506,0.245605457842623
9300,4500,-0.3399058157602193,1.858971509246533,-0.18787175963864472,-0.7826422269296052,0.5010548677516803,-0.551807967049222,-0.6750807863662893,-0.7531454926178699,0.745419615304153,-0.7125385459643178,-0.6763386189549841,-1.353237954876056,1.2572421640700624
9300,4600,-0.5145282470272906,1.1701761521990113,1.1556678962230682,-0.9482905639678025,0.8061523104184006,-1.1408525600558306,0.004725256759366442,-0.15171272763851157,1.022313710306642,-1.0155927793689763,0.23139272042471398,-0.6848383797637854,0.824653996910919
9300,4700,1.0784775094935923,2.2606060275355375,1.5987242511647526,-1.055166350038171,0.9029550530815846,-1.3178658958114984,1.2549460395194283,-0.7558998371160611,1.7000705822935789,-0.11487166410829204,0.8866187445947544,-0.6373211655151356,1.08273360772027
9300,4800,1.324626510163287,1.3758726667197754,1.0183868470823865,-1.0500266511768266,1.4642755046116633,-1.7215239114653929,1.4625005984405106,-1.0964932291169223,1.8965448224838088,0.5367942103617993,1.3057970347319416,-1.0707179334333257,1.8248291151293599
9300,4900,1.039704328710339,0.4195347529268422,1.4425955182181693,-0.31940815129288924,1.4575260400797003,-0.8126316898458585,1.9386580132734266,-0.7826642044665824,0.6861182514120853,-0.49504227909491083,1.6955223223976106,-1.4178848447240548,1.464174831307363
9300,5000,1.2289983547417498,1.078208542245728,1.0538643025355676,-0.8667005801930665,1.4245956803035207,-1.0272448407951074,2.041066984790926,-1.2122425355142692,0.8292969151697192,-0.09182975143519771,0.9207807519830543,-1.4992853444994885,1.862985874667605
9300,5100,0.31512831249888434,1.55474334172111,0.8333866531259896,-0.9777419773994916,1.1330894332453962,-0.763377228512976,0.10184654190345713,-0.7363830069103706,-0.34474143825057746,0.2319466591872772,1.378637401433082,-0.8273855986219613,2.010982779645903
9300,5200,-0.05956589617363848,1.284073044305495,0.020263936174778945,-0.6002129526527671,0.19581383831700525,-0.8038893113011515,0.8084751541103627,-0.10043676072039359,0.14416118049721433,0.11562557095818154,0.34027166484080046,-0.9981519123175512,0.40353161554943945
9300,5300,-0.18060390490073794,0.8727459884176128,-0.6561191335902559,0.47527241375900015,1.273123356541043,0.9053582062167517,-0.6216544202406065,0.9268211507502404,-1.2830101202034394,-0.3690751419843907,-0.08267725197590799,-1.2627968931105868,0.8464071101974293
9300,5400,-1.445843580717709,-0.3303697246834906,-0.738963125510393,0.9054779726781809,-0.5881175138270609,0.9011763707723889,-0.9832701036568027,-0.02595301882905329,0.259605661181631,-0.864446359333767,-1.3932970291482516,-0.6491824645099424,0.22577308116529426
9300,5500,-0.7037724907755126,-1.5426561581396077,-0.5112734133372893,0.06243011581544505,-0.22297270289579105,0.752959332645417,-0.47917578058188776,0.6217312085013612,-0.2616129502548902,-0.5400286058172284,-1.1129673805203446,-0.6016185558666248,-0.5603221271408932
9300,5600,-0.7309722299380546,-0.7752166360830903,-0.7005468705604062,-1.003215540710725,-0.819520822071103,1.047235186212636,-1.0271228660243634,-0.324609815243953,0.6149005402132212,-1.011272276605099,-0.9273283998275329,-0.9911564743624154,1.0475952470021879
9300,5700,-0.4224277422595868,0.06744270679132627,0.2558615483078098,-0.4066022344337804,-0.5322284964955193,0.09220291998537418,-0.9398969653229009,-0.5725880738191136,0.07012847745808365,-0.3823218664402337,-0.14217593626549654,-1.0752088528248032,0.6118030941222862
9300,5800,-0.06577116640679223,0.4590665929760536,-0.10320114314035511,-0.6273828958068582,-0.5672944373350259,0.8732836801281134,-0.3819499127702024,-0.18430516563250512,-0.5441428253156941,-0.9192677306311862,-0.6235320592191695,-1.4527033851790467,-0.1537927690065875
9300,5900,-1.0892989799049007,-0.6345448001571401,0.08687438087655905,-1.1984424424171505,-1.0853981941576363,1.168496145163475,-0.1681668558548865,1.3411139928615394,-0.42311366050640875,-1.1082834513934996,-0.06352655489442785,-1.0651903793818525,0.38292230061372157
9300,6000,-0.9183411658149254,1.3338594150616143,0.6371325283209054,-1.3690964404801658,-0.12182739129238576,0.09028544787307453,0.00901375394296155,1.340851545511474,-0.1518346213767424,-1.4870853561849893,-0.4120875447104397,-0.34804251685711984,0.24759728168048348
9300,6100,0.549967672488405,0.43416886873554467,1.9628101978044898,-1.3466941635616692,-0.7580095421487002,-0.9481314648714865,0.25494343835641015,0.21234738457194616,0.45121079290046034,-1.3529136739610514,0.5859530954820673,-0.26531074121828047,-0.0694635925206964
9300,6200,-0.2202220221307377,0.3435333057033412,0.22045267992714251,-0.6162641701847074,-0.36688919679217485,-0.2170890904750769,0.19787231856686804,0.8050619840904079,1.0252875209952599,-0.9938980480127263,0.7858100590415515,-1.5292599161426088,0.12082990773658933
9300,6300,-0.0797024063821283,0.7730789138218822,-0.08244798755935367,-1.0709591096486721,-0.9832510020383437,-1.1197306032021437,-0.5276968178460084,0.041069212121312156,0.8046167531996057,-1.6838181440736457,0.7490990217252361,-0.6072669054857669,0.7453326838003792
9300,6400,0.5659323310316579,0.6316501361658537,0.7575665769476132,-1.0221134611770533,-1.4567226436966036,-0.7709073848520689,-0.7826750265077839,-0.1819113625211075,1.0523827147653408,-0.9966072135790169,0.02381707834071916,-1.002816488575798,-0.11183732878756639
9300,6500,-0.6042765535922469,-0.36071388484823813,0.20101534182309352,-0.17929157277791105,-1.546120973629472,-1.0592116147193993,0.08006450622440614,1.1724665687107427,0.4856899036941736,-1.1126707015101236,-0.21303143018338788,-0.3979088941632835,-0.01962607465473707
9300,6600,0.3991375001714718,-0.9872640402154612,-0.22771240996107187,1.2043457301913716,-0.8619168429717136,-0.024680180943394293,0.0763492907147339,0.6173222253532802,0.7759799028029823,-0.6112717271666495,-0.010894108224737324,-0.18162802565599917,-0.4693062099738483
9300,6700,0.5377597157742848,-1.1187365684368717,0.22845231608070124,1.2916601152104659,-0.9885266564697691,0.14022539647907212,-0.2468486348675432,0.7667999079884192,0.04885372924614882,-0.8989463188771011,0.5907694652258422,-0.6870917890926161,0.9368110288515399
9300,6800,-0.24362487309553568,-1.3021638041546242,-0.2039360805529649,0.9803169327341731,-0.2901444984322631,1.1504955113620203,-0.577267763141198,1.120247747543859,-0.5219319765113172,-0.9781471130755012,-0.11772591403393766,0.872083241827314,0.7709831435251134
9300,6900,-0.6282351936622446,-1.0106140013207865,0.30967052827057895,1.0117591412006415,-0.8524620055807185,0.52030492081791,-1.519790980566939,0.638441475460874,-1.4050217160608447,-0.3924350870957707,-0.9856163330739124,-0.14926340785387657,-0.3738246472676384
9300,7000,-1.4420476620181693,-0.9443577302504624,0.2574978289480339,0.040076599693488625,-1.0915743687469346,0.6945104339406116,-0.9883174811943026,1.8505859153249355,-0.870784129902504,0.06744177298535098,-1.5203227876682281,0.24652086291337946,-0.3253659422229939
9300,7100,-0.6797395883406642,-1.8007184415114805,1.596228877051578,1.3225153252024957,-0.0030920170538548237,0.13511195901728712,-0.05693623591048003,2.33591551501289,-1.0892250196048012,-0.45171981296153274,-0.8553770133734685,1.0124105649714226,-0.2467783730976431
9300,7200,-0.9961744842568351,-1.247771134424155,0.6482201526897969,1.86826175902298,0.11789942287418036,0.9768402953964532,-1.6519401081262357,1.4526912497633644,-0.8483632738769121,0.1442677554965881,-0.41770555037652873,-0.04056824894354524,-0.4445792321212668
9300,7300,-1.738935869017802,-1.4061611817771789,-0.8112251064365775,1.6204350582837097,-0.30228855561113266,-0.31749477917567326,-1.328632150990653,1.571755830306433,-0.5316284216036691,-0.3082244683992552,-1.1595255929209185,0.36585247963892603,-1.5091878470788254
9300,7400,-0.5428870928424409,-1.3139699391147817,-0.5469278890818824,1.9707372154395881,-1.0159602600892703,0.4182296110547324,-0.5135385709807486,1.2760317843679125,-0.36521338478955073,-1.3146480677107575,-1.0907864701938925,-0.05773557345499294,-1.4423731974259075
9300,7500,-1.3038352471718198,-1.5014130567707415,-0.5485132131113879,2.0514301231695065,-1.336586832322069,0.7693564361923034,-1.5613159003928385,0.7574557092360945,-0.19152466262215503,-0.7642706804849442,-0.8928487582704144,0.3187446040237008,-1.228974594919826
9300,7600,-1.7384061977260563,-1.477940343535781,-0.4864898487717508,1.5926030539887084,-0.6953253306562638,0.2765266706281915,-1.3344014428520576,0.5543256486869483,0.681549501286615,-0.1018254683839388,-1.4094336362319044,1.4300987217595107,-1.788363504522249
9300,7700,-1.9745310547281576,-1.0886802227260535,-0.6297596255621477,0.829358663366357,-0.4879212765978954,1.6828769503665437,-1.478441391245965,1.2392941811218934,1.0475853467375813,-0.6887591383184578,-1.5447519783160308,1.049548713026772,-0.8019100231028597
9300,7800,-1.491019397171015,-0.7997329189078073,-0.6725088289935163,1.096771241068766,-0.9899576350594846,1.3560215007388863,-0.7264835858965243,0.6908146490090035,0.43922748322029376,-0.8525718813708009,-1.3168298145795103,1.2598142443435407,-0.8836614460497353
9300,7900,-0.7025068976125016,-0.3206608006731393,-1.1736680737528906,-0.3811793618495327,-0.5137203695428487,0.39414284142739703,-1.1297223073403924,0.27939853900424655,0.4563629804870646,-0.9781391651874162,-0.7717465529144655,1.1754778985524235,-0.3038020823174257
9300,8000,-0.9328441084534748,-0.4243149856328785,-0.6132419623281065,-0.5964931019378867,1.0791596675351833,-0.41749611270525117,-1.0934424024107852,0.9363153688727327,0.44892300079422237,-1.2269811141925262,-1.0182065527045858,0.8757637416925013,-0.13315652919230006
9300,8100,-1.2135857272256187,-0.1449667488469452,-1.5150863709730424,0.3030024755607859,0.7224119989060279,-0.6994676872919601,-1.4175150610932292,1.2053875765207824,-0.19039639087129098,-1.0723474502216563,-0.4896406755316023,0.7834161621500485,0.42129326519558236
9300,8200,-0.20517062778200693,-0.3908513894769604,-0.33496405979890237,0.656420048981268,1.2199486035844023,-0.0384656948415156,-1.0919050430283606,0.049951933211764075,-0.04836392762146331,-1.329965959470314,-0.9459923739837918,-0.3937185760399341,-1.2313237160625687
9300,8300,-1.0705343635583442,-0.4310867591318341,0.20138644743311362,0.47393249311652136,1.2417755832542194,-0.16095517731673972,-0.28947853864597156,0.2542553203957791,-0.1779744401533422,0.3943202288348624,-0.35128370773080986,0.3779709908667422,-1.361314819469591
9300,8400,-0.4758029560165737,0.037707073382719225,0.5273349927552865,0.4413412044360176,0.7068291883244522,0.09934195966816207,-0.5329670491544758,-0.06422973166114186,-0.40663509458339014,-0.255966682813313,-1.0460933949942726,1.249907493633804,-0.7784039889521833
9300,8500,0.5961429395502416,-0.2464712036772108,0.18427586063553802,0.5826904759243526,1.5460648648552529,0.2405276331892113,-0.28229973866146774,-0.27007144687919493,-0.3807310735954865,-0.4235339759436398,-0.24659816789761962,1.560280723150768,0.05951542550378089
9300,8600,-1.0157842585239532,-0.3786003025918323,0.21213102158113648,0.6686011207533293,1.0572928556447097,0.7645970388413711,0.04214514760434099,-0.3557583600033773,0.704644232259786,-0.672745424203372,-0.1750949223536717,1.105175494275131,0.5451763700055614
9300,8700,-0.7861387413678054,-0.7638540467806106,1.1950885714659831,1.238096720061114,-0.1707978840579242,0.4378885516050267,0.5484948200436043,-0.3919703473294006,-0.46596267190673624,0.4040617570800798,-0.09002446358397174,0.9923548393548985,1.793875217302246
9300,8800,1.20725135595887,-0.19768790538635958,1.2025992675612183,1.0240510325875862,-0.31439485103901843,-0.13335866716600073,0.8255402077845314,0.041655928627343866,-0.6164106680137429,0.2967684047339912,0.31450700669904397,0.9729574494153942,1.0950416181172156
9300,8900,-0.583333536800677,0.08728133389348881,0.9975329252177453,0.7792861319914738,0.7216535156536041,-1.0107252199657708,0.17289609116597002,0.8359080952886306,-0.6373101096823878,0.4026726554482623,0.3164453473239937,0.33325427638266825,0.27906353832913977
9300,9000,-0.4535378402684535,0.5754703701758951,1.6618829974149276,-0.04089247923303049,0.1467412319170584,-0.7204701223467249,0.25129804606563017,0.5890567082778051,0.281254127416196,0.028702263849696086,0.9931368582625447,0.03149319177086923,-0.044977761243895506
9300,9100,0.38563124423978407,0.6745182656645415,1.710560801163133,0.15078298934488563,-0.3815802386217353,-0.5694798573800558,0.9584556280276765,-0.07749345458699204,0.23796400104616802,-1.071800508143821,0.8822159230974965,-0.37214419665110077,0.8144173649818329
9300,9200,0.7124756924413894,0.8382009443959523,1.6514705969161811,-0.4415952995822031,0.5388461692431957,-0.016907956504119682,0.9072702854502896,0.42957836071207744,0.9824739542341984,-0.7147807405700006,0.06369682789431526,-0.4080278444394378,1.3245574407312573
9300,9300,-0.46023404162818776,-0.03531517035104112,0.037758511784378675,-0.645070519938425,-0.6305851631657691,0.018184456881744308,-0.7395974643261451,0.5573679258634754,1.4025677886077772,-0.19699459761194912,0.4329182777846049,-0.40860674490514765,-0.18093273795289821
9300,9400,-1.0260510368352442,-1.0182124744685124,0.39594539282524455,-0.49857997777571333,0.3092707258121697,0.08170696380333328,-0.8267686240986606,0.8342980671002231,0.30949510745417286,-0.6374748279039331,-1.0007495098868082,0.000848459329225083,-1.098360026161098
9300,9500,-0.7355052774646411,-0.8220705628742704,-0.38423472875415826,-0.0805385690035181,0.834494341633188,0.9935626411986405,-0.8710832255774348,1.026095945378193,0.06720401239024686,-1.2934563142356181,-0.6539562436218513,0.7520366886710466,-0.41425210350457253
9300,9600,-0.6677140885121348,-1.240369690899946,-0.39512942986388555,0.036991420724240026,-0.07649555314450976,0.5632555399920471,-0.5795683164277442,1.1675678581144229,-0.7633284440575707,-0.3347971364814083,-1.7525049192258542,1.5705330362107812,0.006435178289753338
9300,9700,-1.4164274246435038,-1.284442455518002,-0.7954527084895808,0.8430358243375871,-1.278818741633798,1.3968012100789808,-0.6956386387070042,1.4896789128676708,-0.8990780210014733,-1.0789835617963952,-1.0908671938427192,1.6059226830023816,-1.372843154200035
9300,9800,-1.3635429215163992,-0.5491420690047402,-1.3011607857626233,1.9737227157469077,-0.9547217042807227,1.7918644313224708,-1.2920554995067133,0.8230449468476022,-1.4012702921243205,-0.725647525786663,-1.47394752952247,1.2003830158553126,-1.6399652473086428
9300,9900,-1.725389271762141,-1.5164615788464628,-0.9728748656195596,1.4980083935070034,-1.4936015023168392,2.0619834366740917,-1.9614978764463245,2.3890537009477155,-0.7805102425490984,-1.3681913739072276,-1.2130780334584075,1.8774073766984432,-1.5941131902108476
9400,0,-0.40519836901671535,0.6332254866260613,-0.4469772450609952,0.28063459571768634,-0.553701841644961,0.26207685681377607,-0.221094919199269,-0.2867685688616764,-0.7012613192097388,-0.4639647457211838,-0.5077272069629521,-1.6466849621050492,0.22731867225072916
9400,100,-0.3293000146774341,0.6717731604737334,-0.48768734142396597,-0.06218436412861522,-0.06228866848425718,-0.271913926460795,-0.18678483400905452,0.8574268389719383,-0.9115721276321471,0.605470075029167,-0.9514454272380636,-1.1415156589236386,0.4037353958664229
9400,200,0.052233355725868985,1.0198152562486167,-0.4842093281157119,0.2283022159088307,0.7725952983485479,-0.7626509092860924,0.1543308437446428,0.12557873249919638,-0.660861602967524,-0.22499342586731624,0.2787899875564015,-0.9224373773435194,1.022026920227302
9400,300,0.39174849834647385,0.6664382020296972,-0.1425560781330316,1.0663048416610987,0.604402238059194,-0.7467537911868218,1.004944775210353,-1.0224026773620254,-0.2569576539050477,-0.6530702908053713,1.0816923693282396,-1.068706917237231,0.952733687481488
9400,400,1.3196584483383726,1.3460784234514194,-0.30921320360348614,-0.4416404500071643,-0.9521844179213239,-0.7455330346048316,1.0192136785527006,-0.8661020079747712,0.4357194651402466,0.9187504804239356,1.2653066765834948,-1.2049024577730436,0.8139762334940098
9400,500,0.216210240854721,0.9431809268708599,0.8174347223302889,0.4034299008813565,-0.24233759699537666,-0.6698703926531939,0.31097621801163644,-0.9076068496721491,0.29145587540533757,0.13780871626296107,0.4052118243363712,-0.2575598502443678,0.5930450836607981
9400,600,1.3842827739504189,0.7783782416067907,1.2282119857335312,0.21313416166586255,0.1929475335414744,-0.22124065952246316,0.11358201511098415,-1.0744244922007946,0.4759839806459758,-0.4313266129908038,0.8856467518740708,-0.18412107059470864,1.0620233769828449
9400,700,-0.31282697808329735,0.6904484428866258,0.8214542960289345,0.8726004384737099,0.08812783968492643,0.07770367490982323,-0.4141491923202344,0.592903267141013,0.4416043385621446,-0.3771449687573782,0.06871876286063297,-0.10309900425297712,1.121871852198678
9400,800,-0.08427320033359854,0.5907133733911416,-0.10040751038579192,1.4771282554546483,-0.3600197370360427,0.19391496983096276,-1.0186223445458518,0.6750226683377628,-0.45102831358193823,0.6841124516141271,-0.019971783237973623,-0.10371724438388494,-0.7074028878698818
9400,900,-0.6158282797575194,0.7455103138731537,-0.4617583991295217,1.001458978402762,0.8491534009222638,1.395957026092558,-0.5532697559006111,1.340283490202716,-0.6041733859039301,-0.6962823436903727,-0.49080431357149373,-0.35472929298622996,0.15857425766545194
9400,1000,0.05845542761345282,-0.6874643652440392,0.3021522928866476,1.455666426996293,-0.06348533843610797,2.1659021973496864,-0.7930510407790786,0.03803601389593335,-0.8687187780175051,1.1767653035265297,-0.421913430630466,0.3573900502610667,0.17205621247919572
9400,1100,-0.8690150707939645,-1.2167808028061864,-0.3725989231134023,-0.4040243654324285,-1.246595826229281,0.9505430583818056,-0.5209438399212105,0.6986780625472808,-0.4243357233470239,0.8666938578265377,-0.9023770279441747,0.4962361790700784,-0.3063365224771802
9400,1200,-1.5857036933230928,-0.7875571365653292,-1.0869932535333995,1.3059484031835598,-1.4126152671283787,1.512107918687478,-1.0927698803874004,0.9279530661479625,-0.32642635794474845,-0.3390165535646451,-0.5056858061341796,1.2503263067585835,-0.09486631428855767
9400,1300,-1.0357274367506637,-1.1924673913475874,-0.23756802994772702,1.3001281318560396,-1.3562274815656843,1.0111728702586251,-0.5987445605166752,-0.15559144048274376,-1.17868510974654,-0.5842269388415926,-0.9233210992804735,1.4537304822079609,-0.06745822637770132
9400,1400,0.2718196506480399,-0.9514291596573501,-0.3095197148410069,1.0522986346922434,-0.15910031705373565,1.1430017215623625,-0.29277355632275237,-0.21815278836519963,-0.705515255531702,-1.2391968113388252,-0.0976296218651517,1.749627662533536,-0.7310553664620476
9400,1500,-0.33887673230244997,-0.9061708056988423,-0.17904515654542494,1.4357886969463873,1.11570152554193,0.38374059575297487,-0.6683865819019917,-0.5631736379306971,-0.7297350601860798,-0.8274468681341741,0.03335918716822167,0.8448797301275142,-0.32350819819399207
9400,1600,-0.6104254854714287,-0.9314164768918197,-0.07287528190006248,2.11817533477398,-0.14697822420469384,0.0009456756722656656,-0.4959904929256307,0.38460042931861305,-0.5045053889312342,-0.7591955841386391,-1.0564449439449675,1.5692990690201623,-0.07236141805275861
9400,1700,-1.2379025966137853,-1.2233511959193282,-0.11630148319496639,0.7924804853054555,-0.496742521484658,0.28844600213664606,0.0638755786978235,1.7350539155351274,0.08390389568518423,-0.6023031200838019,-0.6155235599856825,0.6842626212174809,-0.39134972660817413
9400,1800,0.08706906405249337,-1.108233243197929,-0.6919960875877582,0.9996540083776259,-1.0162504439574087,0.15532838312224326,-0.3241407472243668,0.9512106241572889,0.02996612878738814,-1.0383253770717045,-0.5338528061852218,1.4434012714279856,-1.5167927736339273
9400,1900,-0.8721545967265427,-1.116912546415202,-0.2512943721466982,0.753559835526006,-1.8036360213459635,1.5644881404033792,-0.8798231188508027,0.46045038519298426,0.44285048927262355,-1.1743867231948313,-0.6296665208303777,0.893621920070047,-1.9245572343145243
9400,2000,-0.33946213790194785,-0.9058692914392661,-0.6077974876327171,0.1904594149824994,-0.43783234397650983,0.9245008663034682,-1.0521564740235776,-0.016080872180112747,0.8080900053390935,-0.494385803738863,-0.9361685792833139,0.33806815528226813,-1.4541829518602363
9400,2100,-0.30128896332686655,-0.5132636555807986,0.006479020403770157,1.8893874779607978,0.2235927636459923,1.1106735424573952,-0.4259020833797139,0.299333380884347,0.9643413276002679,0.19519778085348627,0.041287198623890936,1.2004933885767202,-0.03863626435702156
9400,2200,-0.5033201780382154,-0.31788704958729214,1.248145681348264,-0.17014896984058686,-0.01754346043397876,0.004944352402397811,-0.39035282499380586,0.7113965285491505,1.8797176538795712,0.7341067609181269,-0.13772954657524533,0.8124971105513125,0.5490977252846982
9400,2300,0.93684480907629,1.299510182521977,0.7343230767532171,-0.3371579903528139,1.1916051543427117,-0.8434410067925149,1.3157775875831386,0.1408436571158241,0.8945171672308895,-0.09215648410496555,0.8722443720158427,-0.6224546993789228,1.5518225698346022
9400,2400,1.413145557953078,1.2349718967066576,1.5878164964224137,-0.5389801564791725,1.4874331803971974,-1.33300939211606,1.2852420935737523,-0.9098515261035338,1.1876608298203235,-0.6773564023330185,1.1605711428500898,1.0566946938031654,1.3754498538328113
9400,2500,1.3661766283382955,1.3675109347857064,1.6683130632193148,-0.18176464668172745,1.1494280337108362,-0.453138135088143,1.2877931015082678,-1.4896287483001025,0.7228264347490827,-1.0344914992713945,1.4650863693451799,0.18610924459662043,1.5504485933164813
9400,2600,1.2934012361349099,0.009388274687404092,-0.23304800279087054,-0.5529309430228743,1.7801963015599944,-0.7808765436683175,1.3926982074569068,-1.186299696456364,0.6622110682263163,-0.8093615730770701,0.6038730292450304,0.4644371058080056,-0.21608566813925484
9400,2700,-0.7797334425059327,0.09753859178635912,-0.9471908062747841,0.9533823013811735,0.9544750379056802,0.854660947032417,-0.3956964058908598,-0.6947592354948353,0.6687822584109195,-1.0239315147670822,-0.15804616531438767,1.0636695509184093,-0.1739687768251074
9400,2800,-1.0704877413062035,-1.3627960791264864,-1.3733028663402052,1.1524782568483618,-0.694119584509452,0.7422137190794079,-1.2081158471659619,0.26901550152035175,-0.6339763930069453,-1.4581040878894638,-1.274308105201969,-0.4153177844521993,-1.3620925225682576
9400,2900,-0.9469211796096162,-0.5617519285189996,-0.8825858976957407,1.1645592031660985,-1.476932050705395,1.3967677702245687,-0.9880164685252176,0.7537886413867042,-1.3145011507632058,-1.3428479237317237,-0.9571772731192054,0.4673752390730697,-1.0243332012054525
9400,3000,-0.7252951072550555,-1.0208777461666354,-1.4674808832529895,0.17819610473896785,-0.9987127445997892,0.12227566576418186,-0.8021280600038034,1.618101818469896,-1.200312376049608,0.11035906171557029,-0.9359630838240763,0.6393427589721355,-1.6959054696811855
9400,3100,-1.1295697510346234,-0.8222736101682,-0.991994894833781,0.15646945776770008,-1.1296882482725332,0.05690776154136257,-0.9316555598227414,1.5175821311948086,-1.6563727032110827,-0.46620739830827046,-1.5318375356504415,0.43669507131629703,-1.667454879756634
9400,3200,-1.1117383713866476,-0.10739394432722246,-0.8853345088074461,-0.45706476666293167,-0.9865063071653559,0.27088570583787974,-0.8885550792298814,1.2740237005727504,-1.3134770283361183,-1.0322465468008728,-1.42626898486154,-0.3272402189787835,-1.781457960885485
9400,3300,-1.124951334894259,-0.8967386255779644,-1.5747583227764386,-1.3274154541779999,-0.5126822195209684,0.791939551063218,-1.3357914298196178,1.307221907158248,-2.005668920025526,-1.4895387209082418,-1.341790139539533,-0.16319846170552918,-0.9909135377930403
9400,3400,-1.3692815696220626,-1.3681550941105165,-1.0633551922755973,-0.7448907142627452,-0.7227035237840949,0.8526464327042219,-1.365582637810042,1.3347286779870056,-1.0987451027311064,-0.6753374600334927,-0.5196327651031114,0.9351867776252444,-1.0618819392580312
9400,3500,-0.9858809511168183,-0.30585644290431824,-1.2429012241295028,-1.5565796185285847,-0.5665383861192977,1.779821634972327,-1.358594577713727,1.7881881519886358,-0.5301207319116484,-1.3198221832624055,-1.33802041689334,0.7053734039915249,-1.4178790823404959
9400,3600,-1.418972749407918,-0.47309458666277115,-1.3488003835354032,-0.2549880942152972,0.0852541032663274,0.8759690412450263,-1.2988847947025834,1.7532329713257577,-1.1416673410798992,-1.0954608498787977,-0.9488692553468029,1.1701678459393452,-1.1627853886459774
9400,3700,-0.3009290256109841,-0.6566385086632591,-1.1995899228297644,-0.8832691457241012,0.8300551083138799,1.9650558932069389,-0.837789504338515,1.0928192887130974,-0.3204350536641942,-1.9509688926951683,-0.5155415457081979,-0.006227270970463234,-0.8034490415023927
9400,3800,-0.31495260579773987,-0.7052966911401111,-1.0177294387115479,-0.0383419721925134,0.562762382990571,1.0040155898759358,-0.8317271052929535,0.6627394206631455,-0.8230688925307218,-2.197784486771845,-0.3437554420383827,0.6297246620183892,-1.4809693700035025
9400,3900,-0.6715361727867081,-0.8726569152826743,-1.2581150194590998,0.37270217607817213,1.2847879403487283,0.7250893570164794,0.09146321008531234,0.9213325196651341,-0.695472669077859,-1.6700285868144489,-0.18258767693819566,0.5682004548747145,-0.5140252995079794
9400,4000,-0.3977141516426105,-1.3360812435338807,-0.1797427524179794,-0.48544990150274814,1.6968030833865386,1.3185213602423909,-0.4286328395129454,0.9406004627409366,-1.2672625744086619,-1.4595698428384651,-0.7223808381228274,0.36649022385715724,-0.6419147449083572
9400,4100,-0.49928336067176676,-0.14252546612020223,-0.7203150749716442,-0.40903058884251714,0.06349961150937196,0.770721961055985,-0.3943666509687767,0.3079803391511787,-0.9734790442062159,-1.6693067743745362,-0.5487871129764398,-0.52211891811169,-0.40543978430004884
9400,4200,-0.30304691210060153,-0.4820745023419118,-0.3160489822556012,-1.4208670859770012,0.28135810425229224,1.2880557665990797,-0.10888742433585578,-0.2886422925991027,-1.0786006869377354,-1.3455155883173795,-0.332552915118115,0.02599945715713448,0.260277621085487
9400,4300,-0.5927630880909225,-0.41975480931980474,0.11811669042150523,-1.2236347961621805,0.624190201736665,0.5402097590965681,-0.2970385681386131,0.8317899670289569,-0.24222338879896796,-0.3471822586796334,0.6624136767786518,-0.7541352598400843,-0.7008534045752355
9400,4400,1.0067853482570375,2.1565526605867387,-0.04903781634260534,-1.235716273186098,1.8706150406948563,-0.20877467270799388,0.4907464833627903,-0.37037733053458033,-0.6382297176214026,-0.8265624694169241,-0.3774964934847221,-0.5190105411112567,-0.41122569138261106
9400,4500,-0.36100226217852577,0.6223240691602667,0.5679776821500975,-1.875011671052596,0.7224693402832127,-0.1456026674603815,-0.3857751257583981,-0.3632492714819376,0.48762599687382674,-0.7007089116225231,0.09535847635791753,-0.32642245167229816,0.17802043230046152
9400,4600,-1.1633942197453981,1.9562862736654905,1.4176239317872248,-0.7985368614453179,0.7194613027942836,-0.7430696543084085,-0.36234846478027366,0.26105741881395317,0.551525544912125,-1.2016834852614917,-0.599841492950485,-0.6107948188277939,1.0465762677458914
9400,4700,0.7387366635306895,1.1629503647040231,1.2189957970073568,-0.484157052489328,0.7400463090150121,-1.3166877368264853,0.8310062603641286,-0.020854433499084616,1.799320587923928,0.08954875529543205,0.7553167586373419,-0.2856230395194583,1.2063251984025933
9400,4800,0.3125344476487417,1.681537788168182,0.8573112631952341,-0.9698771057872554,1.4217478203007243,-1.2374116715506953,0.7504355345363658,-1.331519265795705,1.255728100702818,0.22076457413596384,1.0538787581803892,-1.0768201650038864,1.2268098885064602
9400,4900,1.80032348740191,1.091560324382961,1.534786880368762,0.35419134798143176,1.344378854562629,-1.2247849415221868,1.7393467949196957,-1.0026654441509464,1.2428002755302021,0.7652570781585118,1.2225821418779608,-1.4862770724346313,1.151105530759662
9400,5000,1.5548752758468452,1.2449094936797005,0.8070972757518227,0.3267881633936584,1.8487813804305613,-0.8259746906869793,1.399336153585243,-0.8171490973195673,0.5578860300783531,0.9067806792000037,1.42025078319644,-1.4649458277547434,1.1470370135075958
9400,5100,0.797967981639299,0.4599772775884176,0.5579792691108031,-0.9928506500772646,1.5552770020515816,0.2177769202085629,0.407339798198276,-0.9901360962347115,-0.6289374780325017,0.3271683108543537,0.30685895816182507,-0.576721885426742,1.3887200730946814
9400,5200,-0.252903739047502,0.8464459994428094,-0.20515753367810255,-0.9609299210080483,1.1296322114687711,-0.13710674882175472,0.3478473222115987,-0.6711465697525077,0.06745430462508674,0.2814502041066674,0.1260878056108582,-1.060451158442579,0.7607863072311196
9400,5300,-0.21044968165924902,-0.08964974012837795,-0.32782770745401496,0.2506649554793927,0.11905433388630327,1.3046721389341305,-0.9736178269949696,0.365751577567194,-0.5475134778969135,0.12171948518858833,-0.7138828458220238,-0.797172786188656,1.1317094935602876
9400,5400,-0.6419497458520513,-0.3013917833916128,-0.6050245426879156,1.41734193323216,-0.4730575211902135,0.5538166480910768,-0.7287945331047259,0.31495402954897256,-0.8790313223205203,-1.0137146348367199,-0.6148744986636909,-0.40895317696464806,-0.28005697905700866
9400,5500,-1.1967101318006803,-0.46923829984337334,-0.7039119318401932,-0.49804714564685665,0.16578946966079294,-0.5393569369621112,-0.21619953094213681,-0.08584810726899969,0.21872489006038753,-0.6399552930865013,-0.5848840879355481,-0.6875377437800693,-1.137166274173393
9400,5600,-0.5425631302748698,-0.8504999015614754,-0.6752135324279617,-0.45910268058171866,-0.4763925911026894,1.0564834841075348,-0.22375738636170114,-0.8575150559985878,0.18849173095255653,-1.1093762231874036,-0.5625285411024257,-1.3966487140798427,-0.041894496098095854
9400,5700,-0.8073473593852853,-0.5515865192921233,-0.19961483966557664,-1.0634791373847021,-0.3197823683409243,1.2083026052855155,0.1197884801016425,-0.8855082311051884,0.7069350678975787,-0.09743779814137417,0.12993787262162687,-0.6950827568604804,0.5145089080204216
9400,5800,-0.2767075691106579,-0.3559131468053567,0.0765368754980275,-0.4551355507891858,-0.9354612121478909,0.15816758097803402,-0.5907331320349148,0.7924320169424571,-0.19622831323052642,-0.5072907672350434,-0.7390618200847786,-1.1176314121457482,-0.16613161525838252
9400,5900,-0.7577847460022011,0.05839997431380595,-0.36351250081624975,-0.6597884414480079,-0.46335869288583875,-0.037019121581407764,0.023699722034396367,0.6760292816197189,0.0645613678781747,-1.169702581838471,-0.487564694640104,-0.9311696427784872,0.48073733012495873
9400,6000,-0.2763605003052209,-0.18503322657032711,-0.16014337984789262,-0.9577829999088172,-0.7001525348751249,0.323010382186868,-0.8226969421485144,0.9895764896291892,0.8371945214263756,-0.6026944226159461,0.3546285807834418,-1.1626455511709115,0.20368694265999276
9400,6100,-0.07680128395037954,-0.21396141526677986,1.8274231915926307,-1.2148015222825168,0.30603554774340685,-0.6482015592831546,0.029876934564522256,0.7012753126155724,0.5393076727802933,-1.169711341936438,-0.026514321694741622,-0.5455197376373957,0.3595002041232411
9400,6200,0.0754156821153223,0.18725826514540858,0.6536102213914604,-0.31388004582762635,0.038149266698969383,-0.8112738639198797,0.19240346070963263,-0.08489014245314944,1.0906835982383671,-1.1990203961426376,0.32040743944868566,-1.4490675189782505,0.08259713148254984
9400,6300,0.9512636133532963,0.7929602984836961,-0.21402826503082353,-1.2811808643597795,0.20191647592116793,-1.1674252045789222,-0.9853175836651834,0.39793403537324784,0.8792787141342397,-1.2512909995986143,-0.2070121706042321,-0.09570192763154697,-0.41412227479068436
9400,6400,-0.14091703882029635,0.9984269125698996,-0.035519131279558795,-1.307739483571647,-0.9184461102014472,-0.4526771511201484,0.014160742619635179,0.08927451106599289,0.9802608277463079,-1.504448335034907,-0.6446271865426166,-1.1058001251425682,-0.18996412962610534
9400,6500,0.18626675120031175,-0.509252111082154,-0.03683127779822858,0.11766018210002728,-0.5209047316548148,-1.1258083227094662,-0.4324240771163151,1.5142731404170124,0.1723850065727559,-1.1934080170841481,-0.5677317654996497,-0.07616440759326121,0.08850589608282267
9400,6600,0.5330410880195909,-0.15316160032686277,0.048539179695125584,0.8861470754763525,-1.2347722360191873,-0.6049620589577391,0.17963820191983138,0.6639742449963969,0.3213476376480949,-1.3093485011515262,0.5203172060097581,-0.3827860537872281,0.14154223553882608
9400,6700,0.7031551223841852,-0.22274338674499722,0.41830782708566133,0.9111372022061432,-0.8761397608921219,0.05520699431728766,-0.2829840427343699,-0.44706861945640963,-0.3889106246736315,-0.5871402585752993,0.9508898448096886,-0.6000934154245351,0.4484550113615942
9400,6800,-0.7974719701889408,-0.9225906584755285,0.6054080761323789,1.0605592780701354,-0.7818681949140448,0.5856999941698604,-0.11500328007794929,0.318648674630416,-0.9488931492862216,-0.7313079039440145,-1.2508920227794031,0.07755842804509765,0.5956744535350076
9400,6900,-0.6867097649550344,-1.55080498356753,-0.8550648302835911,1.4944712826240072,-0.9414259606224077,0.9822405903579777,-1.1822883959135935,1.051590833633113,-1.217035498202482,-0.8739560623372165,-0.6957770507439823,0.6928595691452037,-0.634725242667712
9400,7000,-2.0439488460648567,-0.7935273035635144,0.19864486029879347,1.925548332181837,-0.8533324618343839,0.6090989414918331,-0.93808787410627,1.5246903772284506,-1.2516206809701333,-0.9007119885906737,-1.340211684910462,0.20174003120324055,-0.6339254857111309
9400,7100,-1.1825655478548713,-1.3795460557250327,0.6891798973086899,1.0918921545820306,-0.4568422766879485,0.35795831026477587,-1.1094286851038475,1.6596673032961387,-0.5590801550358899,-0.574870372349196,-0.7160586311479121,0.738195439414888,-0.6489024587428734
9400,7200,-0.9196769558795764,-1.8426540546795185,0.4509498829311781,1.8853594283631405,0.04464291257476111,1.0548805343743328,-1.1002570311103939,2.0816405543361145,-1.257540428773205,-0.04460915282995151,-0.7295255082759271,-0.47371274313191875,-1.3653844682841842
9400,7300,-0.6337953719474613,-2.0106867436589853,0.21876656395204133,1.7818044541955975,-0.33075662780765974,0.4814356576346725,-0.6127518245666713,1.8926218601218636,-0.5605617423045273,-0.5740394500808058,-0.7867889616468499,0.37684148809973544,-0.7705914090356474
9400,7400,-1.446424142323236,-1.8786630567043847,-0.14807775115540744,1.6202202673052748,-0.2238855920903235,0.21113412436078907,-0.8803381490203811,1.6866104674389528,-0.21903974673194038,-0.4340315140766505,-1.4653389757602022,-0.10347775673256202,-1.4719367883735004
9400,7500,-1.4171237022572478,-1.2077225381181385,-0.13539759109414165,1.2280139316899608,-0.8943677715192258,0.6197306912198218,-1.712138049239838,0.28710911424122354,-0.45103756750574614,-0.5849237390519821,-1.4478442051093694,-0.49177035586856344,-1.3074948348882762
9400,7600,-2.0510006367079425,-1.0094323995098615,-0.6065068869233495,1.4147108961734827,-1.2790007667053156,0.9547577584349848,-1.4476163565175069,1.100708309268231,-0.4157311044357286,-0.17088329170185385,-1.583097261061186,0.13789321000777308,-1.3525456590908247
9400,7700,-1.436220185296605,-0.6175606764670964,-1.0756615156934335,1.2181666454273168,-1.1322148349596963,1.2520309166125514,-1.271647001528378,1.7266535484555317,0.3252867076686958,-0.5882037516373764,-1.0705667941991706,0.9331904544162244,-1.393674315456294
9400,7800,-1.3150674391024852,-1.397495995530239,-0.7810939224986146,0.45289087475567463,-1.1963872811411587,1.6076859971408248,-0.7512424576818073,0.6182330817405844,0.35899025468406504,-1.1758908660845013,-1.1323859170703598,0.8223090221915946,-1.460551176448194
9400,7900,-1.2099997247938896,-0.4121522660108728,-1.294773351151232,0.5998785950355513,-0.20044737585119426,1.1844842804400793,-0.46396847632709226,0.39562662741892335,-0.2411857097011943,-1.4031772115723604,-1.0698868365847736,0.9290348722519526,-0.5621878506292731
9400,8000,-0.39425286498030493,-0.6490799114093844,-1.5955736867132366,-0.5713772994824426,1.320683826557447,-0.19330549079488984,-0.6430954268585292,0.29484877747858723,0.08950765921606257,-1.0069863324619475,-0.4683519132609908,0.09838603796135932,-0.9527523279330747
9400,8100,-0.2837360546068853,-0.3990579790158917,-0.9512860059967915,0.3587361422340471,0.3410567069117161,-0.9262177334261842,-0.9009755758026773,1.0379402976293972,0.015556850818835899,-0.8580934087603846,-0.24399801028907084,0.7434696258167648,-0.6331398100229709
9400,8200,-0.02773990918049657,-0.018389685645713052,-1.2697735547482951,-0.026416935068926346,0.32898063677014905,-0.1725754916550726,-1.1100188861053382,0.8087408855700109,0.13750761875603476,-1.1447657469414823,-0.5297613520141883,0.4716388170588988,-1.1971297146161841
9400,8300,-1.3662428960519153,-0.6942633572667607,-0.9688464240275678,0.8851117426768813,0.46868928120081227,0.40916375060937704,-0.8709786114332457,-0.8066219962696669,0.19341733702565317,-0.9638199052521323,-0.675705499334885,0.6712735372373688,-1.3596252173505328
9400,8400,0.08479385492631063,-0.501485946245715,0.32839408742175435,0.5380545233042139,-0.17739700776731962,-0.3591017595139235,-0.6631953312488073,-0.11121053966759709,0.12889813617180104,0.05457669915508663,-0.16473270901210663,1.1101082092885604,-1.2106968719718092
9400,8500,-0.5119184265638578,1.2394988635656352,0.14595313737753662,1.5242913046360265,0.7805175856683884,0.1627716344114513,-0.06932765974136708,0.212490235519454,-0.4928992386628803,-0.5198277207260525,-0.10137602272463206,1.4792780187234438,-0.9181738046836021
9400,8600,-0.8712851712909572,-0.342953180200927,0.6956919031221338,1.5191580136432807,1.1578862148311937,0.6868495406509033,0.26729557171693463,-0.04777704661383783,0.5647580571822459,0.5651744911794652,-0.5870100324445757,1.0438080087295023,0.06150326578725877
9400,8700,-0.6704094722773389,0.10992407707853741,0.17625442564656665,1.5722687596075702,0.6600363525306505,0.6203395737152074,0.05872694218228439,-0.4429436553362952,-0.28778258592199635,0.7630506091470519,0.2095699457379413,0.41567319883007087,0.653261419440102
9400,8800,0.8576963566630733,0.511130794249652,1.0354829129794467,1.4812522602871068,0.8336093040077327,-0.32830946432221453,-0.10883334558297131,-0.2967442416073709,0.3157208062656741,-0.3799202131346244,0.7759642706813888,0.9168600516098634,0.31882769728235205
9400,8900,0.06010216649819299,-0.22792720423272303,1.6002979642962376,0.8195431237419394,-0.37664679549471836,-0.5065303678142483,-0.5968087253021429,-0.35952462223485027,0.6030908295193015,0.4957488323628241,0.022393622285854894,1.2622409241361752,0.10780174925882974
9400,9000,0.3215073898596041,0.3151393750295656,1.6619799723385515,0.4976522491798891,-1.1205718197337715,-0.9137347957228702,0.25844459192899766,0.5560626288547341,0.6240439727295789,-0.22960175174703917,0.5533204709641141,0.6379998376342048,0.1692393455954809
9400,9100,0.6772950366805794,0.2848090521446667,1.66100826146806,0.1370510612851551,0.6786279712306222,-0.6042238356267713,0.6933356832634019,-0.3531083472431148,0.8507135835766657,-0.6999959994366581,1.4216650330037666,0.18508498605444082,1.238931333806756
9400,9200,1.0696140769106228,0.619594677286063,1.4541916461379918,-0.8064093996974389,0.5144294390094888,0.24924334828847616,0.4601797400668217,-0.5153612532750069,0.687947035338899,-0.5026296729014299,0.8974113459178351,-0.5943990546152293,0.5512954235633056
9400,9300,0.3469484888136642,-0.12637879042920064,-0.2960802001581653,-0.5743990512167024,-0.7394410502858352,-0.06605162515236997,-0.6442422511118983,0.9234769010792714,1.122241090114273,-0.48694970206666693,0.05650284067627494,0.4676727139263732,0.28052880010400694
9400,9400,-0.7823068658484269,-0.7929803793010937,0.21094585393858545,0.4253828633223461,-0.6848762559851854,0.31294441451890254,-1.0285419286144253,0.8095434353693691,-0.45622744238848634,-1.0376832941961696,-0.6535593514887644,0.7923593887578707,-0.5860340370447704
9400,9500,-0.5502826349824296,-1.2760711949467038,0.21930154984765568,0.8138289231950749,0.544186709490993,1.6874563467302066,-1.2546124654819113,0.8892193387097372,-0.1508835631424971,-1.453756732490943,-0.8108207090016347,1.67283961601267,0.12788753226669913
9400,9600,-0.6084995551253997,-0.9311277765355797,-0.9030407779854861,0.2003064749996821,-0.3376087548122954,0.2837175386509155,-1.0209603546042822,1.3374519851714415,-1.0594885978134447,-1.0153499574826355,-1.3115028399805124,1.2637868957525862,0.20377291000120779
9400,9700,-1.710253661908584,-1.5318822561361691,-0.875732313238736,0.8906214786788934,-0.8236845707781868,1.7497863539214977,-1.8659983939365141,1.6020974072457015,-1.245018447601259,-1.251039606086594,-1.013650181337251,1.896744708897603,-0.9972684663088293
9400,9800,-1.7427433570483337,-0.8056358005695587,-1.0950295277979192,1.411796888474809,-1.1930386890238862,1.5547741814303555,-1.7739148222713876,1.586553234386042,-1.1180380852533216,-0.6545182507960469,-1.2133711550950461,1.7435754825329322,-1.8604156380874612
9400,9900,-1.4636329046505065,-1.6462964849376662,-1.5661733718539732,1.1111184503279807,-1.1356917263239688,2.0563670657068265,-2.117296232430069,1.8265418254645718,-1.1098858058770864,-1.297668398437387,-1.8167830515381518,2.030040956199506,-1.5919615509784415
9500,0,-0.503633580609227,0.9761891508796137,-0.6335445493581874,0.9630147260167574,-0.647501181260643,-0.44657167121891345,-0.4786147090609848,-0.1339567657680183,-0.8922225176612818,0.12461349963361049,-0.8043581944406838,-1.1367973380215284,0.6679899029471409
9500,100,-0.10314033305152669,1.0220228194958891,-0.18562216906530773,0.7722093033155036,0.2753073171399042,-0.8715931604638422,-0.5223719797941432,0.9903945531799911,-0.42138070420497087,0.5589586952197323,-0.4941748364706261,-1.5318400228021507,-0.21638564012053402
9500,200,-0.45982238136841636,0.6545910161688224,0.4559703325794059,0.30721500083281855,0.34654291421982825,-1.2286414006481092,-0.12775585770354417,-0.13777576611151646,-0.8465281139213185,-0.05147216747387253,-0.006376132012492182,-1.1558433489584992,0.7424228742209111
9500,300,0.2712381360387582,0.10766051903378124,0.15070851428787002,1.3103577094615058,0.2464838043743443,-1.1562164940739896,0.06639451316313623,-0.32823129652803423,-0.1124229157514563,0.4431728578527196,0.8969949070253643,-1.1652059597564839,0.41014026871005294
9500,400,1.3433453563130893,1.3448885161700261,0.1829665753536676,-0.01515878374595335,0.03335221092173453,-1.688513079675886,0.5705107825538163,-0.9445026854540562,0.8978996025414162,-0.19733968630782034,1.0428295068345732,-0.23126378812509027,0.41623684146184897
9500,500,0.42405770004880194,0.5698910729853511,-0.020068029910465537,0.42307065706605007,0.5525525138413652,-0.6754196594223357,-0.4817891022603625,-1.1598162539212507,0.08077124919489606,-0.5426129715290773,0.027764122771942547,-0.566358566026477,0.17319126594741024
9500,600,0.5775364323344313,0.724351975451454,1.697244771723342,-0.6820804015963738,1.39868615766706,-0.6557474544310209,0.6016049598591853,-0.7083374546205987,0.33835343090411835,0.06730766163129838,0.9213804892227108,-0.8258061348410788,-0.0336887799847093
9500,700,-0.7275432028056459,0.018856041580057492,0.5652879743113491,-0.09892308712476157,0.24777907967121243,-0.5614172148218316,-0.10478744629737662,0.45134570905100724,-0.5259857286162021,-0.29681393339510276,-0.5703876441810799,0.12124107227125605,0.7927539911541734
9500,800,-0.43679477570107306,-0.6364417794943448,-0.9295498666591065,0.5736473209059267,-0.34252492641907284,0.7735034638303782,-0.43844774651610197,0.22766287342851432,-1.3004261848439997,-0.2657993890551232,-0.713365944063485,-0.3661784415642219,-0.5253858867707101
9500,900,-0.047919461393689224,-0.25720302564742276,-0.054467392990690436,0.5283642559303586,-0.14553184514379638,1.0498773537454669,-0.14715079745634357,0.666177359975069,-0.3306291391919268,-0.6229947284077024,-0.5113329131393647,-0.1695201316778935,-0.8081679387270442
9500,1000,-0.3192015815217555,-0.3334541718871376,-0.1522776380383525,0.6078150644786267,-0.7878466386487282,1.4178397787821535,-0.3079437894659181,1.0767629056504366,-0.7219824714512004,0.5189036964243544,-0.3167800385866953,1.2989274523930263,-0.5427685803233783
9500,1100,-0.4582211032573413,-0.6255056378000853,-1.0600832568010952,0.5705786733085082,-0.5925092985062245,2.0338279218957314,-0.2670719217663401,0.24104680094023087,0.13070638214739086,0.944413608823268,-1.029577276746997,1.3303676507196207,0.01674733743175607
9500,1200,-1.6162813524086643,-1.0459975619644137,-1.0432327989504495,0.45583635036918047,-0.11783509473010167,1.3056689291650183,-1.0348872174743151,0.06684772713952818,-1.233674008512155,0.41448523887341915,-0.9050082497774452,0.9145002463348048,0.8392720448384883
9500,1300,0.28168574844934946,-0.5446700941565804,-0.9063983614520467,1.5051596679920465,-0.26250066199162647,0.03899696148102272,-0.7853830435431449,-0.25273578029656224,-0.48348231891613747,-0.5137023445128601,-0.7723576237128155,0.9506522289580843,0.16855813065172323
9500,1400,-0.16466454051087068,-0.7489769962708722,-0.440398832742156,1.3794952149973516,-0.08147408935450323,1.5795902941706086,0.5551698701787557,-0.6034746361037953,-0.4752440875311356,-1.461819938910838,-0.01284743683427207,1.432480182206405,0.7685188135664515
9500,1500,-0.8316611794678244,-0.7630137551138375,-0.4131038454875166,0.8395716877076834,1.086689928167071,-0.3743033075580876,0.04817474159473571,-0.6023796434124997,-0.39256314034502604,-0.8270955276883614,-0.7071650778475529,1.3000609825680345,0.280198743979888
9500,1600,0.3330620759834416,-1.1552278404168799,0.09392996015783617,0.889175799330128,0.9690929797675792,-0.8769973140412326,-0.42524476599320893,0.12322711964046967,-0.10577053401638341,-1.3182748066350631,-0.3365440023556697,1.1884709802669198,0.19611903177824896
9500,1700,-0.531415849064479,-0.6035296501353555,-0.6586829374543145,0.6419435818701414,-0.3555557555066779,-0.5924539145543745,-0.22428004332551224,0.6983307418758379,0.2681518577359636,-0.33314856035829005,-0.9379861365038266,0.9151838940847713,-1.154216979426671
9500,1800,-0.6354321717794553,-1.0958788384777118,0.45868561013251163,0.8726622693037869,-1.5880247806344805,-0.24778300416559149,-0.4311787030539756,0.7414088289891922,-0.09232931655413155,-0.5077195875106878,-0.6487319822153513,1.0626358671404612,-0.8219753539645299
9500,1900,-1.304421752348311,-0.31224171890489777,-0.014331556360684762,0.8557098256815532,-1.429256299150209,1.18984740206295,-0.5292135403444563,0.03545383628112147,0.4739684579381048,-0.9953052978479955,-1.0381869167163391,0.702684011104394,-0.8829976022406881
9500,2000,-0.8408340227257807,-0.6558476447874108,-0.9192908035719781,0.6051252370509141,-0.40010822398731,1.2618618962818298,-0.5409227691510792,0.6639005144485022,0.24738527331636134,-0.7296354252705249,-1.5620871263798015,1.2601109002976851,-0.7224329839323933
9500,2100,-0.3052963502021223,0.12977417651403764,0.3471427518686806,1.2832868149335923,0.6632862667080863,-0.09132461359940469,-0.6959790929879028,0.6519485665059841,0.6387031066261634,0.6453727242410952,-0.4890913199709736,1.4559366310685609,-0.03275499710922786
9500,2200,-0.17200462555800777,0.7686050697324471,0.3603449601367517,-0.30207581838434594,0.6871278319944429,-0.19853324868377265,-0.5147845045836534,0.13927288654424505,1.1442695774754832,0.8377193544605438,0.06993507950477675,-0.09680174668518539,0.6372824692749307
9500,2300,0.9727236232115756,0.8817622858673835,0.6897631168976774,-0.5397424193197368,2.0629356283635127,-0.8689594979444125,1.4730295227276933,0.023882396460980147,0.9435252484307561,0.1407780275691889,1.6117140142790172,-0.4112023083576439,0.2938841766243483
9500,2400,1.6010012910404057,1.6333554792006109,0.9621164942142808,-0.40955353721768856,1.2537825995337355,-1.2179990851843545,1.2356441777646952,-0.6784507661360393,0.9805407604795607,-0.5675959488655606,1.4330334941394325,0.25360276600209114,1.4271758891523303
9500,2500,0.8475868261259341,1.458680217567736,0.9849927188578219,-0.41425713615535614,1.8608741542725329,-0.6688736944850262,1.5500327303483572,-0.9654898747727392,0.5353827214739545,-1.0325224889390439,1.0670458743942843,0.289040182320108,0.9905994115869518
9500,2600,0.716784481877694,0.09914440018921555,0.2413084505359605,0.2964450524330637,0.9423625447003111,-0.3569605512676407,0.547367509165922,-1.1604766835488478,1.1790088810823431,-0.6630066868045963,0.23163577215127376,0.4131686440173766,-0.4764749615961004
9500,2700,-0.006545025949517706,-0.6395698835405205,-1.1568378840626823,0.7894623937887818,-0.15792555903128733,-0.11065132691597195,-0.33552251719013165,-0.11485538148837039,0.4099070055994578,-1.1739461346139173,-0.0906243767137485,-0.1653531925815831,-0.4458027441478532
9500,2800,-1.1035507582844999,-0.9797852614602062,-2.0348626706368393,1.427740872435001,-0.0945033028607174,1.1335864838022711,-0.9557471644182535,-0.6162967636922567,-0.7606984068120234,-1.1283001564656459,-0.5680569435286716,0.8305029183347508,-1.3942810866064763
9500,2900,-1.0740750185523356,-1.2549946831114205,-2.030183937115955,0.7242661516218731,-0.7922356709900551,1.089042063811551,-1.3997597576892915,1.3628550079314938,-1.2082953077403351,-1.4777319601198162,-0.7913229647545397,0.8759084304621203,-0.9335621029504321
9500,3000,-1.0815651591115405,-0.6906450110359547,-1.0986790153019443,0.03738902976081687,-1.1674122055018594,0.3561364442935974,-1.1261266462836823,0.763964290051016,-1.233352980074732,-0.3752101551890967,-0.7772835350618917,1.1712440815875915,-1.1626572917668132
9500,3100,-0.737004654513277,-0.33432341036375823,-0.9482647678742018,-0.2882623194309348,-1.0162262408076936,-0.48615400957055876,-1.2439153472036568,1.4316044482864712,-1.3032453492280938,-0.45119303381050474,-1.2773190319203265,1.204429746056715,-1.514707383590186
9500,3200,-1.2163430809084435,-0.09435336560583309,-1.5979276278792696,-0.49032797903913355,-1.366916686580258,0.24233072723641497,-1.266372459427174,1.5846671594673485,-1.0520969027644105,-0.7836188217399549,-0.978202755525647,0.32359799475820145,-0.8135151137527238
9500,3300,-1.3883148402529386,-1.161914712353548,-0.8697214519983514,-1.3786546184596276,-1.0619420536766202,0.9861460473554141,-0.8244007040769632,1.3685701124419236,-1.128758294889017,-1.0303272342171812,-1.721891769791206,-0.022134485358521607,-1.005424352618725
9500,3400,-1.06104734048785,-0.8460261068154555,-1.092724709367594,-0.4658634420180542,-1.1145272960570882,1.3123817410908367,-1.6236418754965483,1.5857514634717802,-1.4948822223823222,-1.4614248925082964,-1.2839503516981703,0.24320177951827304,-1.2874901953893965
9500,3500,-1.1233238332218796,-1.2247628790395875,-1.849983071590174,-0.8481764695358412,-0.20679355542354902,1.8343107475011946,-1.3409830798880662,2.0909401126833416,-0.6804842492128934,-1.7476709812595226,-1.5223476344613054,0.9281349547551532,-1.3204778669827069
9500,3600,-1.2555721514203944,-1.1944147058272576,-1.2898877973535374,-0.21206648127729608,-0.2099294234751681,0.9940623881013687,-0.8019779442150293,1.8727916834060447,-0.690707374377069,-1.3221616044033313,-1.68962163121762,1.0304792880364255,-1.25739879438887
9500,3700,-0.6867817275992635,-0.18730503310542473,-1.1322433210792984,-0.6120566811355708,0.6894401339507891,1.4413919357155387,-1.2573006490934135,1.1712278738901352,-1.2711360559985447,-1.797701547098223,-0.5871393099233133,0.7499879486801722,0.22668381627288542
9500,3800,-0.1961629957000384,-1.2589182475954868,-0.5838689859347347,-0.19333186880201883,1.0269300841415547,0.68641460335873,-0.4561163074645716,1.515938502152521,-0.6308329308273891,-1.2886501404026163,-0.41476915301956707,0.7929311401356829,-1.3451125460926097
9500,3900,-0.35664671462126635,-0.4435411562940727,-1.463552859855445,-0.9308163303743955,0.7857247913568752,1.8418140811722996,-1.21390680639902,0.3550844631275567,-1.0948544488878444,-1.6118418316064,-0.25441721719141097,0.6765082504676121,-1.0775806307347553
9500,4000,-0.09795424769088723,-0.4300475770314088,-0.15796045130184175,-0.614124397077603,1.3092620291595478,1.6540353184972896,-0.2771799733725985,0.7346883290486135,-1.2961693133108825,-1.3309506667096527,-0.6138591505211825,0.6932144825314235,-0.35721744568930447
9500,4100,-0.766858492132292,-0.03928735768699234,-1.049225084291902,-0.22808135996690862,1.1938829657123775,1.4961878629386196,-0.28882958851175017,0.7614180442040133,-1.2966538123491844,-1.5851878523883367,-1.0383053130576474,-0.5139802098193843,0.04277913745293998
9500,4200,-0.31883470393519786,0.2529113137714838,-0.22899293920423977,-1.1216043238176745,0.8698421175413387,0.5027090261033788,-0.3896971490666278,0.7057533899400396,-1.0712410462758473,-1.5520360467564618,-0.860038630073693,0.6548183258727195,-0.16847499943092956
9500,4300,0.915730333756051,0.09354352128444028,-0.30505678362289906,-0.9879075094303199,2.5492401643198717,-0.2515987942744048,-0.08796530747674614,-0.02884167628594205,-0.6116918334755382,-0.8716983197093938,0.42985370430874703,-0.2679818133854458,-0.46834131215038605
9500,4400,0.27541854859337883,0.98551712917105,0.6850371472029873,-1.4271183190185932,1.8993169082241317,0.2938227088217801,0.6437492809705035,-0.2720974192427791,-1.0449582364497831,-1.309014887258991,0.11605839470680508,-0.4182060464852129,0.17227579655424088
9500,4500,-0.6492247521163604,1.2418471988212125,0.46520693312306755,-1.0919960903423553,0.6616165737806766,-0.5255803164706606,-0.8527446034699087,-0.7520455752893532,0.5341114767855358,-0.8254817621925549,-0.34954589054161395,-0.8535574126515683,0.2992890534863588
9500,4600,0.024203302696855136,1.5044200030441466,1.1917199892021535,-0.6334186009124548,0.9796256942927404,-0.3693754743802069,0.41380437050655605,-0.3057892907239443,0.873073098567515,-1.6603153594104931,-0.408300879829824,-0.873500559211201,0.9723246028238991
9500,4700,0.7397082827927894,1.6068456957011963,0.8871921914995519,-1.1438816600043697,1.4553427705290627,-1.0928548652509988,-0.02531365708375439,-0.0838812668794063,1.5612809100842207,-0.3841893388289349,1.1176613291543087,-0.7607584768186995,1.3802569568001652
9500,4800,0.7314171611665283,1.199919449442774,1.761503659749545,-1.361797573274103,1.145742785558144,-1.4903075407568207,1.7755149485166026,-1.1101064312525013,1.3909067564718838,0.59372794663849,1.257350625297551,-1.0074146018717782,1.567832274820517
9500,4900,1.323440512243922,1.27743871165314,1.14464605559641,-0.5204245208683943,1.4793699605272876,-0.9327026595814851,1.1690524066703554,-1.1856309005346362,0.44044537449202575,0.21665554699595183,0.9530257362569278,-1.2578708697750949,1.1095262495865612
9500,5000,0.6889132703816937,1.4874018527891428,1.0604877450167387,-0.013198549765162703,1.3004307838754618,-0.8409904664966401,1.1359640326168,-0.4179099594818158,0.5493831201872037,0.9891495758270935,1.0554021910938853,-1.2452001805478243,1.1354316386591885
9500,5100,0.2802675720116219,1.309356581931868,0.6510036815672002,-0.10953229649358158,0.7363153467638069,0.35175714384424334,0.7023208596443926,-0.7514418910240223,-0.514976269643053,0.4269374296523203,1.2160156884787436,-1.5551881295674208,1.4459055591932528
9500,5200,-0.3928221938077807,1.3045455224208633,-0.2531729802261799,-0.43454311183836075,1.2047418704579418,0.9996344843590622,-0.5109519493200251,-0.5493282490288564,-0.547197497114847,0.26596449811617257,0.564735350908067,-1.4854664863577915,0.9443190113540293
9500,5300,-1.147834270198352,-0.8419787689350408,-0.20760351926092435,0.5461444919458294,-0.028426769561221407,1.0797815954662318,-1.0448026566094806,0.33064966555018815,-0.27993589819220693,-0.16766049086833204,-0.9048902835280478,-0.9246205354472649,-0.19711089567293957
9500,5400,-0.8780933619888737,-0.0013547102162019872,-1.0389085032772607,0.7514330202226751,-0.6620767369973563,1.4913426773468403,-1.2759306048407892,-0.723454774299201,-0.31211370173643105,-1.190611220262738,-0.46806203884025066,-0.593640478569727,-0.5505593084710746
9500,5500,-0.051927317636630124,-0.8605722227177202,-0.6587496459463886,0.4187675328529394,-1.0896866763392363,1.0323028181603102,0.2607283850809147,0.1884604566742363,0.02162535237056006,-0.3215660692803726,-0.05375922968643524,-0.9452096446887728,-0.9374703132278323
9500,5600,0.48029700465159886,-0.10096446345407739,-0.7131479805972695,-0.304167005233474,-0.4329822497778278,0.5426112036610449,-0.5281973437103784,-0.8248372564364852,-0.4172444974961149,-0.9544015603200833,0.025296255853712816,-0.4348530055008644,0.41012218406741946
9500,5700,-0.3351889541615094,-0.3704135222373123,0.12703231829207345,-0.6818319295383506,-0.9217226395736436,0.9145559032284363,0.1922252615353897,-0.8553678288533212,0.9649323878300605,-0.49159488733172485,0.2605221063485737,-0.6130007672237144,0.45560621968239234
9500,5800,-1.1114190022635397,0.057420661288668934,-0.5115284213531237,-0.519478526182274,-1.3498891344706208,1.6000907151855852,-0.39693745446728834,-0.43387230562364804,-0.19250743555206204,-0.6534886452319936,-1.067308221070817,-0.754497865647016,0.0449456702977942
9500,5900,-0.5076339450224165,-0.007516493055474789,-1.314212407391768,-0.32660115122928884,-0.24109993577505884,0.746038205111968,-0.44544203849056635,0.4690441410817689,0.1932920298467515,-0.9223875205974151,-0.04910272534954842,-0.7784572722840769,0.7791185993549833
9500,6000,0.0352477771444886,0.28414364522408203,1.0639479240004726,-0.9416882023475118,-0.6535987564848282,0.876632102379316,0.0436739125276463,0.299527115310921,0.3864702494069435,-0.7155875155583941,-0.3307208160440941,-1.3302471488492942,0.47727016441753267
9500,6100,-0.19207580547133699,-0.483527989089982,1.1420507617957367,-0.5478885961734875,0.6254800900920405,-0.11185749188209809,-0.43373990051393335,0.9221670514850561,1.1905885314292652,-1.5589662995897176,-0.2658491998912316,-0.4667399424928711,0.38014706980687346
9500,6200,0.5702725378627514,-0.29358311504819495,0.5704655923302985,-1.167495217533389,0.210612580126213,-0.907266827334092,-0.7788319584511784,0.0031380396830677404,0.9800423578750542,-1.1393248291511255,-1.0948157351668037,-0.9007192526254628,0.2668549034049895
9500,6300,-0.4797353851603371,0.6916992500086121,-0.14994341775900824,-0.42209226761651986,-0.4976693010140368,-0.42659486862279994,-0.9012061274714569,0.8434376825343138,0.6651136698435905,-1.4200968418915558,-0.23194512811102055,-0.6010560875293376,-0.5897502870711632
9500,6400,-0.3475550360915294,0.05213376580595409,-0.3099414493205065,-0.3468828530045319,-1.3285839467790745,-0.45085461522168446,-0.37718025003708927,1.2336101009864817,0.7845719129625583,-1.6479260158231042,-0.41052534480204833,-0.08738184542713509,-0.2163631403185093
9500,6500,-0.6282294366362678,-0.7867786321745658,0.2756593809661043,-0.02464716387597076,-1.209266924508311,-0.6888133688855225,-0.6818013501990441,0.9314414425149481,0.3880000090209915,-1.0951103924283145,-0.1032987688171255,-0.33817629829288537,-0.3229299773906701
9500,6600,0.9974606438156839,-0.40771692771498014,-0.04087512399076579,0.32027944067360997,-1.1580670103054194,-0.6016555278427584,-0.2507669823613325,0.40581520892331274,0.5646415733259553,-0.1275450876382648,0.9384631687387215,0.059364357107022155,0.9982920289604365
9500,6700,0.10089675337236688,-0.7725528597567931,1.0931093414294377,0.49150281011988955,-0.8966601275419919,-0.6572975223983897,0.8074527189900192,0.4196503113744753,0.714333000378394,-0.25387382476521553,0.7956088700900148,-1.3251203429636944,0.475929755507968
9500,6800,-0.41694720849486067,-0.6696919116716179,0.6891623390042861,0.943039558361856,-0.6831860665978218,0.31680832863144814,-0.3174858551331297,1.600278306717051,-0.5595162211234695,-0.4382945784921145,0.058795264922188284,0.6207955055295644,0.43975636608897056
9500,6900,-1.4967630977851618,-1.7356204700268487,0.4517748528374046,1.5854215088319803,-0.8687912100211681,0.19082037853652864,-1.605428689154739,1.6233172132273197,-1.429015828480387,-0.6787261624577878,-1.4417328431218923,0.36405791354855965,-0.5089456223522036
9500,7000,-1.1337052296358652,-1.0421401401752954,0.12251700985221722,1.5286187783653373,-0.4892483716217391,1.0426109033242925,-1.0320089665916317,1.6502557676109588,-0.5361668289478524,-0.4796578758954944,-0.8035547800801455,0.47373797317780136,-0.506892942512682
9500,7100,-1.109290541587313,-1.2258416932050165,0.18951118233773645,1.549286014566162,-0.9549202017340234,0.5558046055411684,-1.170969024977098,2.124303827520609,0.04547323710406338,-0.595569451668531,-1.0945122514944037,0.46212058886203033,-1.0183212042291256
9500,7200,-1.1888568320567465,-0.7396421834121297,-0.14341202016298255,1.6564472331222702,-0.822918795349703,1.312375160985098,-0.921831392004379,1.7871774107833704,-1.039645685405616,-0.3887743760891992,-1.195681615354557,-0.6049936007232463,-0.39950179399229485
9500,7300,-1.0128275755416223,-1.6934123842921132,-0.28469450945670405,1.8994689506505569,-0.9064423486939189,0.7729555967548627,-1.2113820372273634,1.4056459538716684,-0.5880366802252206,-1.302453382437374,-1.4287022709396346,0.00176272452589541,-0.9627182608900848
9500,7400,-1.1383260565387607,-1.7108574137801216,-0.5705145329419892,1.7501860378005092,-0.1498857390427922,0.30118755710828365,-1.1770836129174398,1.6540862150011368,-0.28615975071957195,-0.4705955770905281,-1.110592161084508,-0.8266661796518273,-1.1600328158263769
9500,7500,-1.0613568077996878,-1.51858780823149,-0.6376413665397419,1.7657594100039085,-0.6396056625997222,0.8599323238935398,-1.571188732874983,0.557797721991155,-0.6749561797530803,-1.0315557052176105,-1.1578787674331528,-0.34986633754434865,-0.8869707343003799
9500,7600,-1.0862042196886978,-1.368292474255924,-0.6151986786174507,1.8048623131138206,-0.8038320064925414,0.3238701645555508,-1.3000169124951602,0.721253566583321,0.16745291021257389,-0.4785971054356647,-0.8110461428639064,-0.8314080520351067,-1.2868757295693465
9500,7700,-0.988540696921265,-0.6634792803705162,-1.537344465582315,1.0171915128034277,-1.4314193502905053,1.9354272391254896,-1.4750945201463845,0.43799537270018174,0.11639839573181589,-1.3617568443664836,-1.6234088905266528,0.565742486241974,-0.8542457192065342
9500,7800,-0.5214984656280477,-0.5133045999121716,-0.048010842604801915,0.16709380985399752,-1.0818749177131675,1.1406532645670309,-1.271605779077129,1.1087295878376824,0.1865092307147541,-2.106925507865157,-0.757165614551892,0.2654562571445162,-0.8805643619578745
9500,7900,-0.699128139512422,-0.8139924964806108,-0.8393694518554352,0.02387802865744094,-0.8744624872045419,1.0308861358415637,-0.5011455606265153,0.3937390202859745,-0.40215733323427716,-1.3550191675203933,-1.273162425505033,0.5329230234088544,-1.342380878374415
9500,8000,-0.7651740254466585,0.3500190296845392,-1.4843702349813235,-0.13099920032900084,0.43734064825752755,-0.1632159848784816,-0.5893890716233829,0.2294959342948557,-0.26769620583482756,-1.2869342135528001,-0.4625261669201018,-0.18496807269103954,-0.5005070398403817
9500,8100,-0.02285396494978671,-0.009323502178154577,-1.1133240785719627,1.3339584601569452,0.36499281484540225,-0.5092879582856347,-0.9277683059470749,0.9067169487930642,0.3435875164132119,-1.7364965596346436,-0.6241560412000123,-0.01512807651326833,-0.3252287388516554
9500,8200,-0.27293106211126383,-0.4160148490796111,-0.9591508145646008,-0.5499673474799187,0.7326868198634563,0.06423733540156609,-0.09999780479784777,0.8761349755955916,-0.013926906771552252,-0.8626026601809978,-0.2259458531424111,0.8907961410528529,-1.0883502151573725
9500,8300,-0.8779684816390517,-0.016170708321586836,-0.7210632531250964,0.910794541071734,-0.056880582645643336,-0.28839417910074616,-0.6495922512561814,0.24815131257547657,-0.2367190906235647,-0.69209374767816,-0.856369313530872,1.2460023794273027,-1.2555425229422263
9500,8400,0.014551184966108936,-0.08505806268148482,-0.2142569293126104,0.5379804448916973,-0.2454090699916845,-0.4776096507244119,0.2501423159022863,-0.8431500922852033,-0.12882842663015756,0.46275824867741705,-0.2775279392383439,1.9268396483496628,-1.5998479086130246
9500,8500,-0.07050585365063192,1.2206381423058186,-0.42156602212722166,1.360031202991925,0.15494299728549782,0.11899982769481102,-0.5414008250122888,-0.5374541297081303,-0.7103720002126032,-0.8614075900687698,-0.14307211574923442,1.5094356353180753,-0.36559640487734046
9500,8600,-1.0547291619982488,0.05778356042175997,0.41866051044828884,0.48442808493601064,0.6841007940561965,-1.0366482115025768,-0.3434624446046204,-0.1847362327512093,0.5721023801710781,-0.06775679983599561,-0.43266273440424546,0.5136497642094292,0.007870127059090947
9500,8700,-0.8917930249695517,1.1395862928980969,0.574464188045467,1.2127602686144372,0.11317183779321459,-0.14681477961959238,0.4046397561080143,-0.6762031675395167,-0.05490279365264193,0.18203719178553393,-0.9696620482262149,0.7169249472038347,0.04281402656682946
9500,8800,0.36546856409339024,0.7913319764680482,0.7756445104915373,0.7089386420676898,0.5310345609945398,-0.3041981851822475,0.6976449209665772,0.12131988304492952,-0.4401869931272603,-0.19375678995402099,0.7892937586288596,0.4309054226033967,0.280680385825443
9500,8900,-0.2837973270158167,0.36870561646793554,0.7076889338674874,1.1805776315641872,-0.08759418367247505,-0.01766509335352369,0.292474547614976,-0.5171732012136963,1.267680461075896,0.5633820259568564,0.7430239474096355,1.2987014518191051,0.17607462072255736
9500,9000,0.8217404259835245,0.31253080697749175,1.6388193606741304,-0.1068826025545006,-0.34965937745168063,-0.2586661930978859,0.5565366111885414,-0.14883058434530863,0.1456389395848791,0.11665890508336599,0.7584557825803212,-0.5319278172113434,-0.25415819680582274
9500,9100,1.4140706715171107,0.9712379416662152,1.2363282767847372,-0.43701002689015533,0.1976376520997142,-1.0118145785839712,0.9565439375399875,0.08481131217580118,0.5205799460732249,0.06089754708092415,1.0446741816061225,-0.4426866658336933,0.5085880016966888
9500,9200,0.7959599951055049,0.6803757488603401,1.2474457643335972,-0.733680891833764,1.0777358164015263,-0.3283530206115631,0.4481446966050968,-0.3686138096867045,0.2961660754132443,-0.0622262363375365,0.7137776900396738,-0.6036611862207502,-0.06931706403980421
9500,9300,-0.7480578576101058,-0.26875935361225844,0.7118154339827135,-0.4836041780643808,0.2127951037985284,-0.20744408660944574,-0.24874725022982458,0.7714684450083745,0.18264611612060125,-0.9192738518796322,0.04129641566350646,-0.5218251964946676,-0.587784690764501
9500,9400,-0.4377060985206321,-1.044326913439634,-0.27140788094679696,1.178752192315947,-0.22917657149579554,0.7050600605275644,-1.1792281344346711,0.573754578949723,0.8275877847147873,-1.1391369746151903,-1.0792674401460198,0.914967605496413,-0.16493816845023385
9500,9500,-0.8964327873715763,-0.9981688622467237,-0.7348723054216812,0.3808423307464433,-0.12283255562488463,0.9483871722378298,-1.4463111883407818,-0.0489017445998163,-0.284619208313377,-1.6141360485747067,-0.9358830908732196,1.964137829451397,-0.8444406521695859
9500,9600,-0.8684531055496737,-0.8073447133334287,-0.7588267330882313,1.1219804373134978,-0.35361158523057673,1.174686955411839,-1.0495003080620033,1.252685786680881,-0.4971019211492185,-0.8002603706524795,-1.5228915365881988,1.9301349423337868,0.002228314857275781
9500,9700,-0.9088385452097612,-0.854261877819221,-1.0132269880886384,0.986751252902067,-1.0771574167384756,0.7525323197601025,-0.9727897872371152,1.4798971150039635,-0.9639774557112052,-0.7401853915822953,-1.6732123309352442,1.6090491700383747,-1.1698445393834693
9500,9800,-1.462181864327881,-0.8160126154351538,-1.1681856455525463,1.5569986585183802,-1.4069286864426647,2.395509219457248,-1.3052042547815454,1.4249803581945308,-1.7818953172756054,-0.6233983950241883,-1.0433272898386237,1.1684585432190602,-1.864189720480014
9500,9900,-1.2059098352171516,-1.927538395735789,-1.8606808943874773,1.6300309926360195,-1.7229466945266165,1.9866294298765883,-1.7144851061655348,1.6899716601193346,-0.8768193094674237,-0.33628924860523196,-1.5817395624906754,1.4715247074667008,-1.3138408325974213
9600,0,-1.2428527801637383,0.9637652302142705,-0.7816868648364359,0.6976488474700241,-1.0718040771841184,-0.9758126501430096,-0.8199982459965843,0.6260039367536794,-0.7407462808389828,-0.12240036778168888,-1.0948239406808384,-1.0662247208472229,0.9363913160162597
9600,100,-1.1631713475231404,0.09640831916384074,-0.93287966280792,0.974377936642958,-0.3387148448667861,-0.9300788489190229,-0.811752524501059,0.7339407757393306,-1.2322691966410584,0.3693417962597736,-0.021789379500616133,-0.5579501847781311,-0.814421634374348
9600,200,0.08034054549182089,0.6279346501548466,-0.10858554215252017,0.8533083129284726,-0.36313698066331385,-1.2620380108212288,-0.5923041269085216,-0.032028217809303906,-1.159902018533172,0.03487207223826925,-0.017278206918469645,-1.302094734206413,-0.0759885344190463
9600,300,-0.0406496362980905,-0.21844607485523768,-0.3493696386439542,1.1005884189287776,0.22563970272663847,-1.946545422587418,-0.5059364135953363,0.3889426650540405,0.10998139373968215,-0.2944796971107975,-0.48567309408843723,-0.9942870071245054,-0.35715294545259274
9600,400,0.7916637285136878,1.7740034020368125,1.2614446453972767,0.07988613682746225,0.7257495499811134,-1.607131029953485,1.0994897397834804,0.05216608460888115,0.1925902930723442,0.48749602913040263,0.1803576278543262,0.002152181524039395,0.11717103220982525
9600,500,0.40337321517059294,0.7011390048708812,1.0459558182383244,0.3874547399317033,0.6923151508396531,-1.0219182669772933,-0.23377052671929094,-0.32609777221857106,-0.6799600472959679,0.9396379191339713,-0.2811155404984749,-0.4057463819313616,0.08278248605875127
9600,600,0.8491252963234996,0.7827742137216592,0.8217671360268337,-0.19657275571140165,0.9379433066788108,-0.682616022065151,0.48374319188127246,-0.7113964550657867,0.8047800339286361,0.460292558199559,0.5759230656410637,-0.1147456911050068,-0.05638419187837917
9600,700,-0.6448228047012178,-0.5589927043742982,0.9205308595908381,-0.40494609499689144,-0.16271565057819753,-0.20375979189960575,-0.8875255905525937,0.2315358664609646,-0.8438308957632009,0.14979285755643704,-0.06319186197628222,-0.5488165024689875,0.06357014487696996
9600,800,-0.8261952869218073,-1.0867238611136072,-0.20362616019198637,1.0135059696061541,-0.6684849755601623,1.3458115630061087,-0.8636767551913576,0.3617711280883681,-1.0693770175855204,-0.05876677126393212,-0.039598610175425916,-0.195381357104132,-0.4380316373516679
9600,900,-0.3488885809104212,0.40268888834175676,0.5792176680504356,1.5901895439038252,-0.36198671306229263,1.6373206090531776,-0.4747207747186946,0.4400665094719225,-0.9022724677457858,-0.28304924212023264,-0.43641098356357616,0.23990017439418368,-0.47542515275249747
9600,1000,-0.3941971096889732,-0.956441089263404,0.09442862071485121,0.7119264301458051,-0.8415003607219517,1.6707751652337075,-0.2412340676732519,-0.3238842450697057,-0.44627354039764844,0.8683381088854917,0.26622205321905035,0.9784633093576277,0.4311838023337435
9600,1100,0.2235559512002717,-0.018914661885100544,0.023081344023548264,-0.18573781078031934,0.2048077608645613,1.128110335316029,-0.7296663741165226,-0.22633985384583302,-0.5267057404807095,0.6017769083417186,-0.4007324443666134,0.6035893318509727,-0.44493657378690354
9600,1200,-0.5905831260053344,-1.0544970406885477,-0.32010212670018967,1.3558456099916194,-0.09034364407473654,1.4942169102480238,-1.1016086835674777,0.201065986316405,0.06194571679585618,-0.030927698036015076,-0.903829089358902,1.7327389104939965,0.23689761952997204
9600,1300,-0.0943377730467241,-0.47720045625733454,-1.0062628228879391,2.0956367087080987,0.6496998890840857,0.8087078506644856,-0.17260563810591345,-0.3069390256964747,-0.6448096372681672,-0.44118194338547967,-0.4470086880743612,1.76918392044321,-0.15875657952967626
9600,1400,-0.42150641476215184,-1.4654082146004652,-0.577909839601175,0.9833696399771866,0.7606308537388972,0.44940705851511636,0.3504691652287478,-1.7535219778092241,-0.35940625483633154,-0.49985866619743724,0.34127391106948257,1.3808647150762507,0.12293129454355686
9600,1500,-0.2966095368556262,-0.7156523687953367,0.1371234761782119,1.7541321781035286,0.5047977898725543,-0.27027997363510736,-0.37720778007497374,0.34055898389983835,-0.2859681206363502,-0.6907243013284867,-0.29953194804950434,1.6617990474691537,-0.11672943124428922
9600,1600,-0.2074975668756406,-0.4919330829933991,-0.5466823947083548,1.0517280928520991,0.8236728355117118,-0.6301679572160076,0.03076304861834879,-0.4937386996874281,0.24904675042910723,-0.23999702127750955,-0.2183348453670778,0.6353164439283637,-0.19688143417109946
9600,1700,-0.025278878912107117,-0.8734585471751539,0.5889971241331146,0.2361275477124929,-0.3214236486476714,0.5478887993992565,0.29291240874353086,0.5243335228013456,1.0751611788816782,-0.6521086702764165,-0.43982501750641284,0.5509691306199516,-0.9301823910568834
9600,1800,0.023603473357299957,-0.5761295822410629,0.461580804875102,-0.2364309575434505,-0.8823300030797736,-0.09832088032094004,-0.2287009996994453,0.49563972766056136,0.10475203723183447,-0.535943382077321,-0.25789593725370075,0.4397757385168442,-1.423869453127912
9600,1900,-0.5411143454240086,-0.9209066701201687,-0.3645510673698784,0.06680084001895412,-1.0421835173847644,0.2680289654833727,-0.9941552006991512,0.47401714092156905,-0.019018311347009185,-0.4008118866580325,-0.9639276492961834,0.48766109195933377,-1.2332745146837483
9600,2000,-0.8983704423152026,-0.24318186744220469,-0.8004871581989605,0.12091901804459461,-0.29855461512457604,0.8298328805016308,-1.2195565182234394,0.2528033297698559,1.0356610401948703,-0.6546344386499326,-1.2197560663161688,0.8612307711007621,-0.40984493399405686
9600,2100,0.2903157608024024,0.7111843525147635,0.40932579925737095,0.6378098935158175,1.0121511176189721,0.021033012329927832,0.29578271607343104,0.015103581686608802,1.4691885698217304,0.38337534152613756,-0.8544697192934796,1.7825743156869585,0.46025948327454613
9600,2200,-0.37608570105050515,-0.0749860970422476,0.4560142450174285,0.4975030457236751,0.6854919744131364,-0.6553275453180879,-0.7385976736173289,0.04511525857103118,0.7590195198588058,0.5425304742305399,-0.5926528578278925,0.38745347613869335,1.1305221058929251
9600,2300,0.389468961835926,0.7665158140450797,0.3656792264458869,-0.06648524184953865,1.6871248485306851,-0.5508592090552845,0.5368425590031223,0.2958326828074883,0.17096443167941397,0.28970622672788326,1.0029312846437823,-0.43549695795356635,1.1347990415025202
9600,2400,1.6123055242247188,0.965744996717052,0.37148006568784264,-1.370502879125982,1.8934849209410336,-0.7735302672092228,1.4395401109272037,-0.8119148491755801,1.1783137373536259,-0.05944316015202263,1.133417338649282,0.05752180655946293,1.4898249210734957
9600,2500,1.0555706865886136,0.955247346451094,0.41784785003148034,-0.18181008464551454,2.2098308533811912,-0.39757272379772457,1.0558080849223528,-1.8149663811642387,0.5600232073078681,-0.7114328632202432,0.5981950113185537,0.4709571910791762,0.9949607745004074
9600,2600,0.9456908863209782,0.13805358826107111,0.21540947022973553,0.7336904354201763,1.7738216558339182,-0.5827706958197153,0.6106916641631998,-0.6792946357112014,1.2549707208338692,-1.4583838995972516,0.1753022582277128,-0.2411475716732262,0.2223230681307497
9600,2700,-0.5688037283615553,-1.3396942665850093,-0.9094248735146325,1.8245088656282484,0.15115133547691376,-0.23021224029955842,-0.6461761697214269,-0.10007428203066238,0.49949168122542303,-1.2574635566264207,0.06163313054746475,0.9071961757439729,-0.8662249897687425
9600,2800,-1.3267759002843933,-1.028656411555644,-1.530429642118115,1.14341105244862,-0.49868924681839477,0.6122811274943722,-1.001750558415778,-0.4308602562289808,-1.27627234094099,-1.5356512542242593,-1.1268081677586734,0.58741798663925,-1.435810349905915
9600,2900,-1.1658204914836454,-0.6319418821126325,-1.8062514178824234,0.8343180950707395,-1.1762403770602319,1.4414987334029694,-1.2951071386504462,0.9996062155371039,-0.9224148418828849,-1.025491496651621,-0.9747948420048156,1.8395285211305534,-1.4536619831302473
9600,3000,-0.9854491667881051,-0.7512473504194196,-1.762991588854415,-0.04414556889333921,-1.338187865576551,0.6363405365988096,-0.4225062919777761,0.6170515434107525,-1.0187030331055253,-0.6538120031280571,-1.2099012471518231,1.3134045483909622,-0.7300707888653257
9600,3100,-1.1325230110736833,-0.18769694834229797,-0.6986318482891929,-0.1558678081376934,-1.5132415203910887,-0.11329673816518962,-1.0889512074759886,0.592292821388314,-1.40056294043411,-0.9065377293035044,-1.124455220518862,1.1940351608799002,-1.402337564666396
9600,3200,-1.3022540002707528,-0.6009558433995461,-1.5894430417891605,-0.8867172810571816,-1.0743794966196107,0.04405128699707331,-1.1742873026973182,1.4208904319916333,-0.5767908556659629,-1.1170725482420316,-1.0486295606374894,1.1565208070305448,-1.699507664417553
9600,3300,-0.9991354112907799,-1.2973557218103287,-1.5704635662863258,-0.9208032588707356,-1.1817044273172528,0.08653747235703686,-1.0542091817599815,0.7024549407507558,-1.41148982960943,-1.1841582011162,-1.2997165580983607,0.354315839082847,-1.338577790975681
9600,3400,-1.6317120222107917,-0.6200828566840916,-1.1808387051173996,-0.4362924648791532,-1.3221805679658927,0.6024500739840456,-1.5351387744280773,1.2275906387977171,-0.7290594388401902,-1.0693185985762832,-1.1060476351505144,-0.20477560093502498,-1.3151900504015492
9600,3500,-2.049044374576708,-1.7503816096786762,-1.4611359799506654,-0.5868918538183262,-0.329339728859242,1.83588641599191,-1.6338711524538072,1.7781652279050404,-1.1952119532307244,-1.4506827898975057,-1.218534315915816,1.1524896968561296,-1.235673954057821
9600,3600,-1.3507220529636432,-0.70282722311692,-1.0407490042493979,0.6508597118751824,0.5519168883581081,0.835222364678728,-0.6420629090002903,1.4531282218901957,-0.955633419666447,-1.4509825702757497,-1.440588416556303,0.7354216567272607,-1.5863821105233764
9600,3700,-0.6533897266304001,-0.7632004183776826,-0.5807338955962105,-0.23330450744887066,0.5829470090477091,0.9709046989241208,-1.1496033836406818,1.6441855749256968,-1.255264543534869,-1.683415028400682,-0.8136104026001586,0.43018286583611365,-0.30286467363368796
9600,3800,-0.27076009071906376,-0.9636886602809116,-1.003750509827566,0.10850349035965479,0.2305615549971635,1.2024773234757802,-0.8979999193032624,1.822210035006114,-0.6774195722081573,-1.3443268560413053,-0.9273331158120193,0.08122311810249064,-0.6104819700875109
9600,3900,-0.5560585179736465,-0.20721359781984772,-0.9692300444738954,-1.4632726607130384,0.8048516306414154,1.4091953922942366,-0.6725655652193905,0.6527347588310477,-0.7799543987610775,-1.1310286435089094,-0.41803002521347615,0.9372688901362386,-1.02933147475713
9600,4000,-0.8014482287378446,-0.8329255005947817,-0.9291484308264509,-0.518616405687649,0.7976374001070078,1.532314912838046,-0.8098874056903433,0.7464928490506808,-1.2396582175436683,-1.4645554067252646,-0.20956760944656208,0.6504568812456826,0.27807358674394567
9600,4100,-1.0803965201586507,-1.0844992110202922,-0.8837328515575157,0.10869081057657448,0.791440432610412,0.7865045391880211,-0.6350531137504446,0.8583193372119303,-1.6435665597329,-2.096937135216712,-0.9859738327199971,-0.2492201796995869,-0.6663626652729201
9600,4200,-0.562209403643605,-0.22003504118861353,-0.7964650270047449,-0.11249338564665846,1.8556594675785205,0.8000312163678048,-0.8173398321958082,0.8439568351740384,-1.450443750470867,-0.8690346862461873,-0.5847974534802727,0.21750480140404968,-0.043853611585997876
9600,4300,0.8500377144415499,-0.06228377520643037,-0.21851436442240016,-0.6463790129924014,0.569708081449973,-0.791011827750601,-0.2796576442748854,-0.6956416446891698,-0.7214626894744566,-1.1718272309039226,0.340040813464178,0.39830874268280764,-0.9275665702284174
9600,4400,-0.16790512548286218,0.6511617329368976,0.6685309650635421,-1.047530974651055,1.6166961879886863,0.43222677569467777,-0.3388600900388211,0.134919393807526,-0.31575058074669693,-1.257428056534113,-0.21107957889459003,-0.683719744539521,-0.44645914951918586
9600,4500,-0.42070747406262937,1.1375451131008665,0.5609711854012587,-0.9728027335050127,1.4658868266653367,0.33727945483371796,-0.3847592317378018,-0.3304009873029732,0.3308592016839255,-0.7947788730856256,0.07406470728747146,-1.38273049482592,0.725569779314034
9600,4600,-0.12719585339518247,1.29338942507511,1.3176145419938068,-0.8795321037613233,0.7879265624383996,-0.09491830335796576,-0.30471752095237226,0.5188555494992725,0.8208501472682975,-0.6585396295310472,-0.8279592259085039,-0.3706064825708436,0.32144352414887706
9600,4700,0.3642467510782245,1.1466643651129167,0.7564001115303483,-1.2132267680259596,1.2688892673380359,-0.8941735962510142,0.7030190941452192,0.6757197617584472,0.9810253133515291,-0.11838640401901178,0.28536145186582956,-1.2998579615009234,1.0682088332246098
9600,4800,1.2270369387051685,1.7118598534338705,0.7729832068904657,-0.1574934041025801,1.5320589769111341,-1.9405910672574207,2.0269750981517376,-0.5903336929940123,0.7977004229894256,0.227862396120624,0.7331675976037633,-1.4304542260567397,1.5961198537727959
9600,4900,1.225532652348676,1.4805370828875037,0.5756228023537818,-0.5417362621042433,0.7781076170486565,-0.39764926340538903,1.6256044627493624,-1.0022600808371216,0.8898366439229298,0.30425239102244067,0.5458910495315207,-1.2881099117172075,0.8933607851023295
9600,5000,0.9360436863648449,1.0197289398868816,1.5750003137945179,-0.339116260534559,0.36730123076176324,-0.2986590630881999,0.6353643291713971,-1.3275071185381324,0.7916710935735449,0.9233641880033944,1.0090639173648082,-1.5419689711247038,0.14550276659097447
9600,5100,0.12769213329103116,0.7161961004440592,0.9201068383139535,-1.0109105723544993,0.7674127784612574,0.5913642290835994,0.5131672167838438,-0.9678480466139521,-1.1190526193573984,0.6898246367925879,-0.5347079806261339,-0.03082769603918967,1.3864659060729112
9600,5200,0.3186258659276895,1.1856017940394823,-0.25518488913137966,-0.017385027776055585,0.4861547332425049,0.7999024703020462,-0.28063604852497803,-1.1556806156863655,-0.4465965806361979,-0.038892752102266934,0.16048962506624426,-1.1709586123266746,1.220246788602971
9600,5300,-0.8741888573074762,0.2218473492777884,-0.4202623389865581,0.4728642300831151,0.20277029635389185,1.4496040477724272,-0.49868338338106477,-0.34977439458300064,-0.46954971720119726,-0.5827104107664883,-0.7024902277433444,-0.5619913883040408,0.46691842250874155
9600,5400,-1.3278453465941173,-0.5551902209798814,-0.800938565551243,1.2563575479659927,-0.6637119831088883,1.2183028712600825,-0.8906087338206655,0.4047433941795047,-0.1537568889112296,-0.5834753736603969,-0.82219029223464,-0.011715364031882804,-0.7657126182784734
9600,5500,-0.4386579388942392,-0.41018616132829966,-0.16782281753233183,1.0379617944579775,-0.563054227956963,0.5553753640069407,-0.33703047352827986,-0.11011278520667846,-0.09392448483416414,-0.3754859001042174,-0.207993313073517,-0.5874306802274105,0.019910226214438304
9600,5600,0.013773638852027873,0.4542525097875292,-1.5626131915649653,0.5491356334608369,-0.7343999348552729,0.4290580752503463,-1.0660361071356164,-0.5930950310172707,-0.26244355969981226,-0.7930790199254295,-0.6242327202244272,-0.9774397045040673,0.4417900789429515
9600,5700,0.05598966410935705,-0.14678673670559825,-0.7138724968531921,-0.03413976248306327,-0.5668564323390174,-0.49635151633841545,0.906619857625188,-0.4585912223754478,0.23527373425182294,-0.5261834410537856,0.2755687227066407,-1.1333989615849014,0.3913517828611301
9600,5800,-0.48938283726958687,-0.5455924156845068,-0.4777151713407967,-0.0933426185790841,-1.0518299202396901,0.14142196868162732,-0.9036498999090526,0.5219296148948673,-0.2840050271429248,-1.6546669562310858,-0.7852810814690153,-0.6681863157360942,1.394526304213936
9600,5900,-0.41023997967811293,0.23017883298971686,-0.4103555572302286,-0.47288276599945356,-1.1364616737472208,0.32291560387686197,-0.8263670234384012,0.6597138248202704,0.10890048629647996,-1.265879113886458,-1.2909278617996995,-0.5061353082307728,0.6237975640969099
9600,6000,-0.24551472992425757,-0.028597720557537936,1.469712235613627,-0.5298305618872912,-0.49308844467948576,0.8038755183143327,-0.3527688258539829,1.0421870095349384,0.34177147250679235,-0.9179632948409491,-0.4700506395742062,-0.9017269976830203,0.6180259809236167
9600,6100,-0.6880778374917026,-1.0682677733010302,0.6145558563458502,-1.1279948551180061,-0.07517727851787358,-0.19533569605103818,0.02534551878056396,1.0227150981562525,0.8232191456588642,-0.8080160367034859,-0.10188756320935763,-0.8965931656512058,-0.2649874787920524
9600,6200,0.23890177010216368,0.17765142038140538,0.3330014251894741,-1.3569305446229922,-1.019474289919649,-0.5091355859613527,-0.4144464121997571,0.17905960139753824,1.2486353023401875,-2.0035185409156453,-0.5617420536127731,-0.88152190628997,0.013764332040517462
9600,6300,-0.49783737828911084,-1.470966780469063,-0.14679627795862807,-0.5571368258328432,-0.6669703706331225,0.706346906808747,-1.137683922445199,0.604931814071482,0.4229737664669954,-1.6495897108058675,-0.31784367352254517,-0.20911703065195036,-0.08614110901779862
9600,6400,-0.9207173982727552,0.11119847637395203,-0.45184488616639235,-0.26974725728611254,-0.6700152067451549,-0.14052888735551083,-0.2659218941028715,0.774191679683758,0.9536197462726703,-1.2330362781593076,-1.6632394972800006,-0.4518956913830907,0.2474197410062096
9600,6500,-0.9688954775856287,-1.071293815461633,-0.612797152946745,-0.23484752013568283,-1.3897728051049107,-0.7628883838688237,-0.10432019388211244,0.8487608701473152,0.3923896909655063,-0.8988601834496381,-0.6720871561068033,-1.0108933562825502,-0.020181743990495455
9600,6600,0.5541637048963404,-0.4016206259041698,0.743293581629269,0.6612167842232883,-1.042452744908386,-0.8464963072951517,0.08831993254292839,1.2296254480206716,0.18486836393215136,-0.9360969900689619,0.5492377197082005,1.7120582953399106,0.6969430624403555
9600,6700,0.7135007391184731,-0.11606521866148137,0.4303241388132867,0.28576845859815175,-0.7247226897649028,0.19984321943344585,-0.396931155075985,0.5872981739820871,-0.09574396773247179,-0.4113000928887379,0.7570863166369206,-0.43028624763276074,0.725264257834768
9600,6800,-0.4595361516809105,-1.3474223986202722,0.5009706665811402,1.2583872512852579,-1.1061701242476374,0.3804869222896951,0.12596541081167043,1.5403334234222308,-0.17437242877214282,-0.11377146907363433,-0.29333034840051697,-0.8284840202552561,-0.23689293445881424
9600,6900,-1.1283464127432148,-0.7980888225962045,0.03788759869799531,1.2578148574749628,-1.418078130625457,0.40910700723794746,-1.3053115783028586,0.8449328515859463,-1.1281505569335135,-1.4669490607916222,-0.4066750042756049,0.22523342164013688,-0.9551473941611969
9600,7000,-0.6726301044840325,-1.2086869437974044,0.028190721365421906,1.391103310767182,-0.2760148212497302,1.1876903675604729,-0.4629320512209836,0.9038456044264274,-0.6337403403029268,-0.6008594790594903,-0.21333103212925825,0.6558328230793147,-1.1389476890002352
9600,7100,-1.7365341527490643,-1.4048811908551744,0.3746378456851561,2.192615327342875,-0.5215711191047675,0.660117566117802,-1.3857356481223624,2.2206751988880336,-0.7560845386952294,-0.5120342180098584,-0.9426717293231668,0.6522693912352064,-0.6761582861335451
9600,7200,-1.4786601389889666,-0.9010495812100203,0.5712530660843389,1.7385913463322629,-0.8557142641118793,0.8627078465351496,-0.6694406072044067,2.0130319592330923,-0.4484779925027823,-0.119796939042824,-1.7136548039147692,-0.29035757729000455,-1.215616469433605
9600,7300,-1.4111039034068256,-1.4257854614931444,-0.8632403303118908,1.4265028274151947,-1.3524339373963754,0.5609495197283015,-1.2226481466096837,1.5005921301949128,-0.5724679072355628,-0.15660874578525943,-1.518165349025823,-0.02036872499415724,-1.1570056816297116
9600,7400,-1.4396374365309557,-1.7939307879609643,-0.9919269621467589,2.0019500335175855,-0.26451368359700034,0.9172188487824222,-1.126089370549301,1.3373581716013996,-0.869299177761548,-0.7774715403240545,-1.2410078802443238,0.4168897851051944,-1.4899979987226837
9600,7500,-0.8449557199275446,-0.4478385810406408,-0.2200524081691429,1.6932229739455753,-0.7282767250832789,0.49872060829729276,-1.2677091818019925,1.0439648759022195,-0.45905776880890437,-0.8881664223485132,-1.555686898962658,-0.33922030422691457,-1.8767033577098267
9600,7600,-1.6270922179736513,-1.1203328453879469,-0.14870677796639295,1.0632180579862032,-0.40289540752959935,0.6490480404870175,-1.1939184225095187,1.7144724626354784,0.002519917452564114,-0.8524225485471629,-0.698204691595421,-0.3586407694800981,-1.1656607249581048
9600,7700,-1.7050965510661578,-0.9352325539148941,-1.3598476277910774,1.4860821936827673,-1.1652482211355235,1.4486936412854143,-0.9371692860333041,1.3193860433165834,-0.503883949319832,-1.2012046982619051,-0.9765782854526093,1.2983920390152597,-1.5425103841860117
9600,7800,-0.9975640547576617,-0.3687707050957116,-1.0869249164360661,1.3787603902952963,-0.481925414755953,0.7513272528886047,-1.0588464682159127,0.8313313464875892,-0.46411558660575625,-0.48331245086979074,-1.2073041707330374,-0.38429796602716604,-1.098700931972062
9600,7900,-0.8305874245702279,-0.6215277108057083,-1.2397585670991464,1.2864764487654985,-0.596450390430845,0.7471484481948049,-0.14501245190251263,0.9469274949074501,-0.5178631336861904,-1.2216082090077354,-0.6861592051589198,0.028608909010031502,-0.9210578693023005
9600,8000,-0.3320242000211833,-0.4582891659067416,-1.7015009197290696,1.3355296621202917,0.16979303289993544,0.13557899932240464,-0.027500105491048196,1.2658891915092314,-0.2661038255410683,-2.1029128057713167,-0.9089127004448092,-0.039490086811020925,-0.9812216641005933
9600,8100,-0.7603308322098864,-0.521869710986413,-1.1402959990988784,1.3438507201377488,0.4488421809680009,-0.6627187623644262,-0.5416578460494558,0.7740711220479022,-0.012706327479355895,-1.3273059661873683,-0.2907125756615879,0.5652844447631025,-1.0761880890906275
9600,8200,0.04285424198541245,-0.18743549826479186,-1.2297903954695197,0.3457720174310696,-0.10515204402032527,0.3809629797616346,-0.408330191394999,0.4307370507890595,-0.31883095566738545,-0.6380532500844808,0.16383283969700452,0.36154407481784717,-1.30178891415798
9600,8300,-0.7299698990264144,-0.3398242291382041,-1.3431091547205756,0.7812780272572607,0.31792802347106974,0.6441296464037128,-1.3895193851672478,0.17135678869561838,0.5540793561042694,-0.6287518205128025,-1.1714996679095393,1.6517713814218464,-1.4019651067634074
9600,8400,-0.6221466068792074,0.3645027042410184,-0.743625773081436,0.5718780424897459,-1.187492973732079,-0.4459042195275631,-1.0121550090681337,-0.920935820878096,0.04091000911490135,0.2914983239766016,-0.669403145386941,1.1777395124652936,-0.7178858860660114
9600,8500,-0.039906800465635175,0.5159752416096034,-0.19163343423201618,1.2942449353821583,0.0808159000426345,0.2593714049657776,-0.22201908982833063,-0.32711523522078256,-0.6240322421443893,-0.7792764213236268,-0.8269860081076633,1.5136760336506587,-0.9095424046979443
9600,8600,0.1515397574786273,0.5888059429728646,0.1808785587854403,1.0052038176680145,0.6179626117023301,-0.3272754469971478,-0.12504549164259476,-0.7385350096080338,0.2967933033542043,-0.9874170153780539,0.003443449773564766,1.0344104047004679,-0.02318914013351392
9600,8700,0.27463142734485424,0.09591412184422513,0.5263500179130374,1.267108102659433,0.8955612794105473,-0.8344745278575365,0.05605768846389679,-0.6696964155177164,-0.02540340535277803,0.9480746787529855,0.7332558828456106,-0.31537221265388954,1.0284420351654544
9600,8800,-0.04204692119702441,0.8560562849992138,0.9768534548233544,0.8458331824517412,0.19370508301251804,-0.10266493966378194,0.7355694341741205,-0.27234928886904475,0.20466982463700148,0.5430195041679232,0.994084077198418,0.8883840153977979,-0.30741852470706654
9600,8900,0.746149332652791,-0.24929431364574242,1.4868120554712523,0.5851008479314187,-0.33309397730359963,-0.1969237728613914,0.3226026895491929,-0.16619259300212896,0.46950714514193176,1.0588683613086898,1.1209018018953074,1.0943137657294928,0.5658094373652394
9600,9000,0.7879027762772756,0.20108168533165405,1.617000041472669,0.34936368245646626,-0.317680408944008,-0.14225722102998947,0.43867809123975215,-0.5047744310972988,0.481631294825506,0.16728807973078158,0.1639127938609203,0.36012635041625884,0.2878815421015224
9600,9100,0.6300572820110928,0.2828651761555914,1.1213541654612242,-0.503587542451158,-0.1452275812899627,0.30587844359392485,0.17914826672120904,0.09142377707116761,-0.6981578835499346,-0.20572693263196887,0.7704576634268357,-0.13934285417869843,0.5825147491627339
9600,9200,0.48115116859652757,0.7251346211931438,1.4808507389630214,-1.0115300471739603,0.11815733405878241,-0.443154797134162,-0.05708033554267418,0.2688717862372615,0.04746494683428098,1.1603124005376337,0.454737910896014,-0.4445762366879308,0.367032740909634
9600,9300,-0.8450487342458846,-0.40707768217022766,-0.441012094300284,-0.8345164383250905,-1.2118352881273602,0.2489010704013294,-0.5129607932358842,-0.0354107086150266,-0.08643778210623727,-0.4600456920395307,-1.4806627938470875,0.21405538205880173,-0.3439675223995258
9600,9400,-0.32225699447612616,-0.3660135348141364,0.1625183425798202,0.060725704705543976,-0.24011936820495583,0.8537671744266473,-0.7386480358551942,0.6600278538871415,-0.8454332946156266,-0.14269377781779416,-1.0047186578431708,0.7587809126643206,-0.008553187416847612
9600,9500,-0.51175956878577,-0.9095540070926033,-0.5353860405174807,1.0279389206307745,-0.8954796917723953,1.253908804246348,-1.1969448345592866,0.7291323085884871,-0.4333506926419574,-0.6657673875977463,-0.8931166351916118,1.5804691865664875,0.0646995691806007
9600,9600,-1.5054775746445208,-0.4061141019299848,-0.15918654692383105,1.2234578544258858,-1.6395419115003849,1.2876721144345693,-1.6339038857023256,1.0593891320280369,-1.104157465441505,-0.27818021192693126,-1.4450221693535912,1.7718790212621116,0.18115821752378786
9600,9700,-1.226276773914858,-1.3590893899781078,-0.8886048491347743,1.2550880109217202,-0.6994957763373824,1.2673566665219351,-1.1529582435822348,1.6663933174143737,-1.314874213860136,-1.0192855559610343,-1.5860511174660417,1.2172005687563177,-0.9618787888247623
9600,9800,-1.0201836122344008,-0.5203099372167301,-1.5335149950125406,1.0832050528781696,-1.2219814748510303,1.6388995438770537,-1.4375529190367657,1.1522819562493591,-1.417079133522724,-1.0341427359870543,-1.0388611700185606,2.2676286922768023,-1.9967548161609445
9600,9900,-1.8282119348484365,-1.3675122349154578,-1.3403263055776216,1.6854832033726257,-1.3670665822129773,2.068331908158154,-0.9824828518075382,1.2898766453209458,-1.4271715400424834,-0.6483712373316581,-0.6254182801530359,1.4069046186787788,-1.8381284399447217
9700,0,-0.708746532073852,0.5133500459036067,-0.38217252388895595,0.5418886366446224,-1.116620115636061,-0.4112606898821043,-1.1654490455769935,0.41298570733367895,-0.7467905465491608,-0.061521232534408415,-1.2012139605393106,-1.1478859319614407,-0.050991016819477215
9700,100,-0.9974967335424759,-0.30714166895349004,-0.4368412990843516,0.12293364377985021,-0.4613090264207768,-1.2727416006162013,-0.5677436930880998,0.9546461150223814,-0.5586859082504558,-0.32178055966897884,-0.3423622338108663,-0.5555098655798504,-0.7921382952930089
9700,200,-0.38641312460627364,0.14354998910997402,0.026343327983482177,-0.20620314187054595,-0.9364198258042385,-1.0141147189737034,-0.6987585326154335,0.5571245113082547,-0.06021379715042944,-0.23529987972743255,-0.8231665968656141,-1.3325579342983718,-0.6882656320730082
9700,300,-0.6968785152883594,0.15750919792756704,0.3422995885321478,1.8164158034809748,0.21721425813875622,-1.7727300575683012,-0.329748093673619,-0.21849953397674543,-0.13708866426925434,-0.07192330472807834,-0.8546798925528084,-0.731919100642396,0.05554856990481376
9700,400,0.5632739677476013,0.7164470885507875,0.654637867141737,0.4346145434768252,0.07240887251517204,-0.9748842340604051,0.11737906476342315,0.257847417671725,0.05432548484627586,0.9777904747868895,-0.08159448158312764,-0.28334948991417547,-0.2010561120138531
9700,500,0.6344903478146913,0.31704011959857953,0.662477655459262,0.23483454811867294,1.2415190679547086,-0.0779802765674923,0.6455682911039171,-0.22916660162746197,-0.36292615127871936,0.5057036910337693,0.9070413068384358,-0.44875068014468017,0.9134057005589423
9700,600,-0.7960627578979256,0.09586579645610109,1.1669473219239357,-0.900489954047624,1.2273525893769859,-1.0737639151923422,-0.4804359030805982,-0.9359183365839758,-0.4769839999126176,0.19492120913715988,0.40428862979409497,-0.5962059568784254,-0.028643988060883467
9700,700,-0.2100540547367335,-0.6203492862607273,0.8066256313442983,0.6417218528513128,-0.20256520170124873,0.21335261848154705,-0.3176004648342803,0.14903312849704722,-0.4127138221004555,-0.12613252698788802,-0.34434910472633096,-1.2119423856900184,-0.03232550805946679
9700,800,-0.9541751782631557,-0.5435422651983287,-0.046755800327273514,1.0202018986960615,-0.24262305619944888,1.045789144821822,-0.7892007059464915,1.7927626675076818,-0.7801187532021733,-0.25371526577512027,-0.5943891907256081,-0.3049316301121442,-0.5024105879843419
9700,900,-0.35701815288472544,-0.45502179570497425,0.6598026032908435,1.4438799169700594,-1.0300600193311547,1.0216396749316237,-0.46330139291575584,0.21939004601770973,-0.6705859004814518,0.8425890281145141,-0.9826698357224125,-0.4185970841851504,-0.8802813535885045
9700,1000,0.2448644297496168,0.26268826470886386,-0.04550748149830515,0.15621241761558483,-0.16789933951073088,1.7273902595375747,-0.031566110100462806,1.0004858740660445,-0.3442789753178717,0.8378307558052128,0.5468756941397616,-0.49713886495692056,-0.5082511234086572
9700,1100,-0.09087004529473607,-0.3786295667242123,-0.08869568697725486,0.7426205223336602,0.5551116863531014,1.429920285169011,-0.7523062326779353,-0.6741804318303843,-0.306744549401896,-0.3520857810558052,-0.29468494829709196,-0.28796685845765646,0.654731437268714
9700,1200,-0.8983802915810434,-0.8247188063573018,-0.7629996760976407,1.3517911822625632,0.02821826248716958,1.030439280203937,-0.573372804385599,-0.9854269007546863,-0.5388007409710036,0.35356360172213147,-0.5839779623197168,2.0279662362140534,1.2423861363325002
9700,1300,1.1738021854281768,-0.3954291085518332,-0.5988099911651421,1.8570246183262105,0.577648595197196,0.3171036471194513,0.3376622410994884,-0.3822135611862139,-0.6375890681820598,-0.8354422318413901,-0.10670861508240267,1.969533794605298,0.41414094186512906
9700,1400,0.12373673824990516,-0.7690806241599158,-0.3485344524341636,1.12360272800008,1.0708978846930042,0.2187901778106702,0.13681278570513536,-0.5396718209256638,0.4399307273789246,-1.1300407387659979,0.3080811586757344,1.661728292660721,-0.48259172791157645
9700,1500,-0.5219814860814141,-1.26839125746392,1.158942548629889,1.0282085442258675,1.0326944870954262,-0.6991688004698842,-0.8365014136075724,-0.030925635054296522,-1.0929222499420463,-0.43068816775584995,-0.4459380861420941,1.6438286666730124,-0.334003935791529
9700,1600,-0.2576192506318299,-1.2904986652926391,0.5272958930731166,1.133828533352002,-0.12519853426336663,-0.004934842918963056,-0.14884183441437235,-0.36157792023864505,-0.4973496718670618,-1.2777324568353625,-0.24638433909674343,1.718238629866478,0.17319905919953413
9700,1700,-0.6687871095005846,-0.480506750222443,1.047369960684956,-0.5537445111469953,-0.7517766575779192,0.3713635395302715,-0.03556546354751753,0.6704564944391059,0.7249554316352587,-0.2894632365624391,-0.07669238476526483,0.4697824730629031,-0.8298096131624666
9700,1800,-1.1907339769049614,-0.9734507247316131,0.23288909178802109,0.1928521001677572,-1.025697363107955,-0.3820123338145212,-0.42377921170662586,1.0816372578267044,-0.34074153790520495,-0.36756738763826985,-0.7498183553063321,1.5046174179198373,-0.8587855024087894
9700,1900,-0.9667689622865819,-0.513282397870184,-0.38821686699686697,0.0485162718158304,-0.25578775646500407,0.6477316566493225,-1.0841385230879679,0.6377824213527057,-0.6882972195538704,-0.984396050873286,-1.304035757931874,0.5268354470585178,-1.5495025135035438
9700,2000,-0.6526118474551499,-0.4176949344242466,-0.6318610217201237,-0.28985493009137114,-0.013790041715370365,-0.3102068432694788,-1.154337913220331,-0.005773395761640502,0.7282316459046315,-0.7513082875161315,-0.5515082560541565,0.7148687204758595,-0.6085695634804789
9700,2100,0.4317957541736422,0.7134741285566206,-0.6306956891904972,0.18722969547524979,0.6387324673958278,-0.3751526547715394,0.042601328755379225,-0.24784354400194464,-0.34843045843766324,0.3325519440688564,-0.7532135478301566,1.4125598754506266,0.4882404050601794
9700,2200,-0.4677108645362433,0.3809727728309435,1.0552805417809747,-0.10788864419780589,1.470616729710395,0.44816857159192075,-1.1664634241341132,-0.16117844898322795,0.10877551999084628,0.06355295495120762,-0.8566280907975119,-0.2335916649034059,0.39016835377860404
9700,2300,-0.5134670523943509,0.947964774299137,0.6002336470318378,0.3887672260798144,0.9701055577908401,-0.7577827506783873,0.18570896291108724,0.21228894776834156,0.20044847695814497,0.4756043553074202,0.43950187324406703,0.25284573216177114,0.5863273378652221
9700,2400,0.6529669308912189,1.3167641317856185,0.00513969319885245,0.04797537090063485,1.86359673779686,-1.2806086684248823,0.7790492754282933,-0.562434979397783,1.1278096438849643,-0.2118567504797856,1.2764388778756919,0.10967135764474716,1.7739853354504256
9700,2500,0.8892263801984233,1.0705331046048412,-0.6860731428014468,-0.5612266829276134,2.184173298117173,-1.364692324434601,0.7794969242486396,-1.4247025968676146,0.9173815240096885,-1.1774156682222237,1.7226779232544809,-0.4581230495565759,0.7239843733906279
9700,2600,0.04272431533045024,-0.2711731745350148,0.9865629081218801,-0.03624094685814668,1.018573341565801,-0.18557827471871352,0.2878519671301914,-1.7819224950989505,0.7615669877468305,-0.9970804290125638,0.1335099608637625,0.2522565499070984,-0.20708509641224174
9700,2700,-0.9110704672571566,-0.9010920509679182,-0.644755326428829,1.5594114499858898,0.2506277615112592,-0.6704635404019497,-0.8380194488415317,-0.41131169368351284,-0.03163009177655385,-0.5781725447713147,-0.2733098568014699,-0.01553807241137973,-1.1218776138261206
9700,2800,-0.6440670863409851,-1.438205030177438,-1.2626894004350948,0.9738793080979378,-0.8288593585599259,0.9910866290038763,-0.9098183638600496,1.0673414338577647,-1.4113891628910242,-1.5126180279700234,-0.6888788931410729,0.6745973060937434,-1.3415093088131096
9700,2900,-1.6228473637084988,-0.9377386989803451,-1.7357572002310602,-0.6291142434617361,-1.012063910717045,1.29252488516668,-0.9616634377331457,1.0258896970296614,-0.9249473498855849,-1.4574873396929642,-1.252419841968134,1.2722326466617937,-1.6323281621101198
9700,3000,-1.1175466794854918,-1.1802994603422243,-1.2583070251053345,-0.3384939941871076,-1.7572891019926473,0.46353391126062193,-1.5178059380804776,0.8329208237992491,-1.0590143903975655,-0.8089744095259764,-1.2897957036115089,2.0265522199533774,-1.491962165800488
9700,3100,-1.5590711538249877,-0.6154245406954448,-0.9796724678603522,-0.5211838175821542,-1.2072017011478724,0.49916168601130495,-1.6030913839935663,0.8202479500518612,-1.6281503729433036,-0.7378468746566331,-1.0727114681098977,1.2118248095380786,-1.4985744625339676
9700,3200,-1.22588763383289,-0.49054762458057105,-0.9500548675508138,-0.7054399854159873,-0.953424299473295,-0.1342606963991934,-0.7799712746292642,1.220138990921555,-1.2765775998226605,-1.0224068136081033,-1.6650476963252805,0.7672241783242448,-1.8269052966275932
9700,3300,-1.660561645583177,-0.8530394141655019,-1.2258003736639922,-0.7850319929819811,-1.2106978938071955,1.2375335807186465,-0.731304998357857,1.6093230079714989,-1.2399634116923381,-1.382941294707031,-1.067637571215821,0.9238264547848417,-1.9169042175327542
9700,3400,-1.1124491616963512,-0.7184100576969681,-1.421083609469475,-0.6448555684531361,-0.47573702713607885,1.0550905734848035,-1.2538048934791342,1.3701139302670227,-1.1133054413780012,-0.7090770396735537,-1.3991437353313483,0.13429860116519063,-1.6913419228484425
9700,3500,-1.9494597295851825,-1.066669553373888,-1.5493575502531889,-0.7317769493346186,-1.0664065950515718,2.2816169822906165,-0.8361952992064328,2.199407563696704,-0.7141534977256381,-0.9271354985780178,-1.0727962695048863,0.6447874449661445,-1.5779549324085274
9700,3600,-1.3192927072222356,-1.242049480892745,-1.4629807685799974,0.6056956298593975,-0.04448294311852017,1.2237184157476464,-1.5533382498328614,1.7689008006934286,-1.0523270691410798,-1.4351317596342512,-1.4916308849531887,0.7279815056469934,-1.3858875450614925
9700,3700,-1.0853352392299027,-1.0819075955754958,-1.054195796799389,-0.3939456615722615,-0.5780253057382029,1.7472191979137808,-0.7837859311915919,0.9524101120587015,-1.0850528157748445,-1.3884895358143667,-0.6397583592882253,0.7324419736370817,-1.1693988049805613
9700,3800,-0.519804387573523,-0.7222610493375651,-0.6004613410266348,-0.6936303951141214,0.08994521452307794,1.2512292798827167,-1.507030053285877,1.745931262009518,-0.7955568378740514,-1.5744541910039611,-0.7136016476451669,0.8364624183801241,-0.5183514100695603
9700,3900,-0.45700145953295096,-0.7949837852004442,-0.8617028729451466,-0.9571390421059008,0.0728713428512248,2.0306614713221927,-0.8760832256503024,0.5772620788518349,-0.974016085689902,-1.2582394494809783,-0.6568408478752502,1.341062437614683,-0.7787095472073056
9700,4000,-1.0969929648871728,-0.45872571900526693,-1.1539031742246566,-0.10683881036156005,1.1134947248059321,1.565358198013106,-0.9442102656584511,0.5421224928364411,-1.182656355426689,-1.281337859061297,-1.1583384056922599,-0.10516946642510573,-1.0563835269310986
9700,4100,-0.07676422551393833,-0.5915121040701989,-0.5147684001187571,0.04640687541206804,0.5167828323459417,1.3765929906080927,-0.6200806237252714,0.6932090370142224,-0.9619714665242294,-1.3513591010795853,-0.9601580561151936,0.31486302462820653,-0.8426889255376814
9700,4200,-1.0216143827531476,-0.7422432074276238,-0.6420127167558466,0.17505663412198613,1.6751174614041078,1.4024134558956616,-0.714293628011241,0.6045492906791401,-1.2587483628233131,-0.5229075249493655,-0.4801161282465442,0.31090191373182535,-0.8498736910503146
9700,4300,-0.8070252635645631,0.2204586192684254,0.11235756927785645,-0.9884312407056656,1.7816866196919474,-0.17825563077486095,-0.6202065683695734,-0.2763316279484985,0.11659586871867138,-1.6087207049861885,-0.011949122640570211,-0.1606155433335688,-0.6064343561757941
9700,4400,0.8535694685242272,-0.11900805931032646,-0.48547206526045295,-0.9595928076269647,1.7846563606036556,0.5261146964668957,0.3245349121782357,-0.5452735329051688,-0.7612937079876944,-0.9373157664521268,0.6148324873079345,-0.5640243245734221,-0.188691561755144
9700,4500,0.17816828554365194,0.3726231601135358,0.8091064916978953,-0.4005937609445084,1.1709710231548813,0.0919197658324794,-0.2618181585354692,-0.27241251235928515,0.01240284500077702,-1.2379435452166956,-1.2810132319516296,-0.6223125255326175,0.3847989664271117
9700,4600,-0.5342601486502404,0.4827869653198047,0.37512414102778435,-1.106558427805078,-0.13981293554132793,-0.24091921272987182,-0.45358711894713255,0.30266606009070757,0.22590409643486647,-0.6812361043539241,0.3611152321028008,-1.7383160095765327,0.2984660730344556
9700,4700,0.8553642123453894,1.2562922516126533,1.6283976392097066,-1.4904880060901975,0.868031948357727,-1.3856385982299682,0.8194457349766004,0.6822886181666379,0.6330064846422218,-0.5429713134462675,0.21568832149733702,-1.2991834493960823,0.3496340871153591
9700,4800,1.6327578415235553,1.5196985504945162,1.2761606166679604,-0.15893079525783535,0.8590915243090049,-0.7774028716499318,1.3277152442801765,-0.7362930544863711,0.3506347780047502,0.037748434668445074,1.58719675603726,-1.041062567966185,1.15768907458026
9700,4900,0.9868822659160983,0.9188399914354275,1.0587083106812223,-0.2320232668863161,1.5448299172421072,-1.1859962253357055,0.9205725513915416,-0.7450187769690945,0.7161949070481237,0.7820142609765839,0.7105351300961854,-1.6280344848847794,0.9649769784848704
9700,5000,0.4930290515290875,0.23722651135540113,0.7961124142859515,-0.7689026914843899,0.19132322164512144,-0.17190757193584585,0.3833303776533516,-0.35814371732113537,0.23149136681857377,1.6715439426248018,0.5508676004853683,-1.696689219425226,0.14523427638568126
9700,5100,-0.3537199015793093,0.37931299649076083,0.2747806909522112,-0.07311434482174387,0.9528252429223344,0.013212305769280883,0.33291830298499303,-0.3803479028669431,0.4254113108783655,0.25660748533613126,-0.5245503270648775,-1.0151544368499186,0.40116165848670865
9700,5200,0.25728484531048224,1.0413296212042402,-0.5827403160988481,0.2911251595043319,0.3155701287171883,1.369119300090053,-0.43318635003610007,-0.5940981169594242,-0.3225373540383353,0.19941279618023744,-0.32150383451313924,-0.3549015651171705,0.4241227048534878
9700,5300,-0.8278050138772834,-0.5631909909291383,-0.6554339597204023,0.9980855620425209,-0.242513995645348,0.7650417672887315,-1.1891589717958255,-0.3971070760208616,-0.011527688919529417,-1.3190002183745972,-1.9756342707425991,-0.4926615371161848,0.44774843061428593
9700,5400,-1.4718809458598792,-0.9489307078070874,-0.2718296818214186,2.268834249232616,-0.46444608407595045,2.126801667007788,-0.8561646868021536,0.3561049517083575,-0.3040821709161526,-0.7918776430970814,-1.3812613124380217,0.18519261840530826,-0.38511700076278604
9700,5500,-1.1400164692432337,0.24572746117473526,-0.910691005066915,1.0633621375151683,-0.8130912368215631,1.1980856534309978,-0.6460616259247671,-0.3811715143718718,0.3346256381183933,-0.03351140091375891,-0.7309734946598919,0.12614970072298726,-1.1011917747385873
9700,5600,-0.46704909211985446,0.2862796242251427,-0.8725644817058121,0.2720176874860167,-0.7184629848603262,0.663524735079806,-0.6837808722494937,-0.04059944682567961,0.1860284586497231,-0.552789877059613,-0.6515879385665551,-0.5608329679042361,0.23256985399689212
9700,5700,0.09162564348144436,0.13065244263111211,-1.2217474910580144,0.5683725092648441,-0.7281875225531501,-0.39871656018327684,-0.35506318379935675,-1.0575937990320279,-0.1053215460090713,-0.511687373817381,0.7082915504168963,-0.9313026162800447,1.2065954417627827
9700,5800,-0.8912910159973293,-0.4764724791206616,-0.5060370688835769,0.6231477079702146,-1.1429117625889862,0.23499211218831834,-1.2405522928350632,0.3421972714364824,-0.4574024075135248,-0.46405576201946797,-0.6452398274769188,-1.1343393839501168,-0.282016587725718
9700,5900,-0.9801090732573665,0.44178840321867024,-0.0010032710936099594,0.8128540061235575,-0.9623493680931681,0.8423789203164329,-1.025826534043346,1.205332259344561,-0.26778161684254603,-1.5548538349169787,-1.5345278706247982,-0.3242735726260884,0.31078260560468907
9700,6000,-0.9510054484725556,-0.4052299379712868,0.7721327702896638,-0.6832772380990221,-0.7093724154361211,0.6768978511307747,-1.1801061950809897,1.3596008054674527,1.0692598272452698,-0.774104225503615,-0.7988847368328036,-0.3737280323972273,-0.2911999269800461
9700,6100,-1.0328720884348117,-0.8173607406692582,0.11922243035003395,-1.1639981324225501,-0.750167132376861,0.5671611838070786,-0.8415768587094985,1.297678987709683,0.8495345954935021,-0.634616395555675,-1.338019640764253,-0.2645974730534384,0.010674549351072054
9700,6200,-0.4124001383828604,-0.43830375126754934,1.133799329294396,-0.6609863741027876,-0.9290637963320758,-0.10868673268282401,-0.3738683466296146,0.038564179503420865,1.1666089198943819,-1.305882922915014,-1.030475667428633,-0.26011791056563616,1.173642648896209
9700,6300,-0.9874294353189753,-1.4131871555747693,-0.4584986192173199,-0.06572989623322635,-0.6177769743018746,-0.35434534862506867,-0.9667811950861732,1.131531722227782,1.0279213295754805,-0.803738320650642,-0.9528572730052686,-1.1689085356105715,-0.6749333696708217
9700,6400,-0.8964475160692301,-1.3339658740212774,-0.7215512771331035,-0.22382693205615165,-1.5978806691055707,-0.16464747075346398,-0.18936965064638825,1.4843134829205609,0.7831236114446295,-1.3961918632183952,-0.9311013078674572,-0.14640122368337677,-0.9764734934862882
9700,6500,-0.6504874469856058,-1.1530189748376372,0.01067495054018714,0.45738711493812084,-1.2754295585537625,-0.4987557189417581,-1.2144945609473186,1.60950436247171,0.7372458767335727,-0.8189583432641085,-0.8863982453090998,-0.39001091807812743,-0.6051968099764243
9700,6600,1.0933689697094127,-0.4041069869347699,0.3404371876814732,0.7885627319308939,-1.0995166973309465,-0.28981686566760956,-0.40379264517561114,0.6439132557602507,0.40558804158542855,-1.4748128238557106,-0.4105111655895252,0.8195331873681225,0.6346198036381544
9700,6700,-0.5176783660182573,-1.1101718735162156,0.09939687327745943,0.4022423718185213,-1.2719315444012125,-0.47570501907936025,-0.25333417539518976,0.6830382170757935,-0.23173079533068683,-0.21077962678305512,0.36699087952801074,0.4010734517854082,-0.4070930345862117
9700,6800,-0.153427426334109,-1.0695037249571384,0.36867208232243676,1.9198133463666451,-1.04104798218152,0.23250874623405546,-0.3663552065774197,1.144045685270387,0.512987385233252,-0.5005018229699367,-0.5689220702518945,-0.08430198864099332,-0.49518656667791117
9700,6900,-0.39110537883458385,-1.4020399504173506,-0.08073947531087491,1.5215667207855106,-1.2685066482982181,0.3658210479132043,-0.7622754734473937,1.4100211818982997,-0.23905179553649678,-0.8565158141653527,-0.4144802766049275,-0.16719454493907043,-0.5695641466927115
9700,7000,-0.1691314312588469,-1.1306864426245922,-0.0636066462667878,2.1604133933566643,-0.763485622884929,1.2854364419880706,-0.29272488727033397,1.5398790862029252,-0.8594017863674661,-0.9059042040759511,-0.08694240818341535,1.230745620128805,-1.6546629196856486
9700,7100,-1.8737231083315664,-0.9142311859340562,0.7714565138902157,1.1852629362708818,-0.3442949937693063,0.3487983413359121,-1.0663651314285532,1.6200681407566047,-0.352504488461538,-0.38642969040894415,-0.7766741768043387,0.1480865626076353,-0.7833249390406729
9700,7200,-1.5502269223857927,-1.29637451071403,-0.016695961243104813,1.8635702077897227,-0.8486931916187456,1.2920560465455162,-1.038747912305003,2.1300725980714827,-1.148771420546767,-0.914684901461049,-1.3773559622938134,-0.6173711645046964,-1.730073962931898
9700,7300,-1.402342799593078,-0.9509914539650859,0.09660439463345753,1.7369998634504145,-0.871116091974007,1.4437572307586577,-1.56195027608585,2.347458191490116,-0.5490866969364832,-0.6012267118206582,-1.090958991247092,-0.3605097030729007,-1.9507567240580421
9700,7400,-1.4423890483591375,-2.154800465885517,-1.3491988226344054,1.655566229211614,-1.052831908381211,1.6680653803840668,-1.5572263435819036,2.0650394102136365,-1.3317549012593084,-0.7804285765817728,-1.127062020958006,-0.8391326010759036,-1.3291490360975202
9700,7500,-1.5026568510154803,-1.2683547375988482,-0.6094233624135764,1.9765944695569035,-0.7492502311112792,1.2466817485879935,-1.355018561095727,1.3823537133967465,0.3568900384774254,-0.5073428397205842,-0.9948507631040531,-0.365228611906561,-1.3466629773780658
9700,7600,-1.0096613443766436,-1.070500167166094,-0.8448767018126102,1.354819312466969,-0.7081692327965343,0.4011648734897569,-0.3864898398371228,0.7416012940625801,-0.2632129005206402,-1.2993872299897387,-1.7058699091348186,0.15621893337583045,-1.3807166455314717
9700,7700,-1.8304814361853925,-0.918822305932882,-0.6319051342493422,1.7061104070085198,-1.1345418683602573,1.4212553127749925,-1.5331384083834596,0.8959379350450503,-0.2866066316470212,-1.2714341600014376,-1.690709701100619,0.8992179651984654,-0.9115574994002533
9700,7800,-1.260301695059567,-1.2459772566267446,-1.1460627398203205,1.185249848290152,-0.6755849896517585,0.5312499239286169,-1.194964112067725,0.8303640908637843,-0.9456466368795939,-1.0597980634313682,-0.371244081766182,0.30317578643673987,-1.2520224088886476
9700,7900,0.09447685307142312,-0.5111814368362075,-1.3530199240566925,1.0388876884135367,-0.36050419795873695,0.7839010978285492,-0.2703461188260474,0.2726794603397771,-0.4025640109526692,-0.7898138989766013,-0.7629728315777443,0.6257224862934131,-0.6744855951940131
9700,8000,-0.5415292481080299,-0.4409484477587634,-1.1095438142946223,0.9255892347141084,-0.25721475704298213,-0.07537140766752826,-0.5238555037301468,-0.2510583044774177,0.2849511067454226,-1.516612908007785,-0.14530183554738782,-0.18202796356229817,-1.137423619461477
9700,8100,0.07391571476884108,-1.0937392458142094,-1.2487566369457153,0.862366084046562,-0.08504349469762779,-1.0535535067922617,-0.7419877571802493,0.5186271024077282,0.20260695150232574,-1.0410862351234753,0.1049046287469145,-0.25311541502079765,-1.085108026132354
9700,8200,0.4979517262222223,-0.28500913553551144,-1.264953848063757,1.1100820837264798,-0.20631387171445126,-0.03332545323098762,-0.30538068451277467,-0.08631012732519383,0.21427351448861012,-1.7470885088218013,-0.5784987169574362,0.5578587400674418,-0.7989514025142856
9700,8300,-1.460890777768223,-0.47282185735699667,-1.1255003511003663,1.3210106578891707,-0.6269381970837045,0.12041763728236567,-1.3910258019971435,-0.41952062994493156,0.09588542093821163,-0.9953530971532354,-1.109591291858852,0.5671090176726136,-1.1722332677298801
9700,8400,-1.6142714068265105,0.10289950685870174,-0.603897741935892,0.21603766032052835,-0.40012118576434647,0.07166520858708708,-0.6392871972844553,0.3718003769378269,0.054639453564075645,-0.5270424548560705,-0.7465088921851191,1.104377658448677,-1.356891544422183
9700,8500,-0.16439307497043917,0.11367625539834665,-0.3737127370367101,1.167038952953394,-0.03640441812424256,0.21413221658213774,-0.1554579399209206,-0.024411165126324207,0.1637602935722124,-0.03613059972412542,-0.2133616805757394,1.070967274568239,-0.7814024966810981
9700,8600,0.2407159364883176,0.21851332107854665,0.14874440739282624,0.7772875809933226,1.5510295207044045,-0.6498161662404137,0.20404620465039508,-0.07517067293521512,0.3569067934088113,-0.11557787293841286,-0.48389434068525994,0.34716768311197904,0.04357775895142632
9700,8700,0.7490213780420503,0.8565092972241584,0.6908492110900372,1.0619880714011984,0.8584663137880383,-1.1010799469295545,0.37573364388105374,-0.12297037354082228,0.12392505249024695,0.9198411067138261,0.4028419211382371,-0.8067836117387911,0.7013273767949433
9700,8800,-0.05207270827866594,0.26974360436336,1.3475032511022753,0.9570351310798955,0.2451855637047141,-0.12174143802932881,-0.2163217738325362,-0.0450040679269549,0.3898665124864491,0.48665203517634775,-0.08202505528840381,-0.06084463675531145,0.5577813348133452
9700,8900,0.08778533874973103,-0.3407599029857337,0.7687100516174379,-0.07443465186799304,-0.2505661881392718,-0.9715410381983406,1.044006236656038,-0.48677964719325173,0.12759769060132664,1.2870064321644814,0.8084730746945866,0.06518605952464666,0.5343742775779083
9700,9000,0.1636396958558846,-0.16943275985246267,0.9053436888830787,-0.343089963816786,-0.07043183545709944,-0.9865701646337457,0.6017345309430487,-0.17864819384629588,0.8426150277009918,-0.6217456621971116,0.7099545435749847,0.7128698090762806,-0.6767110865820755
9700,9100,0.5842778345291053,-0.4134342234489983,0.8542928608257114,-0.45326352024426847,-0.7332530703777702,0.07336258268648176,0.5352769348471044,0.44951206398992793,-0.2858470409965463,0.624438921826283,-0.16109905420622292,-0.2157351969017356,0.6513478702366872
9700,9200,0.7801074544991281,0.5305055287250616,1.2651616201925884,-0.5778001084958991,-0.8161519352904276,0.16480412152768595,-0.3311300577124431,-0.5470304937963033,-0.14433120356261092,-0.037358181598521056,0.6428342734530427,-0.29082162022094565,-0.003660498035556036
9700,9300,-1.2302383471351082,-1.1814869272585178,-0.10680000943707074,-0.01173143329656741,-1.3706780615867415,0.2197846681475084,-0.6683397104237943,-0.4812362169043147,-0.8202220596404657,-0.07583634663646452,-0.6451626359415538,0.7404609676541729,-0.30189248833329846
9700,9400,-1.1100065203989404,-0.5401974898216784,-0.27966271122541175,0.8073488541487001,-1.084861610568582,0.8726220734834637,-0.9368945903505685,0.8983198720154061,-0.7343738872998513,-0.0904011462262854,-0.06095591236535125,0.8356176825718775,-0.8992500771525325
9700,9500,-0.8183668740604095,-0.23696167047821048,-0.9082414497854193,1.8717705621742542,-0.8403989386339503,1.378809906036547,-0.5076865931021028,0.5289469969905581,-0.6668381853605088,0.1281175545141374,-1.006244455570586,1.5682439090259033,-0.44301884465768326
9700,9600,-1.5360831134790975,0.311058496579258,-0.07778999423146306,1.359399536957587,-1.5748835595672244,1.0047950147826035,-0.8777293727735827,1.4202089171639403,-0.6611506743663438,-0.6789525127029411,-1.9541806330641045,1.7333860259017244,-0.7169801182567335
9700,9700,-1.2220201595534026,-1.3680268737867007,-1.013756879800688,0.9610790316487494,-1.5128385611406245,1.9438798486116764,-0.8102126224972326,1.5853306306753834,-1.1078448854793763,-0.8812463028691011,-0.7428400299433023,2.030860787043947,-0.429926538875577
9700,9800,-1.1406944554295875,-1.3527967253176392,-1.32071417700727,1.0591795441824239,-1.5010228394755247,2.0916212667087697,-1.291646032638384,1.6768992950504518,-1.0390163884859909,-1.0559556300882789,-1.8152953362732498,1.3639001790402538,-1.789465719585197
9700,9900,-1.7083452286939151,-0.9388137665790045,-1.1986507326229527,1.3932256775153422,-1.2088689328835913,1.3521575669577817,-1.0559548328953348,1.9754459744690387,-0.8178012555380484,-1.2208217714718217,-0.8485449385456916,1.5132381770299006,-1.7009078794176726
9800,0,-0.8175481435352596,-0.38850400069835833,-0.06995720148154581,1.7625692120442877,-1.2861724473580498,-0.397587578750067,-1.6347497200704233,-0.2905659588349493,-1.1073289227901486,-0.16580534657188345,-0.9992953716995024,-0.7801533807314641,0.32444777226631855
9800,100,-1.2407525669458097,-0.7577521204255414,-0.4611988647272365,0.1895299828438705,-0.7938997504758497,-0.7330850443534304,-0.7542366965345286,1.9396565122369716,-1.0709305728663117,-0.5946869425687081,-1.0956390749955462,-0.6784394576076765,-1.1870856845744238
9800,200,-1.0291064117357374,-0.4624605267007863,-0.39391228341463297,-0.0841908422417743,-0.36063818281599974,-0.7558586173973477,-0.8579542547822332,1.0386371033323332,0.13668902784117315,-0.7128099803547757,-1.3534705035782473,-1.293983937410884,-0.3413242897746091
9800,300,-1.0560169854559671,-0.47680297271970457,-0.14642111903434007,0.7762840865980019,-0.22354902964418324,-1.265674893179119,-0.8245879757453725,0.13412476422512912,-0.4802972538714418,0.17694189131841523,0.09117811622561194,-1.0339090821998105,-0.667415487335292
9800,400,-0.3508893115147137,0.642355487346727,0.9033827951087299,1.2530465744941628,0.09913847498169862,-0.8080937011280984,0.408536120448667,0.06902549820205128,0.026644849394646158,1.1345982653080642,-0.3583750609128905,-0.4042876111357989,0.023516120346810335
9800,500,-0.011997535115496023,-0.10450706219387035,0.5809733798889132,-0.35621315945220133,0.8541892233931687,-0.533212920811482,0.44962682751530436,0.3438638943924796,0.2930593968817423,-0.3147877791707741,-0.5293886127154069,-0.2704896761497228,0.18302618250238398
9800,600,-0.019845166170839854,-0.8752336121398995,0.42352394765000745,-0.9918452334217288,0.6542827448184846,-0.43339646884238,0.19575467086705145,-0.8105978653467095,-0.07819150520851895,-0.2624637815130249,0.30551785303265405,-0.2961799486474022,0.4477919393317533
9800,700,-0.19376106729569956,-0.4864721148027394,-0.25237027814684737,0.9561703214885122,0.22569351118980582,-0.17652621582727945,-0.13660459358073632,0.04810301138213957,-0.13892263343904102,0.41769698950070877,-0.01515978687743612,-0.5595047207825624,0.0015382103054714382
9800,800,-0.8325210609407245,0.4041782320874989,-0.16593312051083087,1.3974482127577572,0.15332614798122376,0.5755562178515383,-1.0494775265467002,0.8046174776882326,-0.8726134474845654,0.1774055106945981,-0.7274786935173002,-0.19036886935693983,-0.4511210289949839
9800,900,-0.007235706948851316,0.7685337136013546,0.7584588244115117,1.078066623833353,-0.27877570516105304,1.3528522244924641,-0.456662141245515,1.1369155921893612,-0.15601646454655066,-0.3712644287763536,-0.444225877084505,-0.7697731091526807,-0.021942798138755524
9800,1000,0.14879883646094205,0.4175219418738574,-0.17491086335493317,1.4254301562104899,-0.06314437213044811,1.7560390185135024,-0.4829957229552856,0.6608889968371751,-0.714835607140678,0.3379712934440574,-0.26040181193043604,-0.35809566787057745,0.02951618111149639
9800,1100,-0.28562008257517674,-0.3821254056301191,-0.14005029639164454,0.6382768968719695,0.8714083990556423,1.103459425072323,-0.5213272569924706,-0.5686700221403425,0.5503660085980785,-0.30020012450614336,0.45780555778981,0.158872384566402,-0.33974529766560696
9800,1200,-0.3848187025401042,-0.07060802155905685,-0.8671677067366632,1.6284311007839656,0.3227687026067305,1.2910997482333213,-0.42186831186882906,-0.9301656048342926,-0.5754133978095956,0.76495273789312,0.30509725937527454,1.2202401792700204,0.311813378166256
9800,1300,0.6342581715083406,-0.53166190486537,-0.29611680647355126,1.2031213573266055,0.6442620270161963,0.8996606765489271,0.0396457187572789,-0.390438002436484,-0.7034852919964594,-0.2880296215713397,0.29916525014367756,1.385382080738872,0.9866462702536829
9800,1400,-0.2125694745416995,-0.7599261874597889,-0.6110983285054993,0.8156485081270054,1.0399595845152887,-0.2567089560151375,-0.20576625617458555,0.11604497655332181,-0.168136364382872,-0.5293408149658314,-0.009433497051257754,1.7198185692175116,0.05626650182963054
9800,1500,-0.16054986392011691,-0.7702313046238453,0.9325934482762028,1.1136417657586195,1.3484683629660057,-0.4433783888861481,-0.41053101242744006,-0.23757890039404458,-0.1866981127921366,-0.7154794003096611,0.284465258935099,1.5920206346013597,-0.647565997981205
9800,1600,-0.006670936957733891,-1.251489859669528,-0.40731532570173107,0.9908340938331818,0.720278495106304,-0.3148709954885514,-0.18490633604872594,-0.47865499256762806,-0.17749293946910977,-1.1296820496694668,-0.7159976588383056,1.5139404772845544,0.1324325691913142
9800,1700,-0.07592146316134864,-0.8597516088828382,0.33403563914692774,0.024224062030535856,0.18994240166426235,-0.2650191373499783,-0.5700816702606329,0.9141415909417484,-0.10585728311529649,-0.3350613960857794,0.2546725846706164,1.1163122072805116,-1.0126017864070809
9800,1800,-0.28217877176725226,-0.739070683887209,-0.3982026075937831,0.004458077002611331,-1.4252618505606949,-0.27985713826132874,-0.7460152380453735,1.0591105801333602,-0.35370649896403084,-0.4900391418603476,-0.2087572422830165,0.9856156902157215,-0.5622480024491723
9800,1900,-0.7130311176755604,-0.514153469309671,-0.4612973774371899,0.12888174499779975,-1.0318466589095643,1.2872125619350607,-0.6461081439240993,0.40156863483063276,-0.1809874753980345,-1.0670732869083548,-0.5778772868994004,0.4184741021446173,-0.6619951661941442
9800,2000,-0.3361646216586016,0.07764966510486981,-0.7741657384775239,0.46914035532491744,0.29178066105852696,0.4735516349871781,-0.5540793771420368,-0.4175104999810513,0.14236393218261015,-1.047374712369222,-0.8741415262372149,1.0660538569401456,-0.19574512151895593
9800,2100,-0.6172046062343552,1.0059829719013964,-0.3040340867659017,0.9409570899851372,0.8573724106973681,-0.5067980665847789,0.692143720692543,0.41714475607792584,0.4474873417588735,-0.00961396787227938,-0.1811552601025293,1.6163301366000504,-0.3163487641300718
9800,2200,0.2162300136085561,0.9930183512691517,0.3618949163338891,0.41458610880537655,1.7201012140534027,-0.3520830662472202,-0.7386551816040781,-0.5704921544881156,0.24800336452810476,-0.9575659372983751,-0.8563341717589831,0.8393302485152476,-0.2968590339127365
9800,2300,-0.1371734612603143,1.4603085735991486,-0.4427897125811013,-0.7329634200943085,1.0935368242710801,-1.4860710779951987,0.6842212681291319,-0.9142493927364964,0.39647601333412497,-0.10388536050403559,0.7161374723600583,0.31955023860573145,1.012045230766159
9800,2400,0.962039828637975,1.4997525563655858,-0.0929521929633082,-0.4522350255988664,1.7654186656650641,-1.318186687806102,0.8087220122101919,-1.6586970287421157,1.1604639816561877,-0.2610282685032348,0.8080712573125587,0.7164856431570357,1.6324757037964857
9800,2500,0.49362889331282034,1.3899279697622786,-0.057525957853401526,-0.2756950587850765,1.4820030633114252,-0.7550631975539192,1.234219042078738,-1.473223346356946,1.6472548541052823,0.19500594169737748,0.2436544405316884,-0.07469407382751106,0.6677198061815667
9800,2600,0.4329637851339853,-0.30078139863614206,0.9700054143367427,-0.08151354162042533,0.9885608105359649,-0.752911427855707,0.7620062932225186,-0.8665248881502335,0.49969252671375486,-0.4566415359305533,0.24292868775018114,-0.0652831572724754,-0.5007207990618099
9800,2700,-0.07800114680709438,-0.4433558140783772,-1.1325769640931556,1.3089497038832627,-0.138196767559309,-0.6346723956678048,-0.48338122968632424,-0.2672254983713269,0.24827270592628703,-0.7867415514395077,-0.3772495728868059,0.3011656857534433,0.015635881535122593
9800,2800,-0.21097163467090993,-0.8682190265697004,-1.8630658897385308,1.1583975715977322,-0.5791345143917555,0.9622725450075247,-0.3639681173257907,0.5238299392787448,-0.7781189081822688,-1.526803457225454,-0.7100848557035835,1.4642294093719896,-1.3994276405149502
9800,2900,-0.4657572484946922,-1.8071176041425236,-1.2723333079269123,0.23818970878521903,-1.1975892213479535,1.2245629669218274,-1.0683209264798132,0.823570981988666,-0.662533386509667,-1.6236267376230964,-1.4356525541461125,1.710318413031298,-1.401781451280344
9800,3000,-1.4400207772931966,-0.46896198943613365,-1.3546799616707483,0.037619726775581085,-0.5506257758129015,1.0017931750456055,-1.2902426717017186,1.5802168153119702,-1.078102948497414,-0.5102706000505709,-0.9546486792406046,1.6635482156625305,-0.7823715379414623
9800,3100,-1.066202020710515,-0.60499543302791,-1.1387191068299873,-0.023497317742023873,-1.612328146476387,0.5151934866247865,-0.725688490518336,0.6440656533719065,-1.4340081937454447,-1.380522126020498,-0.82754994502856,1.5634404694147137,-1.199794140582691
9800,3200,-0.6524111650769858,-1.0462066396853356,-0.8618123715044904,-0.9733325028403229,-1.4138231594749249,-0.4088094528764337,-1.5829831349482115,0.7568364433787179,-0.5514251742945704,-0.6800349647768366,-1.1343695020264228,0.6251003901804115,-0.8735024603212489
9800,3300,-1.368836529902524,-0.8942605023339072,-0.9240116799577547,-0.8668381420824597,-1.1179882724184484,1.708619232299352,-0.7956937604762068,1.1916283126935503,-1.1338773454043152,-0.5364662448657227,-1.2230916663584925,2.0182325390997726,-1.2250472265830934
9800,3400,-1.8451433948485887,-2.226869352490343,-1.85136772365433,-0.908097119076444,-0.7748776303646642,1.4115264104323566,-1.3780520501001272,1.4959168890237957,-0.8866104743833746,-1.5556124151938449,-1.7363182078165407,-0.7854640350781869,-1.1054702996720627
9800,3500,-1.242389615663333,-1.0189409348559895,-1.8382452189152243,-0.41448460036860085,-1.1957381799359785,1.5187761017987182,-1.3875856052888587,1.862862503304266,-0.4675306731807951,-1.3612485058554578,-1.957412461488561,0.12183140970033957,-1.7219685894569126
9800,3600,-1.2262179862363265,-0.5304834354029015,-1.2690498556874836,0.14091961030612013,-0.21420021406377424,1.4113017668541366,-1.0219913173235091,1.679251979615727,-1.4629043623887517,-1.7754932669552763,-1.6313884807561956,0.9375650778293169,-1.0046053230007368
9800,3700,-0.8973952287268951,-1.0406066146607504,-0.2817615729625589,0.03879838685395109,-0.5131714468492964,1.1537509667348935,-1.2779730203948687,0.8945256270838459,-1.7712298106014002,-1.246251935983194,-1.0373397298440035,0.9728161534962811,-1.0360249659279415
9800,3800,-1.2391130661159258,-0.9595271846667663,-1.1431861064391655,-0.511253131282441,-0.47307207199200413,1.9184257462624987,-1.0607327906847057,1.0029885907869722,-0.8888366512507841,-1.5568137487708176,-0.19242577131836794,0.46719622606236344,-0.1265891259574902
9800,3900,-0.6348123585553468,-1.2901365966430147,-0.9522689290244631,-0.24198173539289958,0.367666777143532,2.48541975859938,-1.3734363053546512,0.8287569433755597,-1.3079203186303003,-0.9797254384124277,-1.0284659447149018,0.5403217459901825,-1.318614668309003
9800,4000,-1.5048105621111287,-1.4579786474191738,-0.9181543242968481,-0.23451919926179518,0.7776523065562116,0.5657856826285187,-1.2128435704723177,0.710450788648922,-1.3800294178810786,-1.2194254707885497,-1.4868278655971183,1.2318829091320298,0.013966730887429913
9800,4100,0.18039899464066783,-0.6301179833026918,-0.6797456484797734,1.2653677845147653,0.24519024271860937,1.1505860265422483,-0.811289809421678,0.5404098948929681,-1.0519680287369448,-1.0034493147909065,-0.36381298350677366,-0.09037477465610125,0.38060969079008194
9800,4200,-0.6105443899779424,-0.6834784513347258,-1.134707667479671,0.23379519770531007,1.2794906893252918,0.8437657199702688,-0.945390986615243,1.0286629471645787,-1.142320861082458,-0.8154024547946653,-0.9417862145996441,0.839152655096776,-0.4491273344243292
9800,4300,-0.2687178201311476,-1.186564894994431,-0.35355038289947616,-0.8337599356289281,1.4478559532990252,-0.26309209231636155,-0.26377294187199046,-0.27444745523117153,-0.9439566681221144,-0.9713695299784739,0.8903308478691425,1.129852037938321,-0.7254713196688077
9800,4400,1.1236053188276642,0.35156378338092836,-0.28188257755401946,-1.1668492417160863,1.5641746906709546,0.23010073718581062,0.9681081256515391,-1.2665688690476973,-0.19502568952066096,-1.3372079038856983,0.729365069222253,-0.7389498916116084,-0.019273145490227763
9800,4500,0.027442734969583882,-0.12695396971631445,0.9928212906104629,-0.7997993894980598,0.1685173077774065,-0.2542284071704607,0.09720577211485339,-0.6336481955357136,-0.583236523465006,-1.0656918473050476,-0.09478125140307636,-1.132399434649012,0.9755245420471818
9800,4600,0.1170516913725821,0.8760025957787086,0.5663497713379092,-0.39181252189147003,1.0989369116281613,0.41612002623310734,-0.3358335345261218,0.7455897153236034,0.5657764019609085,-1.0513572693685107,-0.48888000958849653,-0.38419954685437213,0.41418456977181395
9800,4700,0.9801924158803951,1.2484377320776654,1.04139344264472,-0.5321200215954335,1.3585623821219246,-1.1662192608614668,0.4027270074644911,-0.015022003387323152,0.889624470527313,-0.01768252598037729,0.47001964552303416,-1.250638207044819,0.30191948655766515
9800,4800,0.7839071144442439,0.9844885653286828,1.1862451496603974,-0.3015936305672353,1.6325171118991197,-0.7714783570788376,-0.06482380667007186,-0.103459024909004,1.382910590098876,0.06258431319119674,0.26412173914718945,-1.385317823959769,0.1266293730982134
9800,4900,1.238079302623984,0.754768233408234,1.5199427922693498,-0.4655825098326433,0.8451446418535129,-0.31601077689147833,1.2460632987420275,-0.9644665391063202,1.3471292611351962,0.8365960122070547,0.543806908335481,-1.4447097923275138,0.19375125805038912
9800,5000,0.4983489144755605,-0.28282022181388555,1.1509076439403152,-0.7232047157532777,-0.2754673076976618,0.17131070076428392,0.8762263693680417,-0.03075539807712896,0.3491115424955857,1.1659698783552173,0.0009101735349124205,-0.7288697720168064,-0.6599604465697636
9800,5100,-0.7939836881845552,0.7521188962635741,0.4229266558862894,0.19230907277702322,0.8128750620392713,0.7975541674999793,-0.9825520668510513,-0.688705348577221,-0.3160794242967813,-0.4487857275305559,-1.5642125529742548,-0.6208561650045717,-0.19708867754207252
9800,5200,-0.4549207138677999,0.47048026822528377,-0.5299190679638357,0.27532404661374366,0.01985052950025093,0.9210556528030978,-0.32440880011730977,-0.7229824787847334,-0.2166415064728862,-0.039680720270668206,-0.8119033739806486,0.20240219976086818,-0.6102828606826042
9800,5300,-1.186099392776216,-0.19630097552942122,-0.26553816997419827,1.3907595694522623,-0.4456855530882406,2.261216325594226,-1.217246919772588,-0.30695661123252693,-0.5640129065546448,-1.438361261653739,-0.8362952925616719,0.09879272179172013,0.09032226034683653
9800,5400,-1.0147824481165069,-0.9893292666047151,-1.2592127308708814,1.4058226677044239,-1.184234702100078,1.7294771315418518,-1.3512553260810205,0.36532857132087065,-0.6180888990194655,-1.0108081638237247,-0.664747334053855,0.021009945751585372,-0.2671545643125253
9800,5500,-1.144571503200931,0.05649362589404166,-0.16829801775629646,1.4024289214295251,-1.3264109637987627,0.6986916813647545,-1.0086211658809352,-0.9261539563832016,1.1489706735894283,-0.7180962753122795,-0.9298142716373372,-0.03920875769475696,-0.09775882753719434
9800,5600,0.06346738679840959,0.8148589970362774,-1.150386985333724,1.269880950562805,-0.759269762050307,0.8234672179155875,0.4108835517817388,-0.2720945305301663,0.21658519027374284,-1.1220160829390684,0.38905611554880454,-0.455787027630487,0.7729834503364155
9800,5700,-0.8392899916786647,0.08951582557666399,-0.7681429181669553,0.9571460876235027,-0.5695762163893803,0.4525959826049784,-0.5811807199747578,-0.7944490618895661,-0.35462977346366775,-1.184255730574442,-0.5097506766533373,-1.151838318912882,0.41363128146804995
9800,5800,-1.123865988802276,-0.13197559689238836,-0.5000153900252772,0.5042347409837225,-1.239556059962965,0.6022516041360583,-0.978736477194615,0.3610600827327729,0.45531613413194644,-1.5367442075538653,-1.1156378993681406,-0.6527393916068904,-0.0699398520212179
9800,5900,-0.9247999600597009,-0.289827979810787,-0.37734296206142537,0.5096127434523962,-0.9646834150185162,0.3046664070340716,-0.646331761579914,0.6067839394651422,0.26883118632302566,-2.0889779553840393,-1.2379918847833682,-0.6343894095112742,0.5852204935310882
9800,6000,-0.9704526967175222,-0.996164243245087,-0.5888680570518231,0.086484527230922,-0.030754055237229024,-0.09406245257286859,-0.5802890693786689,1.5472253724930067,1.1175932138757854,-1.2895076165782324,-1.1845758778441715,-1.2469467561906464,-0.5928569090226854
9800,6100,-0.7337119614772823,-1.2531340899788919,-0.1995519406582255,-0.7302662691159904,0.06827608814660531,0.9105839602909729,-0.9446450979605849,1.8856713436894723,0.7039587064105977,-0.9898779094345566,-0.47401679313537265,-0.566596397524778,0.2649590532369102
9800,6200,-0.5202534397564376,-0.6350614094128537,-0.49972109646037877,-0.2954494003876374,-1.087668670875041,0.19163858003837592,-0.7749695270952975,0.3987098402921276,0.7946770923893708,-1.0094713439097724,-0.8733532358490884,0.6103164103877381,0.3340037797523579
9800,6300,-1.2468898941591189,-1.6664850926321362,-0.5456521120919492,-0.27606921633267306,-0.9026326881570073,-0.12180183788660165,-0.6189390180364178,0.7715679328978086,-0.21903579672290505,-1.6786419355943394,-0.06385028447839775,-0.17318015625861008,-0.0352494947617714
9800,6400,-0.6787061272733139,-0.8618251748990787,-0.5037932450408339,1.2086451706822887,-1.305024524994358,-0.6251685621718505,-1.101968424815758,1.3304894313820388,0.4108227759838172,-0.8442062945707351,-1.0267044453365255,-0.8842879894207876,-0.7880908702685943
9800,6500,-0.46164849136915614,-0.7661901095771707,0.7794584903467138,1.2952438805710822,-1.8987454182743824,-0.39826721645839164,-0.6275697468434206,1.5406425543346598,0.7124252143692817,-1.4629157057742914,-0.7399272460220905,-0.4550543658994981,-0.3077069558990457
9800,6600,-0.1013323710538119,-0.9612644963318778,0.11380262732959108,1.8333311354735409,-1.0342568868449988,0.24794741808010948,-0.7503607543651927,0.13926719687968891,-0.3794136455864609,-1.663280362150308,-0.20067473081687462,0.6760264759089943,1.0189552267671258
9800,6700,0.3539302057713017,-0.12198380526963097,0.6827111561588031,1.4841704028156595,-0.8723713496062749,-0.016403171953044207,0.6377020429687166,0.811828455896476,-0.5235493309748945,-1.0059546305778684,0.7682835021845876,0.045883841047108874,-0.1604373765053907
9800,6800,0.1394199495435145,-1.0779070511438262,0.584231423760062,1.4639485906269816,-0.9506087994457972,0.9812757204583192,0.2674172022778456,1.2312119327541975,0.31801763473925226,-0.8396835729548808,0.17075563669617666,-0.7659065409510584,-0.013370874508403099
9800,6900,-0.7155864528568427,-0.8893431772977165,-0.48485375188325985,1.3739472128734145,-0.9337210045706575,-0.03520202974323859,-0.0979233671190346,1.414226343536457,-0.5300847633248914,-1.202152697558165,0.036869186082370754,1.3009158894043207,-0.4931873319724734
9800,7000,-0.9364831665594514,-1.244703098462977,0.0354043293719634,1.8840722347301249,-0.6740638866518456,0.21324600754689285,-0.9286406621819528,1.4070938542631068,-1.3930270214594767,-0.9450762732348013,-0.791390138303222,1.0495282855093289,-1.614115548115381
9800,7100,-1.3888542653668756,-1.6574638644511053,-0.06596346172419457,1.4058380187713873,-0.8083167394627301,0.7830152139675305,-0.6027278159233525,1.0097462261300971,-0.5079862309513186,-1.0683545354748645,-1.4555386716297274,0.5056926368248387,-1.5859138115927924
9800,7200,-1.6478854206115163,-1.1668148030697598,-0.32837659116414253,1.6828590702327675,-1.2758538089850708,1.7690222181820117,-1.6324791285058475,1.4036268327610706,-0.7128679741178191,-0.8843180182017601,-1.417707305418301,-0.3792440506816579,-0.9604785919542638
9800,7300,-1.7787907484627006,-1.6709872319976131,-0.49309777163420904,1.8860331223798628,-0.9168979371873832,0.9065094998256529,-1.4579043784108927,2.00470505470788,-0.48140489532684716,-0.5278335275590447,-1.509191445737955,0.46040591103880457,-1.2456209084303629
9800,7400,-1.54897074900882,-1.4338669743473078,-0.1314062026059064,1.9614625221539619,-0.5240403907495268,1.2208414806452088,-0.6858009230628942,1.6110094406754598,-0.7689119043092724,-0.344465862320535,-1.286249695381912,0.13265247800477692,-1.0437806844541826
9800,7500,-1.8351092182577042,-1.3762439900023944,-0.9376154965194865,2.382991402440018,-0.8079507284604972,1.1211537077461442,-1.1136016025371753,0.5123275203557226,-1.002001657301088,-0.779768747810871,-1.6634949376350763,-0.26982673128225704,-0.7078863087613142
9800,7600,-0.8633308985645799,-1.4939537387731008,-1.529599391582741,1.4145911751572666,-1.033287736501418,2.008158931222139,-1.099352051691077,0.7146410114963161,-0.6170442990288756,-1.1511080095299584,-1.2223867763806004,-0.22541378838902595,-1.6228668892281737
9800,7700,-1.529759652035054,-1.487754609175132,-0.9813342886857229,1.4087622902042891,-0.6704956144550854,1.8199060907022688,-0.98623977853598,1.2739345961327666,-0.37025812087514115,-1.1985133796463312,-1.3925933723339865,1.3152846706220378,-0.7733003108788791
9800,7800,-0.7728258461831706,-0.5934687506774396,-1.0291699666133176,1.6785820960792697,-1.263926445733396,0.4197479946354938,-0.9263344335618062,1.0449732203096824,-0.5656655288458757,-1.515410713365367,-0.4501111321943082,0.8530884671659341,-1.0590006183962717
9800,7900,-0.19523915681663795,-0.3704956908469725,-1.0182817516951335,0.6848547386816342,-0.4519618359162601,1.4995825192825278,-0.1254763372971711,0.43016737382330067,-1.5558997002102406,-1.0873261473470943,-0.21423929366230732,1.2906027346004083,-1.1703390571120544
9800,8000,-0.24665131409044852,-1.286888285508511,-1.181020009932988,1.503681630105878,-0.7127156083140871,0.5535898282980688,-0.0668684215229299,0.19577344502702146,-1.1921270470394751,-1.3443013165416258,-0.6510633055039353,-0.1770075707753397,-1.1131867744304587
9800,8100,-0.1299917232661114,-1.1421435120072956,-1.0005725535046233,1.2214430070865296,-0.24850449691939683,-0.8175448509603437,-0.9259210561322421,0.2072828642049228,0.22252299760828007,-1.5139415581628506,0.005738619059831314,1.120189648216809,-1.1296317374328515
9800,8200,-0.34836676872241257,-0.005494027435380109,-0.9818701791649378,1.4178168693074225,-1.0824191659036977,-0.9060937709056228,-0.2544353659794604,-0.239609182202727,0.22373152918655292,-0.40657839573372917,-0.07658351616991066,1.3002654699399507,-1.678911447779623
9800,8300,-1.1339485790651105,-0.9216196562849314,-0.7634015576066076,1.286570800318758,-0.6907545975904552,0.21068644926089958,-2.0348658703298677,-0.3522635005076001,-0.003870145254101662,-0.7726983329962603,-0.8251270016138649,0.8362901660121778,-1.1985207230752473
9800,8400,-1.3016560040397895,0.3262554352689343,0.05534289561966679,1.3209582888448084,-0.20604974674730026,-0.2080156636061865,-1.0901353575644228,0.40454894659444723,-0.4013940595567791,-0.20307521137722637,-1.2385406569957604,1.1452131193840076,-1.1696907629272206
9800,8500,-0.41044528782582235,0.14380010238527144,-0.14907204797785653,1.4974388903297218,0.4132987534395649,-0.06242702253802145,-0.7057961941194644,-0.5080735482366645,0.5297771130222722,-1.0395355089239093,-0.7930424848607627,0.23939010460883248,-0.556551164587335
9800,8600,-0.5178638505164773,-0.07150016615171093,0.5817721891877302,0.5629864837461618,0.8049389240975698,-0.8301656760967918,0.2247061527443616,-0.4913692280627567,0.9661673416075753,0.6247743467391376,-0.7209768971985874,1.1280735356205351,1.2810789737461974
9800,8700,0.49599840037869236,0.07534885683630554,0.7128972828859765,1.0699836756598016,0.646038880245641,-0.9664279533608015,0.11249509444942103,-0.1121221952884302,1.395679635954802,1.0722825199089692,-0.07822725568759413,0.16626256622748453,0.26256868916841547
9800,8800,0.09863579668161948,0.23054874624192614,0.4922057493698619,1.08447591621737,-0.2787227776032661,-0.6805378284236322,-1.0241482091986505,-0.07073895574108152,1.1489615914428501,0.5645864591976233,0.34178271913643665,0.2660684531384756,0.8783140572081558
9800,8900,0.9077184003976264,0.1213617754837109,0.4561901893896916,-1.050348367487294,0.46249754966160306,-0.7269575169345069,1.0412216964660255,-0.5580063684044337,-0.07050637218665819,0.3689653315339495,0.7258897061585177,0.7323699865651846,0.2956961060065752
9800,9000,0.30622016071208813,0.01723867777955692,1.4121888921665795,-0.26155918239683734,-0.4987966637901605,-0.6411755637275045,0.4472202116446463,-0.1524814207143028,0.015858206082570925,-0.6279965425573653,0.04602693740900048,0.8983802155708033,-0.12548792645399523
9800,9100,0.8162808139487853,0.47999529317665696,0.7432778465955184,-0.7495137632753307,0.19020006210096946,-0.6184208250759462,-0.21549233982448965,-0.03051380092264772,0.20909089910962003,1.085391904121704,1.1489016288514977,0.45496809506517116,0.9799546365898804
9800,9200,0.469468744552854,0.8339283217407825,-0.10119798046654176,-0.7035367091784629,-1.1771764566831224,-0.6202072121168565,-0.5570117214045638,-0.7212710664682501,-0.6298758173123984,1.0611445786748557,0.22899845015037826,0.6335435337875555,-0.05177605180674172
9800,9300,-0.7598439110119358,-0.9021219583688558,-0.14436119167383402,0.3627587891316019,-1.264691652278731,-0.17697476111400784,-0.6358745986579959,0.0029699893553880885,-0.8701877610075481,-0.3322771994968812,-0.6301727388103341,0.6903888440987533,-0.5886490690909957
9800,9400,-0.7599973393956039,-1.4966179341994008,-0.33257120920857614,1.4135123492133277,-0.4859011712743285,1.4767871272464146,-1.5106590322272098,-0.09732104942269847,-1.5278417551312997,-0.6732816184650813,-0.6412541440631226,1.4218585442085672,-0.8210633108119878
9800,9500,-1.3295487665563395,-0.19877232225992283,-0.9571257889593661,0.8853175233767127,-0.7439679471140146,0.893387565450623,-1.1925692462146738,0.931577769151978,-1.3167574215242517,0.5132635484671227,-1.026988464196282,1.5240048985097794,-1.220347285125943
9800,9600,-1.3173457911613904,-0.3644510071321255,-0.6445689259152552,1.1366366612122043,-1.711694924930764,1.5543670656511088,-0.8896821812826744,1.3816582505421011,-1.3434169937701446,-0.8606844687823371,-0.9544865561146086,1.9712046567185295,-0.17504330430790682
9800,9700,-1.2226443269971807,-0.9126742529222338,-1.058926708618581,1.2030907942432745,-1.8294012522415117,2.1059903898917662,-1.3197410454823737,1.3770023206454534,-1.4194421708123763,-0.6232402150413227,-1.8111004393856562,1.0528961436914412,-1.6254713740741347
9800,9800,-1.2394215136326963,-1.1689273709308032,-1.2439236878884563,1.904498300678097,-2.010150120167292,1.5511906795044665,-1.6767692389135174,1.9406729559110243,-2.010582185397596,-1.076159763456488,-1.6552657546028857,1.9020285156718615,-0.9440155482177054
9800,9900,-1.2111731890158168,-1.6773503782527963,-1.2283017446947335,1.0426018768461314,-0.9530089900384017,2.079852029866315,-1.3938764062906936,2.034435570170504,-1.49656364028722,-0.9476513164261646,-1.342310387688475,1.8436633601269135,-1.7586400842850671
9900,0,-1.2262094547867841,-0.5553237083560976,-0.10911527468718289,-0.25019800555275407,-0.6223802168081073,-0.625888235484288,-0.9234929370044926,0.28129434512908186,-0.9925991689480748,-0.5507923707361109,-0.636319307579386,-0.4218059139494466,0.3636547516283097
9900,100,-1.4557748289115962,-0.30431728918017215,-0.15939068905014664,0.8201250285635396,-1.136192072837696,-0.974465837031904,-0.7446678554182954,1.4397854647457609,-0.6939977333179127,-1.351505168568644,-0.8365435786007889,1.0139590914618282,-0.6450752466424176
9900,200,-1.1193498318382378,-0.7899200053673858,-0.6465076413585745,0.20215171977037485,-0.5574905164233994,-1.4578148123739954,-1.2327193501857274,1.1523765550505627,-0.3030149238925463,-1.0381196566164261,-0.5052609422969168,-0.19667677753954518,-1.3536306592771699
9900,300,-1.3997285631194312,-0.39106948829283616,-0.603793844233032,1.4364187871706553,-0.22615021047480802,-0.8566884549607473,-0.9240208309304365,0.42254961849431305,-0.335760305431112,0.4320600317040551,-0.7521022991911268,-0.5023689654303016,-0.229671145599013
9900,400,-0.12325929304871316,-0.6984639735224069,0.9187929368794642,0.49705040103877296,-0.0954426174842079,-0.777642287341933,-0.6720700146980731,0.30359947178277713,-0.7394032513308784,1.063974529106502,-0.482862624978226,-0.12305010973770807,-0.20413587284253004
9900,500,-0.5154725568247137,-0.4107788095129988,0.16221467352026414,0.1873737685873798,1.1529047317466894,-0.3283397713462638,-0.023465369124908337,0.3562990611205181,-0.11865985910393503,-1.3792319584572277,-0.43356608286786885,-0.5117048110915509,0.06059344879998794
9900,600,1.0426856954491046,-0.44532214412924964,0.6259302733440458,0.28985559440235037,1.207752558327518,-0.7836618769438931,0.3349358456988665,-0.4028560816039813,-0.5948340824358376,-0.3213364525558459,0.584946722981265,-0.5203063572334948,0.8192979609339676
9900,700,0.0724251905905833,-0.3148191939960066,-0.4365475921022548,0.09629233459325831,0.043378557928407,0.24095216676364836,-0.11837015051754901,-0.5055051272765222,0.11785468399482513,-0.04059601543291278,-0.09462965067935952,0.214721303905043,-0.2688032506870254
9900,800,-0.18912152698508372,0.48246870446597817,-0.3835226023872001,0.8406646424824834,0.024390729988461812,0.43724660554667294,0.09220727800359119,0.04479514611083855,0.25794557779155025,0.2130820563265545,-0.2932399441592249,-0.43572092140067753,0.28705886942377057
9900,900,0.47085833441229746,1.016412769206303,1.9156493537898163,1.5283198286697488,0.678019873011561,1.2000641203081368,-0.5673299477572996,0.12252794450163328,-0.18772375736513128,-0.38582954187564905,-0.4578099183179765,-0.09483668204210356,-0.40502708078672806
9900,1000,0.3352403692173597,0.7002580389476948,0.11577547904989731,0.9652789867395278,0.3306463763049967,1.7651806706577524,0.3349788059892868,0.6610712331304393,-0.7919160016214912,-0.21547996744199274,0.13033741755472142,0.0615179991665548,0.3963879078000531
9900,1100,-0.11087702578025493,0.15399962659235453,-0.5781733997677463,1.6059080975144595,1.650061400573292,1.229061301007165,-0.6585429685616091,-0.7184207044984092,-0.661253077803349,0.2734249312634755,0.9931785786497622,0.44637359535898574,0.06749921497572836
9900,1200,0.314216394917452,-0.24715585907177215,0.11898203698918972,1.1057873248100316,0.45998929099495595,1.8225493284035381,0.17032314432861057,-0.9569161626477776,-0.23760637983586166,1.0040377027057414,0.2659680789970166,1.1307454708022315,0.8256162406893207
9900,1300,0.13717207904857892,0.37695522611623955,-0.17172591929088019,1.8995346437999698,1.1340655913417794,-0.042158389337018085,0.06233217116453125,-0.24583016254833487,-1.0334197421198568,-0.227603881363973,1.055639907092963,1.7427113573712538,0.41308580186131405
9900,1400,0.6880862478356933,-1.041028526967115,-0.11408557599027058,1.376744641868755,1.648145934217495,-0.4985511740772321,0.5326930159060971,-0.008044048211176071,-0.9084886171440837,-0.6976417054803233,0.21613885625569182,1.7510203700095532,-0.18745172683550054
9900,1500,-0.5741237292026612,-1.3429367337593765,-0.7175633925611468,1.4252540395955757,0.9451839736894171,-0.654774199358448,-0.8028069621438539,-0.7905846799585406,-0.6276551597813527,-1.0534445881680832,-0.19852622216996027,1.7156596330964216,-0.07814462432597108
9900,1600,-0.5666323874151884,-0.9002565694535554,0.5121398519278241,1.1689727192695003,0.23575633519626085,-0.48977215883961395,-0.7130896439950648,-0.012332179165900455,-0.5602035695553296,-0.7427280343165452,-0.6085018368944769,1.9209348986930908,-0.13060477940362777
9900,1700,-0.04947743419802009,-1.366988687242425,0.9432955179898816,0.06742703109786671,-0.18061146123970742,0.17469675130940185,-0.42004727761349947,0.7441413130262466,-0.07647738691470857,-0.750539441989807,-0.5322520600965639,1.4648159648820533,-0.9091408610491138
9900,1800,-0.3069280793548342,-0.8516150099909952,-0.15788360082903324,-0.7065141772525808,0.44317637571920276,-0.4073853768762185,-0.5787047418079693,0.09112520586218267,0.09884194008083423,-0.6026789639029526,-0.9577535391756414,1.252215201555537,-0.4856568944154482
9900,1900,-0.572317528147839,-1.1683085998468623,-1.0075760896520365,-0.2122115950291378,-0.35679486467516014,0.40952980776035414,-0.9407287033625893,0.17636411723019238,-0.802970505833009,-0.8953798093290168,-0.9945044160915865,1.3701260857181063,-0.298040584285327
9900,2000,-0.6405612363031659,-0.26892448716905737,-0.6157690096474103,-0.05046180240745635,0.6293687271748533,-0.2671406565050014,-0.3551997832453809,-0.08574908564218564,-0.6043126464419819,-0.4449862736581222,-0.22428245877025535,1.5749015902153787,0.021464388265715072
9900,2100,-0.0782314029500093,0.12629620706692835,-0.4283882021109145,-0.20916461516524762,-0.3190564013590948,-0.1007421564874343,-0.176128179777908,-0.04367727059078425,0.8182674706341484,0.031865510308735266,-0.6272280467106323,1.75072720375725,-0.2077589527434719
9900,2200,0.09558806491726464,0.4856053193369425,0.6485899035064728,-0.481048768019863,1.4103999656562598,-0.5938035756043283,-0.20932744675996864,0.053267323769869035,0.2282218606893764,-0.8968765185294213,-0.044998520788370834,0.8560661674369382,0.5127025223452347
9900,2300,0.7058150368710131,-0.2837062126368521,-0.6815988834151728,-0.05080457368570656,2.275903016853761,-0.8576038361365684,-0.09374620726324355,-0.6496290350968503,1.1579906647009652,-0.5137838150699272,0.5046043957307381,0.9715931957339834,0.7336659628167971
9900,2400,0.4431970052728616,0.7618011531584374,-0.6173621702547617,-0.16104079610142505,1.7823561421117713,-1.3490127523564082,0.43953182502126587,-1.253943223149715,1.3538284581354147,-0.5155849395748098,0.8166299711380901,-0.08647035736435742,0.2301624400475271
9900,2500,0.2481851599690945,0.4732339052490486,-0.6700467647169933,-0.28832454593799023,1.8523519074552697,-0.7607632501063337,0.8916937219445799,-1.0715503504245019,0.5142181545100143,-0.036844806061451414,-0.16093612371275837,-0.07373811871216539,-0.06606021536695673
9900,2600,0.6954368927938264,0.40024603246255425,0.27077304370653665,-0.776152849997625,0.7229180285667294,0.05636741464588326,0.9898552449784193,-1.182704951544511,1.0408532715448886,-1.0806559550348922,0.6769436324847817,-0.5190651219507424,0.049774035038320015
9900,2700,-0.41904109529515127,-1.11638299818174,-1.6296125625632942,0.6663893860405248,0.17622680999200901,-0.674651566395229,-0.36339764088309096,-0.8902018742500999,-0.06167040261497764,-0.874855232302896,0.20009729422609648,0.7910931894815267,0.6476330530767123
9900,2800,-0.9693322118310452,-1.1941191650362173,-1.027616661666544,0.6817036909171222,-0.384361487660559,0.18652872532633924,-1.1713171144244727,0.1291413453793146,-0.4142438955767134,-0.8032401647236821,-0.41359687746415763,1.2436550471878776,-1.0525499455859835
9900,2900,-1.118817420634555,-1.0971534522459832,-0.6822850113387198,0.17229251420620825,-1.0000494230537722,1.6037252909127395,-1.8994502972437073,0.7746558435012183,-1.3436998739744748,-1.026514196995261,-1.0178775637804078,2.0023247590601754,-1.4893606503829235
9900,3000,-1.4194788067989736,-0.6943760321904737,-1.4396704876548516,-0.1945071107748736,-1.066961282842955,0.9118373689647005,-1.6593708664602065,1.2573095718910319,-1.2080829488972356,-0.531725575406699,-1.085952676367699,1.8286223331676918,-1.3832615150102432
9900,3100,-0.7786273517241232,-0.8106463459228506,-1.2241643353868483,-1.0385297154039879,-1.5916332821628476,0.5994860874093674,-0.4795281257461772,1.1257671545736796,-1.1582395531027916,-1.169422841007038,-0.28551330920884843,1.4265592683503847,-1.6408684273200986
9900,3200,-1.3666465754323989,-0.6647435738369784,-0.9893970553402153,-1.1608056579411505,-1.055177240732222,0.09498316700545897,-1.1644784193130293,0.8801000756966254,-1.4255256811862802,-0.849146591765157,-1.3576929380745377,1.4708550452234417,-1.1871021037917107
9900,3300,-1.4643933306989312,-0.9725508318664601,-1.1654521702279228,-1.2442622485483152,-1.167176892510263,1.2534127371145267,-1.5198885093891241,1.4094070239792769,-1.3762015131662766,-1.2258870195487572,-1.5300433568242016,1.015148574578011,-1.1411066913116303
9900,3400,-1.786690978476565,-0.9343026051811981,-1.2633882458254126,-1.3781731462373181,-1.0984056656563115,1.6741146799772086,-1.447433853288645,1.5505555778602174,-1.135416932577929,-1.6953497644664646,-1.0619701384769618,0.7936768710723064,-1.5661679895870997
9900,3500,-1.2835617830255968,-0.2316083046017572,-1.31201033165252,0.07038107673605659,-1.23641024624538,1.326262635315216,-1.0190114384403535,1.4595987365895928,-1.1302992101307734,-1.0622159824221413,-1.6860472867546887,1.3792851815439164,-1.6556098683382472
9900,3600,-1.5739860522631228,-1.0574686788490486,-1.6671199022090522,0.3627240772162302,-0.6523170430464738,1.7888246819159586,-1.2091400456047032,1.401398193964055,-1.0054087289253986,-1.6692252761247335,-0.891261055076209,0.45958096261251413,-1.070517662584002
9900,3700,-0.8977011962386992,-1.2308238380477567,-1.1751268999055022,0.8742103894244555,-0.5224192930633039,1.5274881932526518,-0.6975027221587672,1.556015835984776,-1.7924329304143158,-1.9833975618346507,-1.1369725864108973,1.0469753306229803,-0.772254292057969
9900,3800,-1.99978783076641,-0.9100048220891545,-0.9684611838024949,-0.22235624226301207,-0.34236147616575924,1.6955379842050817,-1.2951241822225161,1.239631662709143,-1.1147635132629818,-1.7129436905368622,-1.6364747754136908,0.3056260797338776,-0.22633665772078299
9900,3900,-1.4066215513162454,-1.5746420578034364,-0.7342880863694148,-0.9534242764532345,0.37840603379336324,1.9568292937308795,-0.803682139999472,1.4524905783890134,-1.1316707057125701,-1.471200634293534,-0.30102394555094797,0.43475684429636724,-1.756398314515971
9900,4000,-1.3396837318386197,-1.548885367014618,-1.3833639123507528,-0.3182881428077822,-0.5749003461981589,1.2592352549468793,-0.861947682741087,1.2603251910756939,-0.7872823812620593,-1.5192753210658547,-1.0931028037013109,0.8253021483563626,-0.38476271725788047
9900,4100,-1.093297775901867,-0.7775181375994763,-0.9217450992069174,-0.3246690556017951,0.9565485471723918,0.7587342873060061,-0.31039588523116146,1.444920125044375,-0.9681050014304081,-1.4884534709278552,-0.48206900699751165,1.0431797256677138,-0.30644805359568844
9900,4200,-0.9303758758148474,-0.8628379591530594,-0.2793858674799889,0.3341670601913075,1.317686058874954,1.098351445854219,-1.3572564718410618,1.1200579099599677,-1.128728520200244,-0.4402256954532385,-1.532441436191841,0.7272994503094873,-0.713965304983836
9900,4300,0.8438916840519269,-0.06881845994541362,-0.6309326225829779,0.09125738184110752,0.4813504640254225,1.2431355554076715,0.32867827399312755,-1.1052910572447823,-1.129533123643855,-1.34771089128364,0.8667583818065703,0.07481630059168486,-0.2639441677297788
9900,4400,0.9127908368890161,-0.011693918667804316,-0.42211040789236465,-1.4993142468435323,1.576438657985136,1.0214800492992586,0.5778880876274256,-0.46362235653854705,0.0038402672521723395,-1.2813186915028862,-0.28859974050237874,-0.4919745856198952,0.02163234211592504
9900,4500,-0.10663017601220762,0.14545017482967024,-0.39127610417117553,-0.42831923352594475,0.6498954358168686,0.055008067765227535,-0.5504993428101118,0.049364148331896465,-0.38564060996624705,-0.5431826361688523,-0.4877419453645589,-1.2786513734337026,0.5648342441613471
9900,4600,-0.8154242143846507,1.052052500745636,0.683107852510164,-0.35332031510097256,0.28363962276466964,0.6386539512676804,-0.37393154018629404,0.5211533336985896,-0.16235827390454963,-0.2941166358579,-0.09422835954492592,-0.7393073460353382,0.03181728887971213
9900,4700,0.6480917973654026,1.256026005029977,1.355397527326506,-0.9360895684802603,1.0404843928678011,-2.0129599058440606,0.882021885511315,0.5024632413837068,0.5885510551591785,0.10511721653362002,-0.12142489957151502,-1.326785545758571,0.06592227120593344
9900,4800,0.258298356303773,1.0757004480588646,0.8220613223892465,-0.6243919890608136,1.5861668734797667,-0.9218625779854933,0.518781059627213,-0.791224295368302,1.610605354307006,0.08680911537682841,0.3167464486849098,-0.8910712250712585,0.3512855612832966
9900,4900,0.468509519448533,0.8015964050645467,1.5735238973698078,-0.7888115388845732,0.9000564235953803,-0.7116392155117535,-0.1732827634867983,-0.18142804504768892,0.4667584224382621,0.7763577098277307,-0.049233705234576285,-0.9642674172766765,-0.634898371680001
9900,5000,-0.12576499795286267,-0.9252187715516087,1.3049231293767183,0.11174918315738769,0.4178607192268847,0.6074261884596045,0.3748389828795398,0.1050339579402186,0.18930137243469738,0.5963232787297433,-0.254798630973145,-1.1526371018403243,-0.7181729923893253
9900,5100,-0.5647916369700511,0.852661332574019,1.2325396178991013,0.9619404562249804,0.16877160526001725,0.8692240715372288,-0.24535363162224413,-0.5271892602799093,-0.6219631237971586,-0.1358478291677904,0.15337630332021238,-0.3370464259360388,-0.17135045366678628
9900,5200,-1.2220998926244762,0.19897065526206742,-0.1332967549909563,1.3477016430320294,-0.1534946052081741,1.067827204586105,-0.4992178872189142,-0.22405999093102286,-0.3667364157104001,-0.5273645539304612,-0.6709688837607394,-0.04634864681651007,-0.2796073242540329
9900,5300,-1.0396054160910133,-0.6606440656806185,-0.32582708160760016,2.081579005915585,0.2733656014818766,1.6319022041250866,-1.513031304739114,-0.2570820712263782,-0.7329093882372991,-1.0781665253312454,-0.5713190182280693,-0.021069778969196942,-0.3219793146710558
9900,5400,-0.946092752976755,-0.5392966554670295,-0.7705274920333715,1.7167038022751742,-0.4846283981964932,1.2643154128078429,-1.5653061668416521,0.5725514735382843,0.34373316275421034,-1.0565031408727508,-0.7997599239315555,-0.055000354917042624,-0.22414180626477145
9900,5500,0.2721466553037463,-0.2784739570918591,-0.6113414081051449,1.9598850278068414,-0.19887324829603498,2.025400867939297,-0.9186402678165076,-0.2515805658307087,0.36657349100193004,-0.7273544176778748,-0.3362157127171037,0.6551856822864055,-0.17103672560414174
9900,5600,-0.17404880536795223,0.7131827211607887,-1.1862171670338777,1.679106025171178,-0.7186147213945457,0.6474040108715211,0.23792931223777372,-0.31617079008198956,-0.014547069167995605,-1.0552200125963647,0.31015724153697377,-0.7914651963940437,0.4830144930360852
9900,5700,-0.6487838861865609,0.7590598690300444,-1.7421981900104953,0.8103837600186743,-1.4468106618033172,0.6818611300233477,-0.37882200277248346,-0.4972133763963222,-0.0031554597059676014,-1.2771460527013,-0.07167247595979358,-1.06092336272192,0.4204928976693277
9900,5800,-1.1990803946313964,0.002289768929568377,-0.4338108478773547,1.1586118345962353,-0.9207190572293217,0.24886099911242268,-0.7443039959881723,1.1197453291329518,-0.34645909308054507,-1.1189393375021115,-1.0732660337038928,-0.8088368204758571,-0.7747792429174009
9900,5900,-1.1083019173870712,-0.5361057023311232,-0.7194210611924,0.6798443872274805,-0.8801227217938042,1.1437854636251532,-1.3563918071286913,1.4249023622166688,0.4085459438814369,-1.271241034586779,-1.4863180138510406,-0.24885082310293913,-0.18121570230105344
9900,6000,-1.4640640367745061,-1.012187925998455,-0.5366732935105872,0.6296835868286431,-0.7302680990414026,0.8492955922730652,-0.8122055220877131,1.0499313745094991,0.6642689783162345,-0.494880144334448,-1.2153090314864066,-1.0097996267883755,-0.9884465701887459
9900,6100,-0.9475159714942711,-1.1647239355790566,-0.2227742848580817,0.674605023515331,0.07811979774833819,1.7189196241484663,-1.191612400388975,1.176549775331864,0.10710071519306465,-0.6617303337434213,-0.6211882137949957,-0.7347479664129671,-0.5878125307870602
9900,6200,-0.35158463643178556,-0.9406233248257359,1.2010795947876014,-0.5471708725915834,-0.8496782292333094,0.1307180472835206,-1.4094530762117738,0.4606557044279961,-0.43281021186342694,-1.743345571660045,-1.7977359248646718,-0.030033513901334498,-0.38953894219840224
9900,6300,-1.662091861275576,-0.6681908640155626,-0.05893479439223962,0.24583136598815084,-1.2826362453781661,-0.25421576694005565,-0.7187380516974503,0.8648640727052717,-0.29815077223624037,-1.0069531491035484,-0.9915757539618288,-0.49565860876531065,-0.3857928813975093
9900,6400,-1.0463680052306394,-0.8233049166982954,-0.7839239077721681,1.3731365030386173,-0.8631537927807617,-0.4027987278600298,-0.38631047504403454,1.5002525755889768,0.5607037476763422,-0.680887841450725,-0.8896463522267335,0.04867201323352603,-0.46387635899372087
9900,6500,-0.7585092870210488,-1.1793443136074906,0.6686613759290047,1.285318941001796,-0.9136992157109575,-0.30153226657885934,-0.40397750983279396,1.7247806576947162,0.8204784816973706,-1.3414621638520212,-0.24902043627118028,0.11713272279234557,0.313394249459709
9900,6600,-0.04324821684134424,-0.9598761080630631,1.0215740183198858,1.2973910517320104,-1.1054218164089111,-0.26280395609439827,0.028925916686688313,-0.23445896883498366,-0.2234426636297885,-1.0741909656927267,-0.5769723947168943,-0.3060758474347071,0.2517289946584841
9900,6700,0.20048474215906362,-0.24374487010844437,0.7666272759928167,1.2306558742357399,-1.8508210406043373,-0.21541480593259388,-0.23900294400781322,0.387990932030739,-0.26746630483933076,-1.2174803610756288,0.8907419756130098,-0.17230852201979707,0.01798915535361131
9900,6800,-0.5820639147997869,-0.6077450374657496,0.02036914250339727,1.472758642506613,-1.7738288103779496,-0.6166233983511725,-0.6520137247320126,1.2320530917354173,-0.26339758122389656,-0.5352111161603755,-0.3139956572406122,0.6299293246892698,-1.024122105134375
9900,6900,0.02331037707296701,-1.2561243947300604,-1.0220464093974189,1.7050136003432097,-1.1001929698029487,0.5310901350457466,-0.8816744394725915,1.3417076395236462,-0.2590361540533223,-0.3791847193990032,-0.7705683413709149,0.7769362666130539,-0.3574267192683048
9900,7000,-0.9434080007214345,-1.2062707257095417,-0.552196242017668,1.2807024579598514,-1.3773989113374505,0.545130389839358,-0.9949803912333745,1.5713641931647369,-1.1879745633769727,-0.06980746222108508,-0.38082990198011324,0.8313342536501002,-1.5663224159366125
9900,7100,-0.7601318522488668,-1.4229827234957857,0.2902516581317526,1.0994990375384281,-0.9508289972928698,1.0922514507630883,-1.2327080450818242,1.4908201688286864,-0.461447956080119,-1.0073832979482116,-1.5628046319023723,1.1437940014291947,-1.6426511952395468
9900,7200,-1.384207593541334,-1.3513044186931544,-0.9236052729865808,1.4496201639931832,-1.3321739975566704,1.4566295000704783,-1.4627197202081317,1.2035480427483753,-0.9846532393734898,-0.6791397310630861,-2.071495190360803,-0.6150142268637486,-1.8202548472221398
9900,7300,-1.7432011624230337,-1.4281689549515268,0.37078704854259203,2.339508585509977,-1.0723423121634195,1.2691821456554926,-1.6479117305032556,1.7679697517749853,-1.0168068883614847,-1.4039501805339112,-1.5679501582762656,-0.3350006670119018,-0.6506252893509933
9900,7400,-1.1270077018385056,-1.392714897589483,-0.5456371314486865,1.0965621646499653,-1.0001237805515073,1.164576444106437,-1.1713663607608087,2.049187322877489,-0.8636590830880927,-0.4341137501906169,-1.1582116571302374,-0.021718578512213267,-1.3375101882157567
9900,7500,-1.660984745731613,-1.3987461494788742,-1.1658654519730285,1.360898410326699,-1.5109031360673184,1.3611132106055825,-0.7822998947430483,0.7066934765553061,-0.6845741220263296,-0.8682491408786258,-0.7013163418473377,-0.3938001550941484,-1.468528258025634
9900,7600,-0.9800897618972146,-1.3012236384096594,-0.9410291703864138,1.6904213546120315,-1.2067735332008285,0.6677301287825018,-0.6145902407687986,0.932458027071505,-0.5176362902861787,-0.8078037267823963,-1.1121794763024355,1.3685045876367952,-1.4200296929914469
9900,7700,-1.4213486146244323,-0.8162918091555238,-1.1474113934812489,1.8424570490450352,-1.016261260429746,1.3642358149693858,-1.6547534654234424,1.0816066665617428,-0.5105764486241033,-1.9279279447327908,-1.052033210877594,1.6070627260066306,-0.5545470546725076
9900,7800,-0.8975186859803844,-1.2532259685687686,-1.0212126749418333,1.7640564954373577,-0.7327853333358165,-0.5473132513833145,-1.0594246253883355,1.0648582295461952,-1.4300419144623118,-1.103839038906199,-1.1162629156833845,-0.11401146591486584,-1.1719749608358778
9900,7900,-0.04172207403074816,-0.6939206204105537,-0.8406347913204889,0.8670793316050214,-1.0473928653223454,0.3616123576703169,-0.7367775730242272,0.06720114299200518,-1.6809471091614245,-1.0878085729837947,-0.2848370077532786,0.5727907816292722,-0.4669383588631725
9900,8000,-0.08532758956351445,-0.9203485280575141,-0.9200117689461713,0.9154175159821736,-0.5702042044615067,-0.5416727095828678,-1.818572049975202,0.4601958524703298,-0.6689556335918354,-1.1087065185400033,-0.28600899871484875,-0.4103844071532879,-1.0346656334912039
9900,8100,-0.7268893988791718,-0.9761801979225068,-0.8347063970755974,1.7344122416109398,-0.5573707217230378,-0.2681282300668769,-0.19901008953568547,0.46138097737204964,0.06393060313903168,-1.0555862440154302,-0.8037068746718519,-0.2052017204788511,-0.6502938899012813
9900,8200,-0.29109515707176464,0.7638067462705698,-0.8296408444843558,1.4795308458875773,-0.18260552442034828,-0.6069511232280435,-0.4569988915731234,-0.699186738001303,-0.14407918744237522,-0.7607730194845049,-0.11801050907210502,0.8277544276404111,-1.6513043880380145
9900,8300,-1.0953754745358657,-0.8396747143916723,-1.3121952541104869,1.554169990150749,-0.49594638116553236,-0.3913178523065978,-0.4543037541268081,-0.5098360547774123,-0.15996799629873668,-0.2448285829809785,-1.2140757434996687,1.4125846808277902,-1.3167484086518877
9900,8400,-1.560967789998956,0.3128350136961766,0.10707872092786758,1.5002568069855329,-0.44979311859008786,-0.7354658588999164,-0.6705382193979758,0.20252217180757048,-0.675812277146002,-0.5443323571157463,-1.1144312331626316,1.4805954205097849,-0.8926538685574469
9900,8500,0.09233093783788233,-0.4243350085524417,-0.3227587160513969,1.7029249556018218,-0.7239351862014317,0.5985931966493399,-1.0522272372776904,-0.05778124534761902,-0.7190163763806784,-1.2645090867165738,-0.4093739669398597,-0.26706264608806934,-0.5952008886709849
9900,8600,0.7710775011955777,0.46517225429887565,1.2490092868785772,0.499844329540904,0.3645284707589606,-0.9021255915417973,-0.2526450349000091,0.4832386704867853,1.0127322746770406,-0.035465283557020874,-0.2663324857912248,-0.11758262238724575,0.024362829724168707
9900,8700,0.3713493280491682,-0.1427133206638878,1.251489953068256,0.6080308105702411,0.5138992953849694,-0.5723540751401611,0.18643961739232218,0.39437906380127363,-0.09971441757154945,1.1987843987183138,-0.5888700533872874,-0.1386281800444274,0.2887586145725492
9900,8800,0.01724413992827122,-0.4317768150256044,0.492444951675002,0.9128956283910115,0.09593872799420698,-0.3898469539213691,-0.6380649639673425,0.10745119053243266,0.8196139488733135,0.14543137141604184,-0.2541431734322537,-0.11576162238594058,0.6817282468189012
9900,8900,0.43535911627979573,-0.34137036550294847,1.0087539012930204,-0.7500055857985994,0.5279902214865125,-0.22220925825929988,0.7074478168211326,-0.43514398247125496,0.20819950902114984,1.0655792918873883,0.9585742010313948,0.7917265606999785,0.00789380308971536
9900,9000,-0.4949166952376786,-0.4294669773047128,1.012935203718407,-0.6279606391991736,-0.8229439811949755,-0.039598158052840664,-0.33367125296860994,0.4560101245042072,0.9794983061410386,-0.3213552432943006,-0.9302889436125108,0.4086484311936328,-0.13942817238113941
9900,9100,-0.2374395336034773,0.18300802465935082,0.5764194820203338,-0.20368702108788092,-0.03478057715822387,-0.7311941953378902,-0.3205699114292852,0.156543555176997,0.41227248050742216,0.43331752219692515,0.13461377989587311,-0.4819733296147077,-0.3148165159433365
9900,9200,0.3366573803325709,-0.3952807708932549,-0.47735905439553544,0.6907999116661783,-1.2453574899296487,-0.5429480228266784,0.027394753206945552,-0.28750964807052765,0.047613403144875395,0.6251805067907398,0.35054190081001824,0.3874023064837272,-0.40997029686512393
9900,9300,-0.03996391610921861,-0.8997917375861987,-0.012554645913839146,0.8691097625436544,-1.2333634861676583,0.0635604705384928,-0.4889795729196341,-0.11449842256862305,-0.8379513715780532,-0.09640673375734288,-0.4247526916873123,-0.004411268301079232,0.5817064942462152
9900,9400,-1.0588072162203495,-1.1484846444708878,-0.31645321343505933,1.2864833977579069,-0.9545712895600043,0.9446598898319251,-0.9302261801148044,0.7479021965130173,-0.6002048540213362,-0.4957542957628348,-1.1333324640506723,1.4053752730279045,-1.3669995678217228
9900,9500,-0.8543431451249084,-0.16880965750199708,-1.436951577973937,1.0795098435135118,-1.3092221306221472,1.459778183494191,-1.4280850023027012,0.9467339896189504,-0.5963090401329861,-0.699009257785917,-0.933989930699834,1.6813179084328196,-1.6268703334247936
9900,9600,-1.2020806986388544,0.2428760146933196,-1.0822391883026907,1.7070470619578892,-0.8937364002612596,1.640294690120771,-0.6892643956491812,1.6960916074683814,-0.7577800200084818,-0.9368394246691205,-1.3807580801455563,1.7768994545033003,-0.6754855104070415
9900,9700,-1.0452931527309022,-1.1398711058889273,-1.457308126003262,1.906943134963794,-1.3309790485714132,1.9914669010225645,-1.2319130071329982,1.4549107450875083,-1.1575088105686042,-0.7880960640911266,-1.3689956207148843,1.6665647933441754,-1.3023781698106638
9900,9800,-1.7393701550175555,-1.4461860280533108,-1.167261979383452,2.0658930566747586,-1.4450130910985233,1.7495419920679398,-1.6143934479334365,1.7881455271063877,-1.1978337075304786,-0.6717481315596114,-1.189279716582166,2.23553177054301,-0.9025475371287651
9900,9900,-1.9816929801757983,-0.6705146441930759,-1.5437608890342633,0.9643785199662745,-1.1364206743512684,1.4490611313745774,-1.285513943839631,1.9179814513924447,-1.6291516981367178,-1.5261997200527564,-2.1435899977390167,1.5793940686125871,-1.1028413021390795
